Car -1 -1 0 52.00622033288024 206.2647994415725 191.3731781968303 264.2770490415676 1.4894598 1.6515303 3.7832098 -15.179311 2.6311436 22.710752 1.6411729 86.62137292833059 
Car -1 -1 0 705.0650626243832 180.0501063769269 781.7679053284008 241.46378460348248 1.466646 1.590202 3.4458413 3.5065038 1.67776 19.406094 1.6227107 99.38165357195899 
Car -1 -1 0 785.8686668580154 177.50962537606495 981.8511728706194 309.1177857328081 1.5027848 1.5957701 3.7358093 3.6523778 1.5815718 10.292616 1.6390165 111.72292453501076 
Car -1 -1 0 189.99191316558134 195.57442859626585 266.2920163455978 224.154791703647 1.4993429 1.6578627 4.1445756 -22.958115 2.94241 43.60618 1.8552213 14.222584618569243 
Car -1 -1 0 411.26834817171965 189.40376026312165 468.3090190281345 208.20921555166296 1.4266794 1.6287961 4.31118 -13.974418 2.8289137 59.433945 -0.46900928 14.728476779665872 
Car -1 -1 0 695.0790423147976 177.78798681770687 764.6123953045975 229.0880640848899 1.5317278 1.6267747 4.0312448 3.8955598 1.7092948 23.949514 1.5683593 14.627850551754891 
Car -1 -1 0 273.855183263992 189.1130001943603 337.1622997341597 214.36850849430078 1.5568451 1.6331506 4.145115 -20.815702 2.724059 49.571754 1.9155844 5.17433404703708 
Car -1 -1 0 334.07431433483475 190.6722392659156 388.4688099694815 211.38996042798266 1.4065146 1.5635927 3.8611355 -18.74442 2.806451 54.6184 2.0618532 12.481478881420042 
Car -1 -1 0 567.1363367447466 180.66056880265597 617.2015302354725 200.83971322056163 1.5654881 1.6222978 3.7611206 -1.4218659 2.218671 58.787178 0.47745734 9.915723381815594 
Car -1 -1 0 466.9416434052616 186.92839405289882 487.97226759132866 203.9429547159834 1.5596563 1.6470815 4.22583 -13.133434 3.0046635 71.90721 1.4899342 0.746895850542871 

