Car -1 -1 0 325.2055968745167 176.25327298075658 616.8158121703583 369.10677567263315 1.550369 1.5924473 3.6883116 -1.2001419 1.5968297 7.866358 1.8636463 130.9578164104232 
Car -1 -1 0 601.8917303694025 177.88612627017488 719.4549898024395 263.50784886238375 1.4474235 1.5614218 3.6564593 1.1443832 1.5616819 14.4064665 1.8676373 140.6673592048332 
Car -1 -1 0 942.5368403835314 197.29202468960239 1242.0 375.0 1.4623809 1.4852387 3.076738 3.8957038 1.7290103 6.184389 1.8660929 75.59546094000832 
Car -1 -1 0 886.131012346296 178.83600256409227 955.5289873520351 244.2144299415534 1.6429399 1.6322585 3.1328504 8.632511 1.824994 20.205929 1.9288434 56.250616215844715 
Car -1 -1 0 740.9667429609618 168.3771319965946 786.4683676144167 208.10743776564638 1.7110457 1.6976298 4.0591955 7.1601386 1.5182425 33.26378 1.8702021 29.831736216978797 
Car -1 -1 0 860.8426869665007 173.22025041138176 887.3586437335397 195.24374128921286 1.6162044 1.6609353 4.1134872 20.209583 1.645361 55.232418 1.8619404 9.565898376152063 
Car -1 -1 0 879.5589391977018 181.77081931822846 933.3799387279647 230.6366388566419 1.4811174 1.5771899 3.5311801 10.0340805 1.8078283 24.505793 1.9405707 5.047550878348036 
Car -1 -1 0 771.1472927282053 174.16930764648674 800.2794259018737 202.25255220245538 1.4982119 1.5249438 3.7226293 9.958202 1.5759914 40.67383 1.8270133 6.334107507747621 
Car -1 -1 0 591.4235971499128 168.3424954310064 702.7423002943775 208.82308892405155 1.5208067 1.616905 4.116481 1.4936745 1.3513148 28.498554 0.30618864 10.566503705037121 

