Car -1 -1 0 659.1036403364665 170.12797828554835 775.1201525015779 265.7568730005833 1.6816506 1.665211 3.837366 2.0292265 1.633713 14.633138 1.5382347 125.5466734796679 
Car -1 -1 0 879.2031004830966 174.79616938894327 956.2208805926226 210.26179825600755 1.5146483 1.6295506 4.1799836 14.054388 1.6096224 33.165543 1.5341368 30.859149526428467 
Car -1 -1 0 356.65881263248525 177.57791160550963 472.5079593610219 214.0470222334543 1.4305354 1.6645963 4.398259 -7.928253 1.631774 29.65985 -0.11429221 104.67090276697647 
Car -1 -1 0 826.1003546174671 171.63595004298665 935.7955896700332 233.28772695059686 1.677963 1.6986017 4.3515935 8.040556 1.6448115 21.8179 1.5757347 50.75423175394697 
Car -1 -1 0 399.29593946176493 175.9510960843757 491.00141045503574 209.12923870171176 1.5374818 1.6382406 4.0271244 -7.7987213 1.6891646 34.46826 -0.02524793 18.58825157101173 
Car -1 -1 0 559.59582180042 172.4233820913008 586.4141418827352 201.0490761592702 1.798347 1.6839998 3.889069 -2.3767412 1.7712941 47.30625 1.5300586 22.167678168915774 
Car -1 -1 0 498.5593041581409 173.55331835351654 523.7413778796916 192.67991237455735 1.4585458 1.567661 3.43256 -7.7272267 1.5153465 56.877403 1.5551013 0.8610205917524767 
Car -1 -1 0 602.2089329214745 175.75397169030794 626.3053830377977 192.13464305965468 1.4607542 1.6101531 3.83426 0.4073957 1.7385027 67.08308 1.4059875 1.4976099632255344 
Car -1 -1 0 639.4847335383896 157.57926812275255 723.8143204971386 240.13712529278413 2.038208 1.838803 4.719122 1.879199 1.6611017 20.18279 1.5600598 1.440674427750268 
Car -1 -1 0 460.03829906183097 176.83142820328493 521.1277109708766 198.3824033076353 1.488947 1.634461 4.0162554 -8.394552 1.7756145 51.095016 0.046065804 0.8935435445400194 
Car -1 -1 0 1082.0073148108859 180.99700754990405 1234.5537614238588 236.9076056393683 1.4995475 1.5889412 3.5563219 16.389874 1.7665474 21.778925 1.4158082 0.26908013224601746 

