Car -1 -1 0 78.76336469650036 188.27236394336677 236.1299673749676 259.55094477707695 1.5501354 1.6880244 4.1221395 -11.494512 1.9950082 18.711182 1.5112154 73.76950518477292 
Car -1 -1 0 634.7876205739628 171.89102633616537 681.4738125478714 210.2891340391837 1.4935827 1.5899022 3.5794039 1.9541993 1.4561255 29.878407 1.5410721 46.69205830133723 
Car -1 -1 0 316.2254471294988 180.58679440030008 521.0816116119213 257.1812702579001 1.4842011 1.6070306 3.8447495 -3.927525 1.6574003 15.171196 0.0991272 106.2290103594633 
Car -1 -1 0 665.838763133199 172.03532355563544 745.6344345969999 234.73792971513907 1.502378 1.5761175 3.549553 2.44556 1.4827621 19.077156 1.5525739 39.47208799827321 
Car -1 -1 0 308.1124116524418 180.49146989907152 376.9843360048674 220.36526077039053 1.6003485 1.5964677 3.7032495 -11.582066 1.9538647 31.535295 1.5847723 8.893355815518992 
Car -1 -1 0 330.1745708978603 181.48887396350503 407.4009560465702 226.62538069324742 1.4692515 1.5919192 4.045154 -8.673185 1.8087568 26.3202 1.5358149 10.212488632246021 
Car -1 -1 0 135.71101380903784 187.6125413296416 347.43537542201585 326.85562918332084 1.46453 1.6130639 3.6583173 -5.147851 1.7049494 9.871059 0.81294966 65.80079849094955 
Car -1 -1 0 463.6081503337037 175.78376748230667 553.835924867104 211.96057168426955 1.4522469 1.6126757 4.061555 -4.410601 1.5869625 31.228937 0.72336006 18.542610049985417 
Car -1 -1 0 683.3434770993451 140.48697586900832 838.043055002392 264.511087128656 1.9445275 1.8470943 4.706046 2.617064 1.437057 13.686996 1.5470629 72.00533866298753 
Car -1 -1 0 357.1719117400119 178.97538338017605 483.69349540221396 237.52514851665717 1.4514112 1.5890697 3.8810768 -5.355808 1.6388063 20.186398 0.74783283 1.0481129440387762 
Car -1 -1 0 402.3785118527802 171.38276795469005 438.9368380404519 196.32586037501827 1.4701152 1.5670729 3.6908538 -11.583941 1.3834023 44.430843 1.4873743 0.2560678720474243 

