Car -1 -1 0 916.8490238064411 158.29295570595212 1081.1149925396546 229.92730362212978 1.4467535 1.6899409 4.370169 8.816061 1.1526732 16.805779 1.6329346 77.55253092922197 
Car -1 -1 0 538.6763524718477 174.97630713115686 660.9116463390084 229.41610284165625 1.3925331 1.655549 3.9494658 -0.17491364 1.4597515 20.737116 2.122213 77.65702504785754 
Car -1 -1 0 1004.6599038044752 158.62350259680485 1188.7366524905551 223.92633385833173 1.4357295 1.6492729 4.0440063 11.861509 1.1228617 17.938969 1.4997427 53.955126839652436 
Car -1 -1 0 690.6312183409636 173.25930595569028 775.5474780309225 235.36217289449712 1.3430581 1.6223847 4.1551123 3.1609716 1.3543346 17.854069 1.8509521 39.16336542888834 
Car -1 -1 0 150.70640749253405 176.85943817131238 248.58205311161637 244.69273812111481 1.711432 1.7858243 4.43052 -11.87644 1.8394107 20.764406 0.8989969 86.15296340009404 
Car -1 -1 0 494.4092961434078 176.4919222403385 606.5828767005593 223.76878173064551 1.3652406 1.6166606 4.166487 -1.8022947 1.494375 23.394888 2.065032 38.81299837055011 
Car -1 -1 0 1069.180714650394 155.41447086225875 1242.0 217.83182027621118 1.4591364 1.6362191 4.155243 14.448962 1.0514507 19.033348 1.4412639 43.313186905275124 
Car -1 -1 0 457.37858235308425 177.0208031266012 564.8471636865798 221.27999403182883 1.4108516 1.5991 4.1393604 -3.3892407 1.5714161 25.608858 2.085694 22.628630050473195 
Car -1 -1 0 412.6112405167061 176.64203462303303 508.32041098211255 217.93004844889634 1.4238989 1.6317432 3.9610476 -5.564395 1.5790906 27.41867 1.9579053 12.543822748506221 
Car -1 -1 0 742.2428334988439 181.04099996107212 829.9482919701188 217.55310383029092 1.4878349 1.6146364 4.008675 7.8834777 1.8728528 32.082127 -0.6451802 16.886000071962453 
Car -1 -1 0 383.1665917792197 180.7603966740727 466.36559504577036 218.35320546820944 1.3959681 1.5697538 3.8055286 -7.5157743 1.7439083 29.704185 1.8662407 12.77790123176022 
Car -1 -1 0 791.9643459454102 177.56229597731425 882.6619260157327 216.78414790698085 1.4917071 1.6249819 3.944274 9.42561 1.6979276 29.745413 -0.66618156 17.850959094980528 
Car -1 -1 0 847.5409398197107 176.22306126135592 943.3100262139249 217.40514206196372 1.4669038 1.634753 4.0608044 11.100685 1.6061258 27.914497 -0.67055917 11.942104389009808 
Car -1 -1 0 614.1627902424796 158.82635029261525 675.9765980987953 183.9536969089071 1.5176187 1.625668 4.2518325 2.19934 0.6703892 45.780167 0.94882417 4.269964150028488 
Car -1 -1 0 667.9952810443925 180.4027411669917 751.6315541038792 212.97589043560816 1.4927514 1.6295055 4.0569572 4.990566 1.8854672 35.72244 -0.59758204 4.299972049984339 
Car -1 -1 0 643.3265921043924 182.8199375354716 725.4921039536878 213.52610900955185 1.481652 1.6353385 4.019549 3.9071388 2.0231767 37.549244 -0.48286897 1.9626252796212191 
Car -1 -1 0 299.5067758823201 177.85321956420654 383.72142869785284 208.07892429907895 1.5402174 1.6422429 4.0021305 -14.52658 1.8244002 39.193336 -0.61294913 1.4724828365252771 
Car -1 -1 0 902.0028391579036 175.59479531940988 998.4021589139002 218.89698063956504 1.4325027 1.6287973 3.9681754 12.32201 1.5385063 26.008121 -0.6971654 0.2536601722240448 

