Car -1 -1 0 664.595619784409 184.01252970966493 768.09275011057 258.17766529839236 1.4260073 1.5364708 3.9821396 2.3066802 1.7130638 16.524136 1.5044084 54.699322596679096 
Car -1 -1 0 48.82879084697983 193.59319496067556 440.49083506062834 375.0 1.4678833 1.6302828 4.0696964 -2.6627555 1.7112868 6.3838606 1.5044777 101.85979165934843 
Car -1 -1 0 749.1142249135121 149.58341887722494 1136.3320720733404 375.0 1.8339311 1.6079104 3.7632203 2.455677 1.6890271 6.3974752 1.5412769 119.98856236607796 
Car -1 -1 0 448.7123297277826 183.9553536417754 535.1641502789284 245.31052174689117 1.4635758 1.6952647 4.070966 -3.1380067 1.8026528 19.994843 1.5805272 81.4811528509734 
Car -1 -1 0 529.9806856555335 178.06056263439666 563.9897758990851 206.87183655990435 1.5458649 1.6317813 3.87826 -3.541035 1.8583336 41.359497 1.5658064 19.02607148849867 
Car -1 -1 0 706.190767661153 182.2669354902797 875.9142840271344 304.5131402820162 1.531913 1.6045082 4.048096 2.6289275 1.7070934 11.391857 1.5550961 41.29422791884204 
Car -1 -1 0 626.1155217489293 174.06509163126344 655.0869527841365 201.11241537303357 1.6794308 1.6523285 4.103026 1.9832658 1.761868 47.05044 1.5557798 10.264717749564168 
Car -1 -1 0 557.0982615187661 177.5894638038196 577.862026348943 196.6962752215836 1.4991541 1.6592118 4.2975817 -3.5033333 1.9066911 59.89908 1.5075034 1.8529389987576732 
Car -1 -1 0 508.68660560721463 179.0333758801447 533.9154876375662 198.79216120367417 1.4899745 1.5425642 4.2491584 -7.0419936 2.0038838 57.875088 1.5612901 9.425711963054292 

