Car -1 -1 0 363.4030619964269 191.877894449128 448.7625494020781 246.66373886831374 1.4699585 1.5330577 3.5316224 -6.2145853 2.107899 22.40093 1.6105206 78.88791050753292 
Car -1 -1 0 659.1300747052354 175.3430421721688 721.5375211165 224.08931021228477 1.6055398 1.6394753 3.8764057 2.82197 1.7018378 25.941065 1.5240579 71.54508038316068 
Car -1 -1 0 463.7857407997782 182.9313997912323 509.3540448486177 217.72793448051007 1.5852832 1.6445384 4.204748 -6.106351 2.1206715 36.21617 1.5520333 32.415248112026035 
Car -1 -1 0 413.9721618274304 189.67721550003705 481.4738961879166 232.7410128611831 1.4535184 1.5963676 3.877566 -6.1602006 2.149067 27.862156 1.6113014 48.45953000786398 
Car -1 -1 0 0.0 204.7578766273198 96.15903880577056 246.7283443135339 1.4626086 1.6058881 3.7657738 -23.411785 2.87128 29.951283 1.5393282 21.07971459428533 
Car -1 -1 0 40.475874782011 201.61044090010256 145.24199614767338 246.1654949326308 1.5392094 1.5959756 3.6762397 -20.733286 2.77381 29.138927 1.5717278 30.78076815179878 
Car -1 -1 0 532.0841935978391 182.04483605592733 556.6636518568733 198.7665964704054 1.485965 1.5960388 4.0257254 -6.1546826 2.3848846 68.48903 1.669612 2.095730860986103 
Car -1 -1 0 627.5651360604994 175.14802140026424 645.545718170372 189.58605262073294 1.4515009 1.6220286 3.7164423 2.783933 1.6959913 75.018 1.5409373 2.4069913947485 
Car -1 -1 0 109.18496850961601 201.6764387372607 203.70509524213978 244.33699929386006 1.4521592 1.6226661 3.8565495 -18.22073 2.6986065 29.221361 1.4981661 2.0443564282774553 
Car -1 -1 0 513.2614057422237 181.31578168646308 535.5036500035716 203.31185515636562 1.4859025 1.5440972 4.2944603 -6.1823707 2.129443 52.660362 1.4691776 0.5759024082308544 

