Car -1 -1 0 443.1961912693035 179.85881651049442 526.0995758783832 242.29588998197923 1.4948161 1.6254385 3.6044674 -3.2693982 1.7014945 19.484268 1.5675707 81.41329405917016 
Car -1 -1 0 724.6269506087326 184.06228172630492 935.3147789954443 328.4223396253587 1.4392651 1.5906386 3.9535055 2.6078525 1.6174105 9.48493 1.5790601 108.07776542421541 
Car -1 -1 0 679.0242072094949 176.2717371736187 793.0137156789689 263.57169274086107 1.5243162 1.5955268 3.6326408 2.4123318 1.6020346 14.574811 1.5496649 83.72498457979019 
Car -1 -1 0 145.21134076235487 187.33807063323408 375.75264564909196 265.33657764253957 1.441999 1.5743558 3.904231 -6.9293156 1.7547326 14.634668 -0.08201715 119.66556392685003 
Car -1 -1 0 298.29329977334766 176.14938927735784 453.0294230885767 230.86366721110167 1.6961555 1.7433102 4.4704804 -7.492352 1.8074481 23.42471 -0.03223726 24.73478646343676 
Car -1 -1 0 222.66530495894244 171.4607519025877 413.85134026905695 250.1716591279084 1.8122754 1.6921114 3.9869597 -6.9681463 1.7801965 17.575638 -0.059256434 71.50499871502574 
Car -1 -1 0 662.3189123601702 177.38890942896543 741.2444817274096 238.97281825080938 1.4417334 1.5569029 3.558981 2.325455 1.5721028 18.949358 1.5525435 26.731463901206144 
Car -1 -1 0 644.8882023137613 177.48275902988564 703.8291534727219 223.85088859729277 1.4648497 1.621156 3.7008634 2.1739986 1.6374805 25.03906 1.5447669 17.991929519049037 
Car -1 -1 0 634.0324308761911 174.72718710600492 679.2515280633941 212.88111251434424 1.5195079 1.618664 3.5857403 1.9491359 1.6039653 30.722935 1.5497653 18.59064754533802 
Car -1 -1 0 363.13909393019344 176.27690954400356 476.967217491094 223.6426519760486 1.6645215 1.642661 3.8002217 -6.872053 1.7945567 26.452854 -0.07324266 4.486304682842366 

