Car -1 -1 0 787.2541529432793 185.238220029315 1098.0664957970714 302.5033010128543 1.4710177 1.5979271 3.6727166 4.5634103 1.6620408 10.189641 -0.07814354 117.2781501127003 
Car -1 -1 0 452.61441813611464 177.55908397644413 490.924801679745 203.529578249824 1.6667395 1.643519 3.8031003 -9.417673 2.000589 49.12689 1.1232901 19.699228841918238 
Car -1 -1 0 0.0 183.43224520449442 285.7746372880106 286.12477681315414 1.468058 1.6091614 3.8995342 -7.437207 1.6490171 11.423716 -0.059676416 137.84430852605752 
Car -1 -1 0 734.7516678870521 187.21192817079108 985.8160126099817 280.2352062198161 1.4564548 1.5531025 3.7736516 4.1923385 1.720475 12.414269 -0.041251272 34.5482397423417 
Car -1 -1 0 36.97091151711148 179.3777155962958 290.6345616094436 271.42326040197906 1.5953758 1.632248 3.7786088 -8.30834 1.7297393 13.7614 -0.15586697 26.25190605075917 
Car -1 -1 0 1010.0783220039364 182.60163940297514 1080.4644476574117 208.15555224703908 1.4887338 1.7127135 3.8836045 27.481201 2.1332016 45.652878 1.4138186 32.348107564915466 
Car -1 -1 0 1109.025996145247 189.29508031689556 1168.0292735591056 227.55764109875855 1.3683188 1.584219 3.9308515 21.674885 2.0862699 29.512989 2.2974563 17.734981548138606 
Car -1 -1 0 123.76956940194184 172.8283291403237 330.38335073604424 255.10371008941448 1.7350845 1.6665138 3.809589 -8.5088005 1.7345431 16.360538 -0.17040929 35.561121515176715 
Car -1 -1 0 190.46157937534065 167.42522810016862 363.0134578172453 240.44481422317526 1.7850806 1.6126842 3.8151343 -8.535605 1.6523654 18.807566 -0.19951932 6.465659655452119 

