Car -1 -1 0 536.0971823656661 169.0977472287288 607.0696739866731 200.6828299453622 1.4291089 1.5638268 3.4508173 -1.7699388 1.259152 34.502037 2.200092 54.59762987555466 
Car -1 -1 0 613.5094635898527 165.70589506765108 743.6096773895479 212.86983723047277 1.605025 1.7165493 4.4433193 2.426624 1.3617694 25.6096 0.09029909 118.44428295213154 
Car -1 -1 0 771.2988499495616 163.16698622156372 902.6830257536703 207.19830860569135 1.5105803 1.6444173 4.139125 7.9923797 1.1782483 25.589716 -0.006652778 90.0247493955026 
Car -1 -1 0 1057.6138604728415 153.10924281270917 1212.5223320728587 198.1928338676328 1.5013654 1.6384906 4.10385 18.069052 0.84382904 24.944267 0.047500167 34.1846598060912 
Car -1 -1 0 908.6017470394266 154.90165092273776 1053.9527811382218 201.74646708746334 1.586215 1.6741867 4.229994 12.936649 0.97832936 25.273916 -0.0022670198 106.00527033155224 
Car -1 -1 0 900.3608422665886 154.98675029544248 941.8483621467262 187.93375985513293 1.519021 1.6338788 4.3083787 15.398208 0.69525176 35.558346 2.0354881 10.139443096999948 
Car -1 -1 0 589.9298273575098 165.76515836002164 668.488946458074 198.4368660428821 1.4718237 1.6620182 4.2199316 1.0104402 1.1524792 34.695602 2.206602 28.324708720632195 
Car -1 -1 0 264.55394309560955 178.23382308964926 360.85628284800896 214.73097888751542 1.5526314 1.5794129 3.6140292 -13.081472 1.7974229 31.90038 0.079600155 9.653387588462142 
Car -1 -1 0 723.1266268458791 159.73455009411097 792.3228608980321 194.61519601720767 1.5363975 1.6246474 4.0193357 7.0103893 0.95852125 33.87733 2.2135215 7.276899251832892 
Car -1 -1 0 954.1711037377081 153.02005810815922 1063.129571816668 191.06192098643209 1.5190454 1.5854415 3.6818066 16.514618 0.7270583 30.023012 0.24236706 0.7097018348673223 

