Car -1 -1 0 744.7885281331988 174.39593826357094 825.8242331395137 226.21912243032548 1.4452269 1.5983576 3.8551922 5.292514 1.4967581 22.1755 1.584249 62.44832713236676 
Car -1 -1 0 540.6441925772427 174.40168673539767 604.8254557797451 201.7043965504118 1.5710586 1.6089472 3.5989203 -2.2275891 1.6676503 43.36944 0.58287823 60.08918420623596 
Car -1 -1 0 359.485580617182 183.21187109909792 442.77960463400586 209.8643588446452 1.4452825 1.6780214 4.4485455 -12.189865 2.077063 42.25194 -0.47190377 49.58679626263156 
Car -1 -1 0 137.9204319364299 185.25171848003134 254.45334300011535 223.13984670145535 1.5278105 1.7038281 4.482979 -18.800892 2.1368957 33.055016 1.9961843 43.28290518490352 
Car -1 -1 0 250.7580026065102 183.32827242101567 334.387432237899 213.4577368820201 1.4403056 1.6192877 3.7605433 -16.591963 2.0201194 37.919724 2.135231 51.41113385142566 
Car -1 -1 0 457.6945624605056 178.30997479258423 492.3081985736537 200.24875711310966 1.5761044 1.7740048 4.052298 -10.19137 2.0067875 54.906277 1.5990872 16.13001532599528 
Car -1 -1 0 0.0 192.3554299243122 120.82115812045315 239.16682008865254 1.4941366 1.6730609 4.352514 -21.220348 2.295107 27.303963 1.9254968 46.56687522331648 
Car -1 -1 0 627.051922526566 173.05601043485274 653.6527907868104 192.5038755646663 1.4738469 1.6399093 3.9326077 2.3867176 1.4902999 56.745598 1.4958096 5.2850226091582355 
Car -1 -1 0 291.44905922072786 180.33619182156067 368.3892636259506 209.81680616941352 1.637173 1.6535611 3.950668 -16.59827 2.101668 42.909515 -0.6786688 3.588204898761662 
Car -1 -1 0 920.1266702649314 156.37589699460028 1002.3470313477412 185.12209635948395 1.5281308 1.5660875 3.6980276 19.034946 0.65216446 39.144955 -0.0029207803 1.237068026205348 

