Car -1 -1 0 687.2527268859654 186.86365576864924 797.3282168839941 260.8906097539906 1.4273055 1.5650893 3.4193122 2.8866246 1.7796005 16.364807 1.4705156 108.30463272314773 
Car -1 -1 0 647.7492798045032 181.48990103009288 708.7795223430624 225.71646964312018 1.4202013 1.6090491 4.1454444 2.4000762 1.7579349 26.106314 1.5189015 48.74066484908235 
Car -1 -1 0 83.29604277556197 193.69441019526704 369.9554878212784 286.56204527016337 1.4268389 1.6100965 4.0230026 -6.3538413 1.8048 12.269102 0.0057945717 130.7477564168384 
Car -1 -1 0 395.47941222822163 183.6825513622031 511.23489326542034 221.6093125072125 1.4844371 1.6755018 4.3824716 -6.416139 1.9483111 29.871325 0.09315721 29.289698898704565 
Car -1 -1 0 273.86497267340195 187.8267888370375 442.9841323891689 246.64979786997728 1.4604955 1.61145 3.9481866 -6.6209345 1.8787904 19.263733 0.04508428 42.56845412219597 
Car -1 -1 0 173.34941618109988 189.82127677818252 390.78302292249225 268.923901813139 1.4726305 1.5339854 3.6989799 -6.5044823 1.8341517 14.574636 0.017450634 35.868633624672285 
Car -1 -1 0 342.0364791272933 184.63360868214778 466.94283302397696 232.04651008060014 1.4949334 1.5493355 3.7111418 -6.8061633 1.9040794 24.1358 0.08291231 13.639783727916338 
Car -1 -1 0 304.92227440400615 184.9624604110132 452.0561883090042 237.09491309300648 1.4751883 1.5928698 3.9283032 -6.857486 1.8537545 21.689753 -0.037156045 16.675316810894927 
Car -1 -1 0 229.18847535592516 190.05038580254697 414.376759038246 256.42407851714074 1.4333055 1.5483032 3.7402096 -6.6790094 1.8588606 16.9525 0.07009989 23.924485116202646 
Car -1 -1 0 643.1364501016756 179.6331279764495 681.6988203478824 211.16132740346333 1.4884137 1.5393085 4.1191244 2.6595483 1.8560562 37.044937 1.5358667 6.89774018378374 
Car -1 -1 0 454.95738973954906 178.17746998582203 528.3090474527531 209.37561406654822 1.6613951 1.6237434 3.6745358 -6.50745 1.9646254 39.9568 0.1890983 3.456344780388011 
Car -1 -1 0 628.5579533081637 176.92147225239435 652.3423198861352 197.75417872108457 1.5458231 1.5819386 3.7612596 2.3748631 1.873285 56.185913 1.5410413 2.046968614231916 

