Car -1 -1 0 261.84709009982333 185.3453767429743 391.5048617243528 267.17970630988646 1.4940027 1.6832505 4.124815 -6.070241 1.8077351 15.975114 1.453089 68.89409765417236 
Car -1 -1 0 744.2880003085577 175.40654958934905 1028.6203822655923 356.2456970047697 1.5273006 1.5817565 3.2696092 2.7075043 1.5611055 7.8488913 1.4687511 99.59286584294766 
Car -1 -1 0 579.1197311213507 174.555687091922 637.322947274076 219.600963361017 1.5521832 1.5950015 3.548298 -0.11490852 1.620042 26.889194 1.3999615 80.89004845345927 
Car -1 -1 0 557.9557159371427 174.3935214348312 594.1572323480165 204.7023341772145 1.4732594 1.5586436 3.6221144 -1.7680562 1.556603 37.163383 1.4388056 28.573755147255678 
Car -1 -1 0 405.98137894313714 181.31852014206487 450.7207750531233 217.31215202965856 1.4607613 1.5635378 3.6992533 -8.011235 1.8605807 32.139065 1.4269425 24.592767205571214 
Car -1 -1 0 150.7393639608147 194.00416887751973 337.074765340882 319.17997317841144 1.4171753 1.5418043 3.639063 -5.200905 1.7891172 10.755493 1.3785508 30.87222437640288 
Car -1 -1 0 646.1665290622691 165.14967266540822 775.7730122360216 258.20303561482586 1.666945 1.6071267 3.6334176 1.9390428 1.5289307 14.852665 1.3994111 98.13771628762247 
Car -1 -1 0 422.64257218308234 176.63142435893897 460.1421939480673 205.96385915077647 1.5628154 1.5970671 3.8630104 -9.494806 1.787745 40.961754 1.4687617 4.540278854442657 
Car -1 -1 0 536.2666596685957 175.47304522519124 566.8035021145417 197.97890418284413 1.5623685 1.6293923 3.783067 -4.264211 1.7606502 52.594193 1.3284117 4.326242289056147 

