Car -1 -1 0 0.3256971005775605 191.86347359028403 213.99685340312587 317.6901159077362 1.4575005 1.6606268 4.488706 -7.6346693 1.8228226 11.473646 1.2301568 102.49145156648336 
Car -1 -1 0 848.7338403855277 172.63926281472527 951.3521690834851 253.56024005333893 1.3756818 1.6504648 4.3170586 5.9786887 1.3720311 14.569626 2.0172958 50.60274499191506 
Car -1 -1 0 664.915010332815 178.2909724586066 803.503887568491 241.36717692552938 1.3555764 1.6198827 3.9656634 3.1886532 1.5058373 17.899797 2.2663078 67.13067860577661 
Car -1 -1 0 263.5838229786591 180.5391397813357 332.8445308085993 237.94865607515854 1.665864 1.8144951 4.1783824 -10.346655 1.9437565 23.818031 1.0941955 53.928330258614736 
Car -1 -1 0 530.1838091614738 178.0519041580833 628.5496700210009 223.35786349299119 1.4376565 1.6115751 3.9017978 -0.9787419 1.6361701 25.465971 2.1016183 15.992272511259253 
Car -1 -1 0 577.899719959839 181.99195344413164 690.0117731569479 230.5493599688954 1.3706985 1.5856183 3.9318326 0.86577 1.6899462 23.171219 2.2348764 19.17728607222931 
Car -1 -1 0 615.2449332812032 180.33548686095517 740.1538239674916 234.45804292922014 1.3564935 1.6415526 3.9781508 2.0453753 1.5926758 20.716196 2.2520657 38.33260725617838 
Car -1 -1 0 503.1037574795637 179.8799893319114 598.7997405726982 220.13814919997074 1.4097211 1.6275426 4.116092 -2.2025561 1.7056613 28.20974 2.1151357 19.18831354969658 
Car -1 -1 0 807.217790425109 184.3081230396149 905.7390561664934 220.56277920003285 1.4650792 1.6449682 4.193781 10.923942 1.9977019 31.882362 -0.46107733 27.223154796042497 
Car -1 -1 0 956.1274457138285 181.0814160135373 1068.636135488451 227.70880073464085 1.4862201 1.6283381 3.9817996 14.14442 1.7940161 25.295616 -0.52156335 20.543264113063767 
Car -1 -1 0 1100.6815120720107 174.07841519926336 1242.0 230.86696360962915 1.5181385 1.6528409 4.006332 16.352167 1.5564783 20.97605 -0.45128453 7.948058954295567 
Car -1 -1 0 1030.4585137150593 179.02070220177643 1162.4644988548368 230.4822036208088 1.5051146 1.6563088 4.1685157 15.645999 1.7172683 23.162169 -0.4557588 4.972416348152428 
Car -1 -1 0 912.2976580418297 184.28708569461128 1007.8755625633265 224.99493911062288 1.4383892 1.5886676 3.7501802 13.6679125 1.9098659 28.091934 -0.5546766 5.269757622072758 
Car -1 -1 0 349.32148998264677 183.06490065729187 375.0115092442489 200.25950914622945 1.4044936 1.6546403 3.5687096 -21.70372 2.3272152 63.23707 1.102493 4.093260327839087 
Car -1 -1 0 425.2359900933899 181.16368906135241 506.9949266668447 210.85136989301077 1.4839431 1.6176575 4.0090938 -7.6569786 1.9463269 38.554153 -0.4464579 0.3141501843929291 

