Car -1 -1 0 182.0449600187269 192.8521459419907 354.37597558103016 302.0261753511585 1.493058 1.5607201 3.476944 -5.617847 1.8847318 12.329766 1.4802417 89.16713851234961 
Car -1 -1 0 399.4061030660498 185.33145510615782 474.5992355509554 231.07670332174249 1.4093001 1.6212462 4.165716 -5.980587 1.8857205 25.459665 1.5802847 45.920800919115706 
Car -1 -1 0 642.9455799327537 174.1593327099486 740.7970107869629 210.3177819474933 1.4816548 1.612848 3.901802 3.5584927 1.5413241 31.334167 0.504427 64.62629142278233 
Car -1 -1 0 581.1246398077147 180.35907667665822 612.2808814569014 209.4039124630832 1.4788351 1.6286936 3.7134333 -0.71272326 1.9100244 39.580322 1.5487487 11.995076459803908 
Car -1 -1 0 308.3195562827804 191.34627733373816 429.9928277368917 262.60086913681675 1.4231713 1.647323 4.370805 -5.732735 1.935039 17.764679 1.5428703 43.64870709818439 
Car -1 -1 0 508.42932233984277 180.44134597245926 534.0411742144322 204.11972630354276 1.5162587 1.6115341 3.8278236 -6.0178857 2.0570185 49.44799 1.483386 10.929023387793784 
Car -1 -1 0 489.7907290793753 183.04028352263197 523.2132373795423 211.07258706552017 1.4959106 1.5979776 3.9082167 -5.945676 2.116341 41.951324 1.5138476 5.015447829679509 
Car -1 -1 0 580.9706665823771 175.59843626019133 608.9179049970862 203.0414652697143 1.6598865 1.7061963 3.9990404 -0.9256629 1.8427321 46.058334 1.5540391 1.1516497716466887 
Car -1 -1 0 731.9584399087005 164.07983127174836 803.9296530880472 193.97559204383109 1.7331493 1.6572392 3.8460824 9.410346 1.2244835 42.97941 -0.17435104 1.070343508723516 

