Car -1 -1 0 725.7417865050181 177.08567730194642 819.8277622884559 216.88868048470573 1.4160075 1.5402696 3.5315843 6.2581015 1.5913295 27.98447 1.026737 78.37772953330301 
Car -1 -1 0 623.5979672959025 176.0401687750808 664.2789836081326 204.2474066927907 1.4867194 1.55174 3.4508233 1.874935 1.6726701 40.277275 1.398114 47.47624515584967 
Car -1 -1 0 0.0 182.14461407927107 349.777149775064 311.35747552626765 1.5344002 1.6374075 4.0911717 -5.7906485 1.669122 9.579124 0.032027 64.60579253454274 
Car -1 -1 0 57.068675864083986 185.1393078822788 346.01082519866407 280.68750652360575 1.4555557 1.5817801 3.910946 -6.6339607 1.6741863 12.021459 -0.014473609 26.57292910475793 
Car -1 -1 0 419.5671575693763 174.60200872320956 505.82247363567274 206.76123128942075 1.5536517 1.656791 3.9458375 -7.2344265 1.642387 35.788795 -0.005478055 16.746213056175957 
Car -1 -1 0 267.8431872611485 174.89050476041143 423.3960525905134 234.72685617923318 1.516646 1.6042025 3.5441275 -6.9379377 1.5731921 19.1902 0.023906238 43.18080235898262 
Car -1 -1 0 608.4777992211364 174.34449548968703 637.9013695305321 196.89652928084655 1.4863268 1.5914242 4.161248 0.9034095 1.5940044 49.981773 1.4798812 2.9932994346145056 
Car -1 -1 0 298.8515558680415 175.7836885123554 448.5990543294673 231.235260041137 1.5479853 1.6138438 3.8651516 -6.807008 1.6371868 21.101543 -0.031530764 12.550576897089508 
Car -1 -1 0 651.0515300262118 165.16877094209087 691.607279813899 180.0291877350294 1.462892 1.6045974 3.9900873 6.175741 0.70634085 72.03433 0.103737235 0.2864263355731964 
Car -1 -1 0 658.5487175702957 171.8389400727132 692.0704132517761 192.7170084579902 1.4902477 1.576268 4.2596807 4.848494 1.4177939 53.718273 1.4370693 0.2862010598182678 

