Car -1 -1 0 687.6786295195242 167.9303266886884 830.0515307349541 278.2571979736264 1.5950315 1.6323909 3.5562115 2.354409 1.5238483 12.220423 1.5573531 120.36393817579378 
Car -1 -1 0 362.6939310892532 181.85993076490237 515.506722405214 235.2368855151331 1.4684091 1.6367652 4.3032365 -5.2247972 1.7703202 22.33228 -0.5745294 99.5751515155522 
Car -1 -1 0 226.31318732170723 194.5352756224054 459.8351024948364 296.6486693876574 1.394398 1.5712581 3.8677738 -4.5426917 1.809612 12.182684 0.5143204 74.50491034445807 
Car -1 -1 0 638.4433129372565 160.56855396430367 694.171264616212 216.28365405011158 1.8451754 1.6663901 3.8622184 1.9573412 1.4383053 25.832586 1.5640757 77.83381497840955 
Car -1 -1 0 83.49052210839903 194.89709189867042 325.65155199932724 323.98321850586984 1.4198276 1.5220153 3.2337613 -5.6107864 1.769042 9.938406 0.54852355 28.095866694821652 
Car -1 -1 0 36.81781529664734 207.41286831351655 189.95890898498374 280.3111677026253 1.3577724 1.5323001 3.6236737 -11.584117 2.269618 17.138842 1.4344873 17.727375728448216 
Car -1 -1 0 614.483233091205 173.81682907601262 643.1661289621518 198.0417959431134 1.5567436 1.6400864 3.8205261 1.3313179 1.6241238 48.509827 1.6741052 7.22590086477336 
Car -1 -1 0 696.2480785396069 165.91531910349389 793.6640744048283 203.82112710009997 1.5948403 1.6303148 3.8515081 5.8663187 1.3029037 31.449331 -0.1487287 6.796722689598106 
Car -1 -1 0 386.2418819308214 181.34849934359912 428.9265819127648 212.40405506429926 1.8166914 1.721786 4.4272304 -12.728586 2.3814878 45.71094 1.5071557 11.170886417205894 

