Car -1 -1 0 878.8324430852152 185.69906085638777 1242.0 362.66437857931453 1.4660875 1.6216981 4.1384563 4.981431 1.6063678 6.9931345 -0.036957163 84.57967636382845 
Car -1 -1 0 808.5588446481837 182.78180069684265 1177.4057470579025 305.6901765920533 1.4577522 1.6050913 4.1095705 4.940828 1.602856 9.626152 -0.057737388 45.089898846524186 
Car -1 -1 0 719.9034377516765 171.63263219869134 948.8680102179865 264.4299638300758 1.7712414 1.7003398 4.163784 4.526054 1.7479289 14.841677 -0.10795773 68.70187824466635 
Car -1 -1 0 761.111342209627 181.5956895238981 1031.012158568288 279.486375985344 1.4940534 1.5977153 3.8874404 4.6666646 1.6513404 12.078198 -0.05486932 40.33520967795754 
Car -1 -1 0 696.7143810285633 178.39473542837513 830.3525058301025 228.2019706825418 1.5118585 1.6017718 3.8901074 4.822465 1.6943829 22.928875 -0.020317955 33.2994623860881 
Car -1 -1 0 683.7125391154399 178.52544902865745 803.0514427274885 222.88022368317 1.50096 1.6065092 3.8830047 4.6927347 1.7095503 25.597315 -0.07162962 11.651702117878122 
Car -1 -1 0 499.1991229822165 183.53551136607564 531.7384375332007 209.9159939437415 1.482319 1.5820065 3.7671018 -5.693091 2.1616578 43.98674 1.5458211 7.0287066140386125 
Car -1 -1 0 480.2073769865369 183.73897192916047 518.9837899353632 213.3994140144225 1.4598463 1.5805241 3.7506962 -5.860958 2.0735455 38.790497 1.5516801 8.38071284490028 
Car -1 -1 0 666.6791718685588 177.09912094141734 768.64584171169 214.62904086473418 1.5334942 1.6433097 4.0465813 4.5230227 1.71838 30.552324 -0.025259657 8.535599925394322 
Car -1 -1 0 627.5971794098775 175.7626987876163 671.108317471584 191.96834317885424 1.4708251 1.5848476 3.7741528 3.7265303 1.7505009 67.72792 0.539378 8.371178295595145 
Car -1 -1 0 925.2834775929276 137.04384325120245 966.7860731325144 153.11849476850725 1.4257349 1.6179327 3.9846175 32.55939 -1.9552389 69.8037 -0.5114562 0.27957597374916077 

