Car -1 -1 0 713.8909235048484 180.7355977204156 798.3351700009466 246.98064678383642 1.4617803 1.6039474 3.438042 3.5739188 1.6787825 18.103477 1.6285679 96.18663145963747 
Car -1 -1 0 19.815424004368907 205.18588814323545 171.73313564203718 267.1495276537506 1.5034528 1.652035 3.7948008 -15.110622 2.5538883 21.492094 1.6401141 86.6382233871227 
Car -1 -1 0 810.2073843629299 179.30492188921247 1053.6176373619708 332.2597723409778 1.4655114 1.5966973 3.7643232 3.700117 1.5634103 9.013339 1.6457877 111.85162059966954 
Car -1 -1 0 702.9317390472687 178.0547674977917 774.4003252803567 231.71192377877125 1.507421 1.6296844 4.1154423 3.9684744 1.6864289 22.754442 1.5998901 29.673386638288196 
Car -1 -1 0 331.6347309687471 188.4053274953435 386.7173750153391 210.03624845126967 1.4529872 1.5745764 3.7568827 -18.483055 2.6475801 53.401604 2.0789664 12.683915107362186 
Car -1 -1 0 180.625443736928 194.28532007790423 263.0242826834805 222.84896837448235 1.4573822 1.7440364 4.2065363 -22.739916 2.78717 42.497787 1.9037921 22.212905883101715 
Car -1 -1 0 408.8534639871652 188.45291728297627 467.5555030769558 208.50754988002691 1.495053 1.6601253 4.337985 -13.809162 2.7902396 58.18854 -0.46921423 16.73586659773227 
Car -1 -1 0 467.064014392656 185.6294362149184 491.0407761913337 202.72682262804582 1.5491164 1.7067325 4.195119 -12.746827 2.8379393 70.66872 1.5409212 4.687533231459157 
Car -1 -1 0 568.1637711821894 179.7872648458229 618.2924056964617 200.81213682354908 1.6001369 1.6283842 3.685086 -1.3102883 2.1690402 57.59168 0.51287 17.14379355019631 
Car -1 -1 0 668.4953897403915 180.485902408232 704.4989354447912 210.83657316595873 1.5002038 1.624063 3.934475 4.072344 1.930148 38.657043 1.6010405 2.8552424937981398 
Car -1 -1 0 274.014627389611 187.93378363834802 336.01467678620156 212.3556224353902 1.4793144 1.6257429 4.0011325 -20.407375 2.5383286 48.518463 1.8813969 1.1734853860913206 

