Car -1 -1 0 960.5073950685803 151.75517200427726 1133.61650263141 256.8712824134187 1.6739063 1.615138 4.028346 8.009736 1.337921 13.633963 1.7968701 141.12926948407204 
Car -1 -1 0 928.4048888852036 160.49728188604604 1021.8568162695203 228.48234947485383 1.6367524 1.620934 4.024928 9.75699 1.3392621 19.534075 1.8756062 68.27997745827783 
Car -1 -1 0 0.0 215.09038258886864 315.43109197759634 375.0 1.498806 1.6039908 3.5353866 -5.6018724 2.1007047 8.8882675 0.3753271 128.91904177377728 
Car -1 -1 0 708.5018617268017 172.51994651871397 792.6594026551596 250.15606529207358 1.5441747 1.6516136 3.9580095 3.319458 1.5375303 16.474014 1.8237593 78.0792230254502 
Car -1 -1 0 772.3604832919441 172.4795816854604 813.188060935465 212.18388381825935 1.5283132 1.5350366 3.3733377 7.5543175 1.5139008 29.604927 1.8440664 20.462191064748616 
Car -1 -1 0 902.8786214194964 155.05017840157765 961.0789570915626 208.056573856175 2.0178227 1.5730871 3.9559786 13.133137 1.340075 29.58126 1.8323369 41.36825530221484 
Car -1 -1 0 894.3935821168242 158.68950210143038 928.8191089051777 197.25988034973588 2.0077834 1.6669219 4.203419 16.637094 1.2704494 39.820557 1.956301 9.145845791402856 
Car -1 -1 0 731.1610310963268 167.12618476579024 794.3846566166677 230.75836427878622 1.6736155 1.6427927 3.792949 4.4894266 1.5229658 21.01046 1.7986689 4.159661501964292 
Car -1 -1 0 545.1841405021526 179.00080869412707 584.6057437418546 198.27713655821185 1.4737543 1.6926243 4.0362515 -3.5931401 1.9928486 58.746403 1.9330453 0.819816498638242 
Car -1 -1 0 774.6254584172657 172.74321276238274 817.0974740102332 206.67353306472688 1.4888133 1.5469162 3.4765244 8.704925 1.4839519 33.55941 1.9314933 0.30162128806114197 

