Car -1 -1 0 675.9215256882313 181.56100529169873 734.7190628447089 224.8863003822052 1.4438263 1.5815711 3.4635375 3.4493926 1.7849998 26.512697 1.5337037 67.7699556707971 
Car -1 -1 0 790.6430467144806 188.8220632365367 1076.0929017709661 366.428402384251 1.4313773 1.5831717 3.6336443 3.2172947 1.6484482 7.976567 1.5905037 68.77112088630552 
Car -1 -1 0 23.34411285537377 184.7915248136186 358.73210477080426 282.74273568198083 1.4078002 1.6353874 4.354503 -6.4400096 1.6116214 11.45078 -0.02355723 141.3159336130978 
Car -1 -1 0 729.1535325888076 176.9903680779552 874.9934309678729 280.78582248407776 1.5808891 1.6462431 3.839542 3.2924652 1.6668599 13.069853 1.5792813 104.15649834556238 
Car -1 -1 0 231.40729251260282 179.96799580425363 430.3741368422838 248.23342141306117 1.511988 1.6641595 4.054338 -6.4563785 1.6883746 17.025646 -0.015992364 65.48338659806052 
Car -1 -1 0 721.8905972728503 180.4926373709375 819.4546516909164 212.50856185542003 1.4445788 1.6036711 4.2001133 7.496784 1.8113859 33.803726 -0.02040051 16.51468104841089 
Car -1 -1 0 337.95150793049135 175.87880614744174 480.8744685445189 231.12156661145025 1.5782061 1.631033 3.8081656 -5.898543 1.6720587 21.546528 0.013488069 21.77373573151441 
Car -1 -1 0 396.963532534004 172.67305385666722 513.1202005321794 220.9081493344971 1.709482 1.6316813 3.8873715 -5.600018 1.703069 26.4376 0.025873046 15.101157352069068 
Car -1 -1 0 293.8078090651568 180.9693363553413 473.5793104163812 241.26606861768514 1.493082 1.6299002 4.263727 -5.8489447 1.7179934 19.058266 -0.058739983 18.30363116642604 
Car -1 -1 0 493.1990790485178 175.28128507557042 559.0649533950626 199.23009256665193 1.6283009 1.6943538 4.338273 -5.7686834 1.8003004 50.18871 0.043235876 3.829865932475859 
Car -1 -1 0 477.96911279728675 173.86632418548626 519.278503728876 211.3980623975128 1.5773045 1.6174855 3.5449462 -4.9076385 1.6251502 32.26243 1.4778031 1.5867827905008915 
Car -1 -1 0 717.6849415251893 175.5342389569047 804.5290762971593 209.09621729021626 1.6351361 1.6966367 4.112917 7.572613 1.7739942 36.349792 0.0910357 2.2095908359155243 
Car -1 -1 0 514.2700910855978 174.30996480866636 570.4075404176508 197.76221588325225 1.7553413 1.7220522 4.2093115 -5.136238 1.8688478 55.193768 -0.095223635 0.8418554756338658 
Car -1 -1 0 367.8962682865062 181.62318252493006 503.75498225415737 227.91210821556479 1.4696114 1.6040688 4.1348457 -5.7150006 1.7717794 24.040964 0.0095562255 1.4115007484048259 

