Car -1 -1 0 425.07718381486677 183.19957728128924 507.4899740229626 240.9982031021339 1.4587717 1.5843496 3.5731702 -3.8041866 1.4078871 19.929712 1.5708182 85.15555510817704 
Car -1 -1 0 308.69166858442566 176.7850514860968 400.08964697112896 233.2184160744938 1.6690725 1.6156647 3.8717203 -8.03648 1.4197278 23.203274 1.5626246 79.26084874705563 
Car -1 -1 0 0.0 171.07940668021342 406.8860968295077 375.0 1.6078985 1.6674545 4.293154 -3.1179843 1.527518 6.2579403 1.5410168 69.54125172305959 
Car -1 -1 0 570.2662476592027 178.79744664341683 611.9650528650769 218.3659888219047 1.5725315 1.6573126 3.3371902 -0.6507821 1.3174576 30.243202 1.5636744 20.112649439578405 
Car -1 -1 0 386.6861412198 185.1810972423787 437.9282264545039 222.3645201392504 1.450805 1.5833166 3.6499493 -8.054134 1.4494549 29.959867 1.4413663 20.77893698992199 
Car -1 -1 0 498.09388717064655 179.7889811518208 544.9656069969234 216.91407668743383 1.5603507 1.6441187 4.0172353 -3.7746518 1.3322682 32.226406 1.5651603 36.719667478894884 
Car -1 -1 0 12.072488294073967 179.1263804866352 183.94801088580576 242.14900469966793 1.3801823 1.5844355 3.7366219 -12.25436 1.2468275 17.616802 1.5635455 9.351418856822503 
Car -1 -1 0 0.0 188.5726017905739 198.6513971043823 303.74277552518595 1.4354856 1.5349686 3.552736 -7.917519 1.4945582 10.8571615 1.5488244 10.781684917934435 
Car -1 -1 0 139.37875789541656 187.740441553034 293.3923668780189 258.1412939620878 1.3943249 1.5235335 3.598175 -8.597624 1.4574497 16.169907 1.5652868 8.257175022078195 
Car -1 -1 0 192.0762884418563 185.46698782115456 294.7344842606148 230.43571294415628 1.4247026 1.5839468 4.016317 -12.417225 1.4340878 24.822582 1.5487928 0.5810520935060351 

