Car -1 -1 0 232.80578344468174 185.51515040211845 426.8737679575282 251.34077344276338 1.4850087 1.6204208 4.0775657 -6.680941 1.8073157 17.491299 0.032704003 82.43884420789263 
Car -1 -1 0 658.2925694719851 174.10123606877502 737.0941855394661 237.84197859555792 1.8052533 1.7356334 4.4252353 2.6639433 1.8485217 22.777369 1.5198922 96.21404367762999 
Car -1 -1 0 289.69570732955015 186.5209533828261 462.2967634916217 243.3636077164585 1.465826 1.6115499 4.21657 -6.3142815 1.8563099 19.80565 -0.0018580464 17.074072061770742 
Car -1 -1 0 645.5661516706041 180.76623907635738 686.241598365619 216.1983193417362 1.5262933 1.581569 3.646649 2.5828195 1.9162533 33.730347 1.560791 8.820433492513384 
Car -1 -1 0 336.03787873594774 186.90980250958566 472.8170697433746 237.33459819330747 1.4651387 1.5663929 3.7621284 -6.2530394 1.9144303 22.24316 0.020016577 14.997811667448758 
Car -1 -1 0 437.02634105121604 178.44259378329866 522.6522186640502 211.61509808140872 1.6152117 1.6637605 3.9814324 -6.488946 1.9037167 36.343147 0.037261933 3.324985848913984 
Car -1 -1 0 814.0864997528987 194.7675373359387 1180.2935197077645 375.0 1.4804747 1.4883428 2.9122815 3.561329 1.7466515 7.1355004 1.1874425 3.3950306353509085 
Car -1 -1 0 386.2755188783388 181.7126887461927 485.3996289230261 225.75048713269297 1.576472 1.5573351 3.3485453 -6.4384003 1.9176669 26.974146 -0.022472506 4.198242397496382 
Car -1 -1 0 636.8425785870452 180.23223894124564 662.4764421529972 205.20901256372179 1.479186 1.5566447 3.6977096 2.5286393 1.9660752 45.729485 1.6197557 0.6571971000533479 
Car -1 -1 0 102.58221290999938 186.29866612818736 372.03745114887266 288.03056447333 1.4905465 1.5238703 3.5490954 -5.8452153 1.7229803 11.633949 -0.04450314 0.8758133207542076 
Car -1 -1 0 515.6966539682563 177.84320245331904 543.2858074215737 201.67825319454687 1.5606754 1.6464224 4.074983 -5.52941 1.9220266 50.18569 1.5251764 1.5099953825643877 
Car -1 -1 0 402.40610144370834 176.43670100866188 503.7168032628289 219.16910564929123 1.8075603 1.6725128 4.0881166 -6.7818756 1.9686371 31.554626 -0.024189714 1.6156083058223574 
Car -1 -1 0 380.168487327024 173.71011408346018 492.79296168606464 220.79148104859513 1.8531524 1.6681855 4.1961613 -6.964276 1.8889998 29.322548 -0.026792672 1.0371682626416747 

