Car -1 -1 0 394.95574364738616 184.82504968556816 484.245424298203 239.5194285692971 1.3673939 1.5815167 3.5429842 -4.4962797 1.3576274 19.754736 1.585443 88.93790669113034 
Car -1 -1 0 160.3987199326804 190.0579104945552 391.94072085969117 310.4436624124499 1.4031231 1.5885156 3.987915 -4.5314846 1.4876035 10.540521 1.5616841 102.67457039038048 
Car -1 -1 0 57.53231694319851 179.7645042168773 213.62426243959774 244.3861611601601 1.5172278 1.633047 3.7016835 -12.08749 1.3892412 18.7303 1.5728918 77.20504652105875 
Car -1 -1 0 436.49547516596954 178.4207196863764 498.3459261821393 219.6540838180818 1.486298 1.606652 3.798759 -5.3284655 1.2413661 27.822323 1.5847926 37.4606889103511 
Car -1 -1 0 337.99305451528795 181.07668154516176 404.4491457355624 221.13125537388893 1.4425309 1.5322281 3.430234 -8.9893 1.2934678 27.629826 1.5358359 37.52347949335898 
Car -1 -1 0 574.8029833097914 176.20481385845892 611.2878380548897 208.33082878383962 1.486167 1.646409 3.8257122 -0.6441983 1.0693185 35.18117 1.5877038 14.701878658861245 
Car -1 -1 0 185.84879144311682 187.19829203707195 323.14003466287403 250.86760405230788 1.398515 1.5922142 3.7042246 -8.537556 1.4526241 17.762295 1.5648966 13.192828522784923 
Car -1 -1 0 419.41888595437206 172.5541483706464 465.0713149291245 202.5609826853462 1.5220746 1.5957143 3.9375002 -8.758567 0.8798268 38.444756 1.5547311 4.6215516297542205 
Car -1 -1 0 335.22576707172254 178.47069077275606 390.2370583716095 208.8620384378068 1.4680159 1.5385001 3.725528 -12.370996 1.1422068 36.58753 1.5690684 1.2662758610471958 

