Car -1 -1 0 692.444949522111 180.32508111734177 833.9772017615438 273.61417398458923 1.4329538 1.6327494 4.2453794 2.68543 1.5957625 13.575405 1.5381002 104.94721239000262 
Car -1 -1 0 45.91882500951582 192.66758318146577 361.9562476777873 300.08530641037197 1.4219079 1.5699061 3.8938873 -5.922976 1.7431972 10.792985 0.063643344 78.21030345504897 
Car -1 -1 0 659.9527023508886 174.689129612274 708.3839287958377 213.6228436519677 1.4425125 1.569854 3.6281013 2.9089832 1.5201877 28.722578 1.5757195 36.89082548320151 
Car -1 -1 0 218.17031779028443 183.64218236928025 409.32565184301524 256.7933088935499 1.5027282 1.5822202 3.608171 -6.4929743 1.7566769 16.04248 0.085441716 65.57255459712289 
Car -1 -1 0 370.4266512722208 179.22008179234345 498.86272296098474 223.7961552586005 1.4780478 1.6328633 4.0661345 -6.0935144 1.7111596 25.328876 0.1400527 27.579864878360254 
Car -1 -1 0 403.6309119102761 176.52006061907875 506.7031600434737 210.2645309012293 1.4491457 1.6094985 4.270111 -6.7990894 1.6166403 32.072884 -0.04153219 17.450754492075546 
Car -1 -1 0 441.966121250468 174.97346636660342 519.401538409632 205.8370000428499 1.5719639 1.6422883 3.7707 -6.6912475 1.6852591 37.718193 -0.016093422 6.793272545621564 
Car -1 -1 0 110.38808422874094 190.16904619457583 365.46005850103995 277.5898475196383 1.4439368 1.5431197 3.9221492 -6.689809 1.782784 13.200981 0.07649496 7.641740836912063 
Car -1 -1 0 520.8986807588847 176.37987352160806 554.7107301778009 200.57552639169185 1.4573572 1.6202146 3.8986616 -4.531393 1.6919022 46.017242 1.6109712 5.613714529309759 
Car -1 -1 0 653.3519150883674 172.8798496357351 693.9947818788362 207.7935143598404 1.5484172 1.5751156 3.5305111 2.9511867 1.5496902 33.771103 1.5668294 5.973809232679945 
Car -1 -1 0 454.1098615819458 176.33202740009665 534.9839589494899 204.79847355471787 1.5216289 1.6246282 4.1998734 -6.268625 1.716726 39.625114 -0.017528633 1.7110174797220128 

