Car -1 -1 0 709.4908346122594 180.77469259040902 905.9197204907256 319.09898474037874 1.5129156 1.6224248 3.8716824 2.501849 1.6447757 10.063386 1.554945 113.11248222176981 
Car -1 -1 0 671.2136132939972 176.98671030201297 793.1046492091701 258.09588915376224 1.5090501 1.620018 4.103901 2.5113397 1.6114404 15.758358 1.4780107 85.91659105571297 
Car -1 -1 0 58.98174022366424 180.33254084097987 381.55318021224883 316.46381162312855 1.529186 1.58905 3.6460261 -5.194668 1.6490176 9.923316 -0.55701697 81.89938060121321 
Car -1 -1 0 582.3137590637665 168.5954053953285 632.7138201006726 215.3536643869116 1.6979442 1.681025 4.0554094 -0.14855367 1.5433006 28.287556 1.49405 54.83619055425423 
Car -1 -1 0 227.94165039427332 179.40947601266396 430.6693550119711 259.96995816487447 1.4696822 1.574197 3.6926453 -5.827364 1.6231043 15.164995 -0.62794954 49.244702031701095 
Car -1 -1 0 554.4184764552804 179.37949601839424 587.8095997095279 198.14097266609997 1.5189718 1.6211838 3.948038 -3.3401682 2.0993114 62.035545 1.170691 6.494842119889961 
Car -1 -1 0 368.76815515291923 179.22540671789258 397.3418017842153 196.88208326121 1.3854179 1.6337817 3.8249671 -18.919456 1.9351847 60.185295 1.0918486 1.8088529221916103 
Car -1 -1 0 471.4885482996469 177.33032382759237 501.5686637681671 201.27187453015233 1.4853911 1.6305213 3.686819 -8.0393715 1.791146 47.381157 1.489606 2.3838132070693323 
Car -1 -1 0 451.43125201173285 178.93409231497117 473.5254400634558 198.50891653074396 1.3798459 1.565646 3.5315256 -10.965037 1.8499897 53.911747 1.3820763 1.5508954071319732 

