Car -1 -1 0 662.8327073814266 178.79337577321732 717.2044494950003 223.0627335704081 1.4940093 1.5270679 3.9555151 2.9225936 1.7315915 26.873344 1.5557044 92.25679882579554 
Car -1 -1 0 709.5561875454819 183.16114243770951 877.1727414887447 305.01778773897627 1.4991369 1.5561943 3.7864683 2.6108305 1.6850194 11.105844 1.5532247 75.53792949978867 
Car -1 -1 0 765.1175515240783 170.60425727239615 1242.0 375.0 1.6644714 1.6452454 3.8212295 2.4442334 1.6529036 5.621738 1.5721279 126.26230693553862 
Car -1 -1 0 231.5888945911553 177.95889592549105 490.4759229834222 367.4549645108748 1.6077459 1.6804109 4.4250174 -2.5207403 1.6836783 8.487588 1.530077 104.47005993543557 
Car -1 -1 0 394.6686264834513 183.5261123745282 539.597659044335 282.6884893367425 1.4883271 1.6446769 4.3340683 -2.4546232 1.720867 13.513434 1.6251525 95.96233620738307 
Car -1 -1 0 553.9904630605108 178.21878234779777 584.6415764933874 209.20231030241277 1.6291788 1.6426098 4.233385 -2.2642517 1.9488623 40.841072 1.5211017 18.769361953013284 
Car -1 -1 0 648.1282429661794 177.8606129418371 689.4949219887782 210.3510151147797 1.6583636 1.6288486 4.0129104 3.1908293 1.9469962 39.531017 1.4896532 30.107852534116024 
Car -1 -1 0 637.1804172317144 175.63656494854845 663.4184278434211 201.3353046526113 1.9146017 1.6726289 3.8998146 3.1365027 2.138846 56.166534 1.5310762 1.98889525497065 
Car -1 -1 0 444.06475752104586 185.9933531841993 529.718911228869 252.66685710833215 1.4562366 1.5754905 3.6110463 -3.0007792 1.822128 18.282686 1.5651085 0.5543728338503282 

