Car -1 -1 0 4.096319629435523 193.94840094158053 287.8402467219949 334.0810161095843 1.5783775 1.6957042 4.195692 -6.5804596 1.9589565 10.892337 1.536819 118.29418614081906 
Car -1 -1 0 456.6493323263104 187.66009065938258 524.461741695171 234.80831587544793 1.4039681 1.7681692 4.422536 -4.039632 1.9655981 25.13078 1.5382581 86.88907077143416 
Car -1 -1 0 334.12367514068916 193.44653448865765 424.5269420172271 248.71815217472982 1.4268477 1.5690913 3.6260226 -6.840211 2.1005745 21.792488 1.5721806 75.963863186069 
Car -1 -1 0 629.9942805819866 179.9974965659822 659.3909555233151 206.68435976038015 1.4934759 1.5919605 3.8781812 2.0717893 1.9419942 43.361122 1.5745271 18.346570021960954 
Car -1 -1 0 504.84477440130445 185.61598833963495 540.8898791537424 218.05787182508047 1.4628484 1.5344412 3.5285037 -4.2506948 2.1270714 35.75294 1.5200024 21.53646301446578 
Car -1 -1 0 713.3076808557457 173.02045734148865 805.9603942855139 204.52253275922882 1.548409 1.7143285 4.2765684 7.560697 1.557087 36.54687 -0.101838134 21.92272563690573 
Car -1 -1 0 713.5981354733277 169.66689627694382 790.6924200924708 199.52374037272688 1.5928488 1.5934937 3.8741894 7.729177 1.4228181 39.319885 -0.015244262 3.8451765036015644 
Car -1 -1 0 872.4743024888792 158.2744224427131 936.8132266296159 180.94086199671128 1.6122367 1.6651185 4.0736017 21.449211 0.57520854 52.497955 -0.17573829 3.1739722996581325 
Car -1 -1 0 442.18533140995214 186.34757634802892 489.72207681400533 219.40328757415685 1.5142261 1.5646988 3.6729593 -7.191147 2.230318 36.43122 1.6022148 0.2558479905128479 

