Car -1 -1 0 695.1139387262964 184.00456982704662 809.4562664343454 263.68191444634124 1.3644621 1.5822237 3.994316 2.7918646 1.6258464 14.914776 1.5731797 91.53025647206354 
Car -1 -1 0 671.349731807535 178.0942488498589 734.4055846697769 225.2410018610031 1.4119124 1.5713506 4.0586386 3.0271206 1.6016252 24.090696 1.5684491 53.718025483280854 
Car -1 -1 0 553.0194627006256 176.69893592336658 586.8470652808496 204.91914918874016 1.4387679 1.5634865 3.474346 -2.1025624 1.6560385 39.01873 1.5930626 32.59729590403156 
Car -1 -1 0 0.0 177.50734842496456 317.63817298160285 323.5416345229477 1.5749588 1.6422014 4.178201 -5.94791 1.6368988 8.721121 0.029884737 111.14890576061721 
Car -1 -1 0 231.84860472282566 166.67920554178204 444.9166792990929 248.58915321186208 1.7253001 1.6478825 4.1422873 -5.951993 1.595238 16.120922 0.048262384 58.50003391537265 
Car -1 -1 0 375.62698351225725 180.78823581098652 501.5371628876699 226.521597726038 1.4482316 1.5641639 3.8040648 -5.689214 1.7255402 24.20877 0.12305103 16.63313173985295 
Car -1 -1 0 644.5378107143258 172.016895860387 681.719315826261 200.6578132129977 1.615093 1.6648299 4.0899663 3.1248124 1.5678875 42.779842 1.5103521 25.54609556610747 
Car -1 -1 0 486.354857914205 175.27284153716568 549.6472919549775 199.12377311165102 1.485723 1.6410506 3.9061651 -5.804777 1.6432834 46.06767 -0.058063902 13.191918357200388 
Car -1 -1 0 332.7325605241165 182.6737343917486 493.65784662892287 234.28420482737977 1.4350231 1.6118933 4.328016 -5.7743645 1.7408668 21.460255 0.09743492 14.07549604955015 
Car -1 -1 0 405.1773264036046 173.47857214918682 513.8208101576371 211.48723452710516 1.5454688 1.7043417 4.2977033 -6.2433243 1.5726519 30.387629 -0.077424526 9.507995171599239 

