Car -1 -1 0 103.4804889490831 198.9459581378967 351.7227475148991 325.74480869714733 1.4442666 1.6827244 4.1594696 -5.5529194 1.9237437 11.169009 1.5580577 108.62908292540256 
Car -1 -1 0 697.1818389286066 182.59443069337794 859.8118372033384 234.98345827875613 1.4640093 1.6907617 4.435362 4.905613 1.7645628 21.37833 0.018225368 118.52255918388796 
Car -1 -1 0 294.4195984836206 193.3156599606306 420.3203906066027 268.0221892230118 1.4403267 1.613559 3.78628 -5.721425 1.9716378 16.841986 1.5713626 91.74315887395089 
Car -1 -1 0 412.00967258523997 189.2807706241988 484.7024680191174 233.36561029205387 1.4032768 1.600538 4.1902366 -5.8561745 2.0589957 26.676754 1.610706 43.15986170286072 
Car -1 -1 0 766.7616766239629 193.20794459360303 1124.8534144456082 319.5255212365249 1.4579012 1.5997036 4.0267234 4.289117 1.7537824 9.558214 -0.06586665 88.27600537021402 
Car -1 -1 0 889.3637982693355 189.3765267676811 1242.0 375.0 1.5071497 1.6328709 4.0773463 4.9952335 1.6819415 6.8074694 -0.004538768 100.5010978888584 
Car -1 -1 0 672.5033872977202 184.7267919381674 785.6770663937094 223.52977076464455 1.4371562 1.6089019 4.1094184 4.633116 1.9181738 28.27208 -0.07719434 19.374635595637198 
Car -1 -1 0 646.9701872707002 182.63301346632886 735.6218752789482 216.11955468917614 1.6005574 1.6735623 4.149631 4.0575237 2.1047485 36.1511 -0.10534041 5.859485720587346 
Car -1 -1 0 647.4867607490115 182.80346728598676 713.4083353479958 207.68075924582604 1.4735883 1.5783956 3.889801 4.304228 2.0939112 44.183723 0.006721243 0.5983987707111496 

