Car -1 -1 0 714.791884470024 181.56384917519205 925.538359897941 311.9486837415392 1.4902788 1.6212745 4.1532974 2.8203862 1.6447978 10.666401 1.4917109 117.25462396744544 
Car -1 -1 0 692.2361451627581 177.52116361317695 785.3375529901836 250.1713947470031 1.5440998 1.6297325 3.963139 3.0213192 1.6707847 17.588682 1.589758 78.59764276359924 
Car -1 -1 0 665.2037603335476 181.49622756966176 730.7002247078705 232.21923431038186 1.4225311 1.572099 3.8493671 2.7090216 1.7190329 22.824186 1.5630786 67.05487073504928 
Car -1 -1 0 142.94999848099965 178.29156439433544 456.37017632554483 283.71687865732434 1.5360098 1.6705401 4.311019 -4.763405 1.630568 11.579886 -0.062147137 123.92983500504724 
Car -1 -1 0 381.6167930640685 179.99752336177548 530.3586131158353 232.1213899949411 1.4887705 1.6414943 4.17758 -4.5399914 1.7133838 21.773243 -0.04507306 30.775983179828103 
Car -1 -1 0 302.38684380763743 167.3581010073956 504.69257995938653 249.17303950322594 1.8511662 1.7398179 4.3630133 -4.7981415 1.7268145 17.266184 -0.03256794 103.61543584489891 
Car -1 -1 0 644.4952549424304 180.19190049731824 685.9990757216864 215.33994592008898 1.4819658 1.5436667 3.5228043 2.4925091 1.835097 32.944454 1.5473031 10.525199443132038 
Car -1 -1 0 445.7476921561633 172.77776217614485 548.6645642408406 219.48733475601966 1.8311007 1.6776645 3.8305564 -4.519966 1.8281119 29.318571 0.103913315 29.12631637968032 
Car -1 -1 0 934.8492621418826 185.6877183649065 1242.0 328.0818871289552 1.4233313 1.5896369 3.7666125 5.98169 1.6259485 9.474686 1.5261925 2.243627919023382 
Car -1 -1 0 658.091395606459 180.23174343252543 716.4156640135823 222.03068954356095 1.4844077 1.5707337 3.5904067 2.9612312 1.7912116 28.14325 1.4752182 2.284484909098235 
Car -1 -1 0 641.4110473171189 175.52649538034683 674.0827556846548 205.07365021129357 1.6741991 1.6086197 3.6512115 2.8352711 1.840549 43.065086 1.5430642 0.5581365435815953 

