Car -1 -1 0 669.8390674430492 177.1235408980992 757.4712677278908 243.32894952404885 1.4916639 1.5754949 4.1345496 2.5604925 1.6141222 18.610384 1.5480556 98.53816009105672 
Car -1 -1 0 796.0943338265472 188.51494716300246 1147.4406105699784 375.0 1.4567103 1.5408317 3.4412851 2.8976245 1.6378896 6.61327 1.5886201 128.56565948637652 
Car -1 -1 0 736.9374411223786 182.87403700139456 899.3745199459612 302.16264527430417 1.5016329 1.4807073 3.3504188 3.0073457 1.6784941 11.050813 1.5575432 109.30416906104068 
Car -1 -1 0 439.83143920121853 179.61839788530054 503.16044022431817 225.74813954153106 1.4462122 1.6993316 4.0260863 -4.7487664 1.702674 25.29124 1.5046804 70.96490616903534 
Car -1 -1 0 186.59957416080874 177.7833306703796 352.42466089131517 230.81403005546454 1.431876 1.5607586 4.0181084 -9.611574 1.5784693 20.554003 0.062234193 43.62870803971339 
Car -1 -1 0 472.5610114257303 171.56960306336015 521.6246817327947 215.63135611994863 1.763634 1.5751829 3.691598 -4.7282166 1.712224 30.7398 1.5533843 39.93870730129642 
Car -1 -1 0 660.2804727198575 174.15151915016523 718.6070995972009 223.92976903369032 1.585095 1.5429292 3.5995345 2.6831403 1.6331109 24.885933 1.5501875 31.864377245815845 
Car -1 -1 0 648.0333311608724 175.53746490884504 691.0282745969614 210.52691594856242 1.505135 1.5522563 3.8523245 2.709918 1.6361747 33.285755 1.5407574 10.969116037771158 
Car -1 -1 0 495.7264954951721 172.13864819592277 537.6749712328942 209.4285221472044 1.7726806 1.6249009 4.1956177 -4.624256 1.7386742 36.407803 1.5587459 4.605766635248695 

