Car -1 -1 0 688.3494562575272 177.08689354288893 804.7668298948182 259.0553770358338 1.4707537 1.6071526 4.167639 2.730396 1.5725768 15.259902 1.5542281 94.7670710223626 
Car -1 -1 0 275.146119143405 189.31653128086342 483.81428777887845 331.4369896571985 1.4573183 1.6370406 3.7725112 -2.8289347 1.7225007 9.72996 1.5627958 100.21644672070649 
Car -1 -1 0 394.017574388045 180.48125710427615 514.9680221970955 263.7667549642821 1.4624951 1.5967673 4.2549014 -3.0880983 1.6456951 15.195963 1.5800492 57.568447163449356 
Car -1 -1 0 510.51271864581446 178.14823625597614 557.733043404809 219.84109124983138 1.4775 1.6120092 3.886672 -2.8680968 1.697863 28.052628 1.5223356 49.00963538538587 
Car -1 -1 0 673.5894354737756 177.2696375392733 751.6580916136126 233.731281545967 1.4309741 1.5701566 3.9410603 2.8353128 1.569146 20.588028 1.545186 33.51538844361148 
Car -1 -1 0 654.7124315293867 175.67366048099154 714.048508092878 219.99245390947948 1.4521439 1.5528994 3.6886115 2.5976052 1.560183 25.764057 1.5180392 40.67643996006201 
Car -1 -1 0 634.0053873055344 172.55062654442514 657.2939875315533 195.5880563177045 1.4955646 1.5110052 3.5612245 2.406914 1.4758697 48.647686 1.606219 12.000959438882058 
Car -1 -1 0 541.9909415319227 175.6295230621643 573.8271185163001 204.453383774977 1.4541419 1.551373 3.791552 -2.7272098 1.6103503 38.68966 1.5395977 7.716562944536852 
Car -1 -1 0 651.7201417626203 165.9207985369322 699.3403646805118 212.21379455171484 1.8276049 1.5977538 3.6898906 2.7141623 1.5538883 30.345577 1.5516105 5.063300285422618 

