Car -1 -1 0 691.5014996133975 185.14555923960725 795.3638098877504 260.5435988392978 1.5609386 1.6489539 3.5367203 3.0946536 1.8873278 17.344599 1.5101656 100.11563853178471 
Car -1 -1 0 663.2069436939652 182.56293767868806 743.9437684929613 237.1476999058116 1.4866004 1.6237175 4.077462 2.8236833 1.8178301 22.508303 1.47399 60.19752166061566 
Car -1 -1 0 121.63380879117106 180.5202977683287 401.63277579587685 279.415087754596 1.5266321 1.6307195 4.0036645 -5.750987 1.668955 12.347933 -0.118995465 43.85904315456129 
Car -1 -1 0 255.2381841536303 181.01960918572257 445.3900439460606 248.42069951111407 1.4690644 1.5810993 3.8762083 -5.9261584 1.6692791 16.815228 -0.044695705 16.511913713366653 
Car -1 -1 0 316.77779794484553 181.2603022890837 475.6895854743635 238.43201527749045 1.4895401 1.6026593 4.012466 -5.828929 1.735137 20.085787 -0.09838947 13.571096342786136 
Car -1 -1 0 520.3599535565703 176.61400323666157 550.657749428698 191.2477445070276 1.4516225 1.7223653 3.8214788 -7.69559 1.8519335 74.732735 1.0518368 6.428524843403172 
Car -1 -1 0 343.72131231349505 174.2491308102241 473.5541460153701 227.27237136958516 1.6096387 1.6053972 3.7406142 -6.2946625 1.6558052 22.915535 -0.08638658 3.946435346702219 
Car -1 -1 0 612.3923874136649 170.60299530772755 646.0244614024417 200.8164577546091 1.9502172 1.7828156 4.457211 1.280919 1.8049192 48.87107 1.4842935 5.968731364310382 
Car -1 -1 0 0.0 180.83918371397974 339.19436434809637 309.62068271405815 1.5215633 1.5857539 3.5222762 -5.63186 1.6382189 9.591839 -0.09068825 0.2610558867454529 

