Car -1 -1 0 749.5183546865203 180.2442827739003 866.9020359178402 266.72459122502534 1.458883 1.5781848 3.3492186 3.7661443 1.6218379 14.188053 1.6349772 89.15820597067786 
Car -1 -1 0 400.9003605769081 183.27600250240394 464.9700258719246 203.95538008893158 1.4619236 1.6761098 4.442722 -13.327965 2.2739913 54.48839 -0.45735997 40.05816506028847 
Car -1 -1 0 148.9093043162115 188.18116726357061 240.2527826371582 219.11497081856277 1.4756103 1.6925197 4.2532907 -22.296806 2.3517761 38.963547 1.8757896 18.4041802589176 
Car -1 -1 0 726.21130141087 176.9046086031444 823.3827366883934 242.76361034288564 1.5068604 1.6207021 4.1405025 4.174942 1.624292 18.841267 1.5791309 34.3469192498526 
Car -1 -1 0 248.4518433609869 181.98116849115283 324.5475504729591 208.95865168623737 1.530963 1.6495527 4.3455415 -19.98848 2.1275392 44.839863 1.9775755 17.78366468906568 
Car -1 -1 0 318.55271197549126 184.00414081253774 381.89643977879155 206.64265798258884 1.4343126 1.6073089 4.028134 -17.90125 2.2395873 49.967674 2.105285 16.530610937533496 
Car -1 -1 0 566.7744638068136 176.56245681155633 618.8221711666437 198.32487475066648 1.5666196 1.6080804 3.6020656 -1.2657804 1.8530643 54.112915 0.54335105 18.747992439426554 
Car -1 -1 0 680.1385926280628 177.93463472438904 724.4880121424068 210.7452880049533 1.4699752 1.6031296 3.7841692 4.418186 1.7285502 34.818863 1.5566065 4.637551484022103 
Car -1 -1 0 85.00897860017201 187.58210628816636 176.94484581015166 217.76500280448423 1.4879653 1.6205169 4.213087 -26.422955 2.3505318 40.01056 1.844014 3.7314405202714185 
Car -1 -1 0 9.285965287012647 186.089842758847 98.38882371786964 216.66891202594505 1.653213 1.6259731 3.9181328 -32.9989 2.4802861 42.966007 1.9571083 11.025756585466329 
Car -1 -1 0 467.6175009699856 181.6646286770654 493.01204730823747 200.68200702553472 1.6645405 1.6915895 3.9122918 -11.955825 2.505917 66.93917 1.5607315 0.2752763330936432 

