Car -1 -1 0 422.9966533531868 181.9687412378893 521.6116028303603 254.57191972975178 1.4669719 1.6601976 4.164918 -3.1301026 1.7109464 17.210215 1.5449493 111.14346844540556 
Car -1 -1 0 176.60227870567596 193.4681246830459 454.2740411199738 368.8839013693556 1.4023165 1.6610851 4.4394665 -3.0529268 1.7111634 8.554333 1.524266 120.18031459908518 
Car -1 -1 0 1002.7941229163304 209.2487597830317 1242.0 303.74314764165644 1.4766243 1.5754639 3.6048973 9.672114 2.2510211 13.880808 0.4334032 118.26185914107378 
Car -1 -1 0 771.1498542153199 192.82042248421186 1066.1972237402183 375.0 1.4805126 1.4861007 2.876641 2.6809363 1.7129577 6.924862 1.5185852 69.93675818132031 
Car -1 -1 0 474.47972315555523 180.51766488646675 539.8356433933012 233.39626956906085 1.4811199 1.5936112 3.7768383 -3.1307058 1.7421104 22.66736 1.5494019 29.5317200351672 
Car -1 -1 0 936.6957732682556 205.25044079266874 1133.696808520483 279.5573368370299 1.4834639 1.6067256 3.9054945 9.978541 2.3275776 17.269753 0.4204568 21.62386266196707 
Car -1 -1 0 535.7938012131289 178.68049151280198 564.9161070594372 206.95391973875815 1.5304623 1.6061198 3.7676628 -3.434159 1.8837404 41.80406 1.4860806 3.7285836064056976 
Car -1 -1 0 1000.8234067811962 189.0699676052125 1107.9662419015556 227.72206044769362 1.4025729 1.6036459 4.3002186 18.485828 2.1316245 30.235638 1.4961941 0.9123124848743407 
Car -1 -1 0 616.1217766894372 178.6747729350146 636.2778048256225 194.74501703449718 1.487818 1.6429427 3.8672006 1.5930893 2.0702326 70.21572 1.5100352 0.2954906225204468 
Car -1 -1 0 495.21739635477746 179.24795077313354 547.9084687731173 220.99249131245682 1.4310639 1.6258321 3.9072485 -3.259328 1.6906465 27.316935 1.5420432 0.5459607902839818 

