Car -1 -1 0 874.5125847732921 187.69799008208514 1231.2756896157177 311.18436310565903 1.4678259 1.5778217 3.8679793 5.7802186 1.6853672 9.682611 -0.053740777 98.49984141714044 
Car -1 -1 0 628.7411722156866 180.62235496240936 686.7022230748798 221.40426753920244 1.4224727 1.609292 4.3074536 1.8010705 1.7502768 28.229515 1.4805359 58.29333058620339 
Car -1 -1 0 795.9417441764862 190.23457946111836 1068.2962856626557 281.38953981336726 1.4277687 1.5975461 4.096745 5.535813 1.7557755 12.644586 -0.08626974 78.0198567080059 
Car -1 -1 0 346.37926827551064 182.0099414915035 473.9528101655861 225.96399535833962 1.4353399 1.5992051 3.97892 -6.7831798 1.761843 24.833065 -0.04954644 25.43648273345297 
Car -1 -1 0 780.126709389105 171.20990210577162 990.1686768714341 260.40638249491263 1.7423022 1.6356385 3.7468576 5.6399927 1.7101874 15.031296 -0.06472425 41.61645684813178 
Car -1 -1 0 312.76664314385914 179.00307415675485 454.1033524999742 230.6507482953206 1.5282594 1.6101297 3.8732543 -6.9294925 1.7257596 22.35967 0.0052355267 27.45366853588373 
Car -1 -1 0 0.0 161.44033999501144 315.78846165329094 292.4488135432822 1.8504843 1.6786081 4.309133 -7.012666 1.6892672 11.092652 -0.028795578 45.266296954792175 
Car -1 -1 0 429.2618994782114 177.59643107563255 508.3412924127807 205.9048564274147 1.4995403 1.6324091 3.9622154 -7.663208 1.7651808 39.47592 0.06336507 1.242894172668457 
Car -1 -1 0 655.907365041003 158.625365927474 691.9525741835744 194.27925743025605 2.5100913 1.842547 4.765719 4.693449 1.5083723 53.251522 1.4835019 0.32654067873954773 
Car -1 -1 0 612.4761332749152 175.31506118301033 639.8603581490818 199.84917389987632 1.5733033 1.5575353 3.6411643 1.0828607 1.7450955 48.50499 1.514705 0.3241899311542511 

