Car -1 -1 0 450.30341303250106 178.63019895914084 543.0304479517928 247.36531558984058 1.601885 1.6767722 3.9949434 -2.8766913 1.7717841 19.19016 1.6154605 95.46233499959051 
Car -1 -1 0 702.7687675898044 181.38583783832408 763.8602179823635 227.4876057940186 1.4873433 1.5883363 3.2667031 4.308194 1.8084648 25.52069 1.5667264 58.04156187062087 
Car -1 -1 0 292.1026013344989 181.33862319408615 354.704848218765 211.7018806208644 1.4315236 1.5723313 3.836769 -14.613173 1.8901327 37.05332 1.6091297 23.62659606429279 
Car -1 -1 0 498.4287013774897 172.6809183460813 559.459367617505 224.03863443243694 1.7636998 1.6397294 3.896302 -2.9100583 1.7577558 26.76656 1.6224592 56.952261423759666 
Car -1 -1 0 755.9975566303411 178.17416187992538 821.6412347682699 200.90974302548125 1.5572195 1.6612341 4.186762 12.566137 1.937745 50.721542 -0.026890378 16.59339010152479 
Car -1 -1 0 339.25896839066263 178.52288700688237 392.880079273993 205.3853981325493 1.5119126 1.6281022 4.242708 -14.664082 1.8720899 43.682983 1.6224082 8.870276775451009 
Car -1 -1 0 556.7146593936966 175.84270185017078 586.9845207557622 202.6419819378222 1.6246698 1.6373496 3.8347585 -2.3702183 1.8237008 46.112488 1.5967674 2.8901619366016176 
Car -1 -1 0 527.734522715617 178.0799803299673 576.9584908707515 214.60431004254005 1.5623399 1.658713 4.2807736 -2.6004877 1.8222388 33.68796 1.6444906 3.0647201100460646 
Car -1 -1 0 680.0221994719951 180.71827530789557 717.9279733879166 212.3972166683309 1.4405776 1.5410378 3.3215778 4.334115 1.8440096 35.33086 1.6013551 0.6271606170576322 
Car -1 -1 0 657.2884754666355 175.4492080502236 690.0706192181098 196.1250458411446 1.5557272 1.6200255 3.7407246 5.084199 1.7674851 56.838406 1.933578 0.2751573324203491 

