Car -1 -1 0 337.56691167347105 192.16315998535254 372.9226121881616 225.62414326069396 1.4788266 1.5986725 3.9014156 -12.849319 2.5099936 36.425987 1.2236092 12.407790513064334 
Car -1 -1 0 229.48187646550755 193.8247693601429 302.91526044212907 229.6386379117975 1.4718121 1.6945326 3.9071867 -16.054874 2.5160365 33.94932 1.539515 20.90769505593728 
Car -1 -1 0 852.0402540757607 177.72741147702706 1074.3618470183553 253.77531422237647 1.6234403 1.697129 4.216397 7.897463 1.7398679 16.37571 -0.006436278 132.0397940709322 
Car -1 -1 0 513.9548636743651 186.5449000982232 561.8515851070474 223.34800580603485 1.5935318 1.6983514 4.050031 -3.3954616 2.2940655 34.850372 1.6265055 24.610919084727445 
Car -1 -1 0 657.4839854905348 186.70133777218592 691.1150389058182 214.46270958983177 1.4632785 1.5359441 3.4043179 3.6821141 2.292293 41.47393 1.54249 13.871888588739983 
Car -1 -1 0 1065.8917806022027 170.18934703039113 1242.0 375.0 1.6371442 1.693408 4.110535 6.182659 1.6166164 7.673891 2.273841 30.909798170910395 
Car -1 -1 0 373.47512931112624 191.96940029529102 421.03952744942063 215.0493850914759 1.4972765 1.5961496 3.9881628 -15.369977 2.9425688 52.43615 1.7858412 5.155852706678404 
Car -1 -1 0 542.1152449624537 181.55246781745154 574.6499480426185 207.82182034426953 1.6658025 1.6485709 3.8223045 -3.4361768 2.2806559 49.03096 1.6511335 1.723990232809305 
Car -1 -1 0 713.1615000035431 184.10413027705445 762.7669929534517 202.0085116996359 1.5995857 1.6779234 4.241727 11.819647 2.6519074 66.56154 -0.04337475 1.361292872672249 
Car -1 -1 0 530.2180187659113 184.57759318452287 567.1364685439808 215.62867055517748 1.6789856 1.6986293 3.8026123 -3.5308661 2.3995214 42.41095 1.6124219 0.5941768665716248 

