Car -1 -1 0 755.7558662884982 192.24127525207425 985.960880556902 351.34015013148615 1.4294745 1.5432997 3.4368892 2.850193 1.7078073 8.6313095 1.582592 71.77173480153628 
Car -1 -1 0 706.6900345872389 183.4141868665984 826.7280966044837 223.47800459979666 1.4136384 1.5982829 4.096425 5.8387303 1.8241329 27.02335 -0.112591185 32.06800974492401 
Car -1 -1 0 635.9479373926688 179.30887471409727 669.5798987187706 206.19039898707004 1.4704127 1.6672096 4.1321836 2.4998293 1.8696445 42.54687 1.55373 20.802367604906912 
Car -1 -1 0 326.79610245241537 178.04280813267175 468.9717196957297 231.30150169986084 1.6114188 1.6738193 4.09338 -6.6541967 1.7840499 23.014845 -0.076381445 42.785555250458124 
Car -1 -1 0 264.42900596339604 180.20341306571976 440.8862188569218 243.36432015369726 1.5250392 1.638686 3.9396899 -6.501733 1.7227153 18.517893 0.035741277 20.391162090992918 
Car -1 -1 0 43.66521172739557 185.20537435550756 368.36868943037143 293.79199343690846 1.4998686 1.6167257 4.1596317 -6.070978 1.7064481 11.124428 0.06584258 90.08576912871295 
Car -1 -1 0 727.8013570201045 184.68037300901196 863.4186031511333 229.65598052447723 1.4136541 1.594406 4.0987973 6.167911 1.8252425 24.148438 -0.08228662 36.664839185492234 
Car -1 -1 0 201.65312339956557 184.04002870513725 422.1668713640021 256.26816422745486 1.4871266 1.6377176 4.205783 -6.45956 1.7480426 15.975336 -0.017081477 37.64342039902869 
Car -1 -1 0 826.9212471167577 173.87394067100988 1077.0374214714764 268.28581737649364 1.6703875 1.6314987 3.984235 6.356953 1.6911727 13.745362 0.072962105 60.98059525899876 
Car -1 -1 0 0.0 179.93183589690946 285.7540841583641 329.224250399924 1.581777 1.5796832 3.7565274 -6.1157236 1.676204 8.6803465 0.08466998 58.5745026993913 
Car -1 -1 0 123.24927010286292 180.73259791602254 364.97725095955593 267.3157849405175 1.5267634 1.5990311 3.7713602 -6.7926884 1.6849544 13.678911 -0.0047908346 31.872351632654116 
Car -1 -1 0 765.4820343161053 181.63033981342696 931.4028875703349 241.90984256256095 1.4982817 1.5804532 3.855248 6.197425 1.7395954 19.007862 0.021509696 20.531415862622424 
Car -1 -1 0 708.3121504425774 174.8543931373649 811.8123939102711 219.36597195627587 1.7387736 1.666452 3.7966316 6.045513 1.8224493 29.226645 -0.06517043 9.642275205793034 
Car -1 -1 0 459.1123581759164 180.7588492160431 536.6846634333112 208.5570514499184 1.4683833 1.6044081 3.9740348 -6.0599136 1.9094671 39.42521 0.017065551 8.948990609112641 
Car -1 -1 0 446.908448123477 177.75269649805387 527.4148577330486 209.30451810578035 1.5613785 1.638988 3.800111 -6.2146196 1.8178408 36.879486 0.04027719 15.265322158396579 
Car -1 -1 0 348.615812807722 166.68630340129042 481.2954600618319 221.4604873916955 1.8691821 1.6722808 4.26029 -6.8009467 1.6587079 25.522991 -0.030325696 6.703654978763519 
Car -1 -1 0 798.3381343525087 179.68031909536307 1002.7838798933534 252.334976340822 1.5327287 1.5826908 3.9625607 6.425958 1.6943412 16.231892 0.03002149 4.430915600290504 
Car -1 -1 0 626.0898498253209 175.49262419912583 647.640155714003 195.27318492526308 1.5102518 1.5870574 3.9530277 2.210628 1.7285259 57.65921 1.6427169 0.5439572791631286 

