Car -1 -1 0 693.7277511835904 182.9322190277533 812.251710555106 268.3913506294436 1.4554054 1.6373388 4.1480227 2.7826016 1.6919546 14.856902 1.5763899 84.56117450544505 
Car -1 -1 0 662.3608685403647 180.23146332356694 713.6239276717272 223.1899261882797 1.4919078 1.6553159 3.887156 2.9412973 1.7952529 27.701012 1.6001732 49.92972300060558 
Car -1 -1 0 0.0 180.8496371278491 371.5402081420248 329.47661992255297 1.4724743 1.5862287 3.7717772 -5.0123158 1.5879898 8.869963 -0.46480858 118.39675294775522 
Car -1 -1 0 316.3300660760472 181.14992765893018 499.4049444125623 245.37160082367615 1.4264944 1.6176178 4.1898336 -5.0420628 1.6546988 18.156025 -0.48490036 116.91599904062149 
Car -1 -1 0 646.9862163565422 181.6405789125602 682.9534221743859 212.00973659899213 1.4278857 1.5822625 4.0755854 2.8023438 1.9052662 37.15535 1.5816753 18.750756149773935 
Car -1 -1 0 349.4835148585057 174.1112899642589 508.58995428337875 237.82483960485573 1.6785465 1.6830082 4.153726 -5.187292 1.7182271 20.926992 -0.5823982 33.937936706604624 
Car -1 -1 0 524.8514257786001 176.4305951927021 568.0492379189707 204.01173107587675 1.6180196 1.6231662 3.7781339 -3.8745713 1.8504479 44.870872 1.7864256 2.7670990738187173 
Car -1 -1 0 417.7326975070619 170.1783509434049 533.3875720552045 219.24379957887305 1.8858049 1.7223973 4.3322215 -5.4627852 1.7829676 29.56041 -0.5233282 5.227087309039338 
Car -1 -1 0 620.6761632388427 180.59378656574995 652.0392416649883 202.25096434323177 1.4989812 1.5992687 3.8468301 1.9453462 2.0936823 53.414703 1.4112356 0.3000355660915375 
Car -1 -1 0 487.49464773279095 180.97501678664904 568.6224339523917 210.27199328938747 1.4866505 1.6328366 4.0609775 -4.4060116 1.9435894 39.038403 -0.41110477 0.2906366288661957 

