Car -1 -1 0 122.48121291102547 183.1382579125564 378.298533272976 268.9126434648377 1.4729834 1.6086526 4.029992 -6.616184 1.6790452 13.534609 0.059425816 87.01188939095513 
Car -1 -1 0 668.214996459719 172.7579795598043 765.2767331722375 250.27640176791977 1.7857392 1.7237526 4.3993535 2.655077 1.7835271 18.853008 1.532021 97.98318939128626 
Car -1 -1 0 204.978748803682 185.0919021973376 427.14005377254784 257.0194816369927 1.4708091 1.6215606 4.2464743 -6.359397 1.7555356 15.918604 0.027410144 34.75000220497119 
Car -1 -1 0 270.08757617900955 185.1759213724824 444.0022894456003 245.61270010014383 1.4212251 1.5617259 3.8685777 -6.338736 1.7504163 18.317583 0.09398965 26.151029355488 
Car -1 -1 0 651.9810730419381 180.21272450181868 698.8717561490342 219.27165298808393 1.4748459 1.5782471 3.6408522 2.6575851 1.7969618 29.758472 1.5641184 26.190529846350945 
Car -1 -1 0 331.9812726402414 177.18982248902248 464.6149487147256 232.14749295532704 1.662245 1.6244365 3.8247743 -6.638097 1.8064166 22.987103 -0.10323193 28.597564985638783 
Car -1 -1 0 635.493649444809 177.78136063013184 671.5255518345047 205.0981335554432 1.4852624 1.5901415 3.7579577 2.504651 1.7843457 41.862595 1.4951525 10.840725444228708 
Car -1 -1 0 302.52072310431936 181.80506661162627 451.1057784321362 236.60773472528066 1.4948907 1.5986521 3.773372 -6.6738353 1.765657 20.9046 0.06579567 7.83230732900582 
Car -1 -1 0 415.317940617911 175.56113409356573 510.6301556110109 212.76576794342142 1.6150165 1.6669061 3.891804 -6.547408 1.7404526 32.44863 0.07886551 9.516785095260555 
Car -1 -1 0 358.59208370534725 180.4441981460166 487.82039624693715 226.10009526957404 1.5221083 1.6246457 4.1566157 -6.4522653 1.7982368 25.308594 -0.06257014 2.1020939231883045 
Car -1 -1 0 504.31458290957676 175.25808150380308 536.6020617748976 201.73988449670892 1.6096323 1.664021 3.9925072 -5.664702 1.7704042 46.23769 1.5477101 2.281171448387032 
Car -1 -1 0 659.7112004433623 183.38669459435053 721.5602709915188 232.41096978867836 1.4683143 1.5674943 3.554963 2.642626 1.8476698 24.186138 1.5390532 0.2797451615333557 

