Car -1 -1 0 758.3867538895704 183.84903738105342 864.6463044064644 260.8260334011458 1.4568 1.5922481 3.943829 4.403483 1.7356336 16.26683 1.6541297 77.28105806441582 
Car -1 -1 0 803.8531340466413 183.95094688087892 1020.8316645660329 319.7457236529118 1.4945701 1.6095783 4.1612473 4.050993 1.6874657 10.415607 1.6331241 80.1086081411237 
Car -1 -1 0 178.72873372596675 174.88792772632453 494.9974079019854 297.3953212673789 1.5193477 1.5919746 3.7105594 -3.5637317 1.5495584 9.8473835 0.040208768 121.40695588788265 
Car -1 -1 0 745.4013636812251 181.81578869261503 814.6499451126683 237.92770263418555 1.4723735 1.5919662 3.7341826 4.986645 1.763634 21.502682 1.6882318 38.912302985151236 
Car -1 -1 0 720.7785732055142 180.88244921939122 778.6423929626385 221.8817087966763 1.4612064 1.6085867 4.124885 5.475077 1.8028374 28.617764 1.6006306 26.188633950660684 
Car -1 -1 0 500.5406195658452 174.48097620554748 604.8728498136436 213.98324178917034 1.597243 1.6479733 4.189557 -2.3195143 1.6671944 30.135147 0.030387893 42.16346340342184 
Car -1 -1 0 260.5082732311644 160.4079935887503 535.3242323494578 277.35731724844374 1.839987 1.719734 4.1826944 -3.4952476 1.6441715 12.369072 0.076396465 87.9252263597789 
Car -1 -1 0 361.4620770290873 179.84823008062054 567.6620902768392 259.17693858554503 1.52285 1.6350925 3.9275427 -2.9802103 1.680881 15.176284 0.1636126 25.970236261095696 
Car -1 -1 0 535.6906767952626 171.3011599160103 624.9901644999994 208.8848870876645 1.8142079 1.7271408 4.265243 -1.4078035 1.7392504 35.84501 0.07240644 27.488193626786824 
Car -1 -1 0 708.3338269130987 181.42868679442165 743.1874694158873 208.79853746414625 1.426306 1.5699179 3.7017853 6.5056334 1.9322345 40.67979 1.6280915 5.618065896307277 
Car -1 -1 0 633.726737687845 174.45030555915912 650.8436805808503 190.45110301387882 1.6119595 1.6214101 3.7569337 3.4239001 1.782225 75.019 1.6581516 2.8903282032151765 
Car -1 -1 0 401.9629264752124 181.49681455037614 568.2022417056505 248.55196326906926 1.4843104 1.6050023 3.8765092 -3.114314 1.7183366 17.958158 0.4598206 0.35196441411972046 

