Car -1 -1 0 386.5714944527686 185.63464514263268 468.37230791417994 238.33987760563312 1.4664242 1.5643953 3.692277 -5.662943 1.9042436 22.849346 1.5997001 62.26294191420558 
Car -1 -1 0 303.31748358473004 188.8391660319964 433.67752160624445 263.2613906001929 1.5003324 1.6248193 3.9763262 -5.6559105 1.9320246 17.45256 1.630578 70.62706787008838 
Car -1 -1 0 429.4510558929994 184.15316142150738 490.66952116537306 226.53588769013467 1.4605544 1.5400019 3.5825758 -5.6501813 1.9215684 27.63353 1.5900035 23.54826581851429 
Car -1 -1 0 465.5499568535074 182.27776243308347 512.6472980769627 215.51022466630772 1.4089589 1.5662928 4.073533 -5.5754633 1.8770621 33.795773 1.5602314 17.882282712823375 
Car -1 -1 0 1129.4026812816235 134.973951475824 1242.0 176.2716016033887 1.5825398 1.7078855 4.2075744 23.306242 0.13096349 28.648064 -0.06975481 28.075212830037515 
Car -1 -1 0 726.4189968815634 166.93533556437242 772.5118646413862 195.92025484310744 1.4597814 1.591542 3.9140232 7.3678894 1.1616967 38.3171 1.5435696 12.872583238300972 
Car -1 -1 0 787.6378630402236 155.72055495044532 905.4979315608449 195.33822263802995 1.5656705 1.7400869 4.25627 9.674112 0.8885651 29.609386 -0.10810333 12.210025108736913 
Car -1 -1 0 762.6022909946819 158.4815651963029 856.13141166284 192.4717469867222 1.5663433 1.6608763 3.985928 9.516681 0.9040293 34.463196 -0.2018491 8.079653427885102 
Car -1 -1 0 494.60225468812513 179.12496014371553 537.0653097488544 207.82777512996876 1.5208915 1.5841675 4.0341616 -5.2968216 1.8971658 41.217148 1.6558125 3.0924721314982815 
Car -1 -1 0 662.9040689182686 170.32739237284127 705.6197542900676 205.261520841642 1.6259978 1.6296092 4.0348554 3.627861 1.5083975 35.61383 1.5549451 2.3032006371552396 
Car -1 -1 0 1054.163116313626 141.65323623923908 1164.7152480441496 173.3133032943659 1.4651134 1.627038 4.1584883 23.677628 0.021254715 34.26043 -0.027446415 4.4786942314192935 
Car -1 -1 0 1081.989737233232 138.65222313731775 1203.2844911434772 174.29581056839135 1.515187 1.6470877 4.0972576 23.218775 0.061290316 31.51844 -0.011140308 0.2770804464817047 

