Car -1 -1 0 274.8771001441863 189.81082246123026 409.27115375597225 273.3058371127881 1.5465488 1.604275 3.7399354 -5.7563643 1.9665321 15.9981785 1.5673375 103.8737638640742 
Car -1 -1 0 748.182090380755 179.72237803158563 958.8181714803521 315.44938163774606 1.4676961 1.5886475 3.6779768 3.0593517 1.5789511 9.838568 1.5579786 89.1318026765171 
Car -1 -1 0 704.3744420766527 178.7492923764038 825.6858076113474 259.47425679908775 1.4731805 1.5497048 3.4197469 3.1377354 1.61185 15.199308 1.4805225 92.51046527881866 
Car -1 -1 0 367.83825564165716 188.97352591608274 452.746000918966 245.594077308242 1.4381957 1.5315198 3.5420923 -5.7271605 1.9496475 21.1164 1.5628564 58.167836059379994 
Car -1 -1 0 691.8476025122673 179.65635204185884 775.0513891470141 234.92308108530665 1.4108872 1.6168374 3.748592 3.464301 1.6248868 20.794117 1.5306814 16.197465614380842 
Car -1 -1 0 341.79693044613896 187.30919260419975 381.103210903509 208.39589674660826 1.4763684 1.5543331 3.7137172 -18.953253 2.6174784 55.048306 0.85440797 11.015731668553343 
Car -1 -1 0 384.580824413648 179.85881051209688 456.7244916638175 205.6867306511034 1.5748937 1.6054367 4.0998116 -11.879277 2.0259748 45.493633 0.08328213 3.8384038109033156 
Car -1 -1 0 371.46861104320567 183.49417564215437 403.81760231567904 204.1446049451725 1.7322124 1.6989309 4.3295813 -19.933317 2.7225955 64.970726 1.5402522 0.2599547803401947 
Car -1 -1 0 73.7547661865823 189.89039441156666 204.34486379199717 240.78353486134566 1.4333901 1.5465665 3.9685469 -15.279106 2.0407517 23.699997 1.625259 0.2519153952598572 

