Car -1 -1 0 658.9907095581518 180.33927964798576 759.6119166663291 250.4354805531072 1.4409697 1.6465205 4.363344 2.2733312 1.6457868 17.524822 1.5232022 87.50241377983045 
Car -1 -1 0 637.6473057173795 176.13564727660784 678.6364702326646 211.58960385557302 1.4952531 1.5925412 3.6059399 2.141973 1.6516068 32.57126 1.5665116 27.82976792963542 
Car -1 -1 0 171.1819617582092 189.40104688247234 405.33894447198674 266.97931995868714 1.4218659 1.5820475 3.988315 -6.3098154 1.7724237 14.436524 0.029567428 58.19540975422177 
Car -1 -1 0 52.55933293635688 188.7301624231045 349.1608325389289 284.1953488016095 1.4278568 1.5760247 3.993721 -6.5653915 1.7068102 11.869337 0.010283285 75.1453333606341 
Car -1 -1 0 276.4716751238722 180.88099217497867 428.8087109889381 240.9041217542976 1.5344787 1.5727067 3.5723152 -6.9199786 1.7631226 19.623507 0.081444055 45.94096510987388 
Car -1 -1 0 405.73452813254005 177.9511209992724 498.5297223145806 208.4873851109716 1.457573 1.6319301 4.2960253 -7.732089 1.7167017 35.721554 -0.06807405 10.908934536650618 
Car -1 -1 0 377.1107503990036 179.40275318836044 491.7015965374218 219.66527229071662 1.534977 1.6628177 4.137753 -6.953218 1.8060641 28.853241 0.090507634 11.71650729207195 
Car -1 -1 0 632.1804852682478 174.5538249796761 668.5443017821167 206.10735862689066 1.5576161 1.5838987 3.64831 2.084612 1.6507003 37.664738 1.5402074 4.122435207983423 
Car -1 -1 0 431.82557320233224 176.4340547144143 504.53968266326086 206.24616188169364 1.645519 1.6377563 3.9051013 -7.9926605 1.8540422 41.044365 -0.08528496 0.8802905082702637 
Car -1 -1 0 799.9544886591391 168.23238452976696 885.1121641728198 197.61883754399767 1.5725944 1.5496883 4.1489105 12.680824 1.3252718 39.410774 -0.011289673 1.20611144743301 
Car -1 -1 0 497.52313735782 177.95971122012097 526.513133803593 202.53339334026995 1.437366 1.5566583 3.609365 -6.0230665 1.7677135 44.829834 1.5006049 0.34966933727264404 
Car -1 -1 0 526.7688688134357 178.09458396216624 556.1046636584603 197.46018165669253 1.5047312 1.6711937 3.870184 -5.6306534 1.9505756 59.291344 1.2786295 0.60916982930679 

