Car -1 -1 0 0.0 206.79529881304026 269.2928011253024 361.9622376862791 1.4562751 1.4873383 3.5134664 -5.9413357 1.977617 9.314222 1.554422 128.2806082901101 
Car -1 -1 0 698.1537312344157 179.1180955277035 802.8476163671455 248.02885841954227 1.410311 1.6484209 4.0376215 3.2076447 1.5769725 17.166553 1.5562663 74.79494865889019 
Car -1 -1 0 374.66061273355524 189.79104984852265 467.8039374335649 243.7072449992575 1.4481964 1.6698794 4.285371 -5.8485165 2.0375156 22.927414 1.6160539 89.32830284826433 
Car -1 -1 0 237.01071979748198 195.4372467374382 394.28557278736787 281.5978853804933 1.4443371 1.6281233 4.2281303 -6.010339 1.9901216 15.321375 1.567776 101.5174193930224 
Car -1 -1 0 679.5808223651221 174.45195045050275 748.3575147329207 230.73552571573248 1.600579 1.649291 4.020383 3.1823661 1.6552463 22.659197 1.5895196 49.068061891841374 
Car -1 -1 0 1039.721322179932 131.80425925963578 1242.0 241.8589770477959 1.5706644 1.6235853 3.9525414 9.126868 0.9848161 11.226835 -0.060234614 79.95839716464944 
Car -1 -1 0 996.6536689522748 137.75559969839824 1242.0 227.99812117621948 1.5995167 1.5856439 3.6356115 9.560698 0.97740996 13.657899 -0.042252447 50.17501183904816 
Car -1 -1 0 915.1677884766059 153.99270526433753 1121.9610820321113 223.78577642152786 1.4712902 1.5933771 3.8086555 9.085077 1.0736799 16.182552 -0.09404498 60.8220172251542 
Car -1 -1 0 836.3174775881686 159.77992398760455 1026.9682642282414 217.43815302636088 1.4411969 1.6436146 4.294822 8.368287 1.1144036 18.959213 -0.04805323 51.2393597320005 
Car -1 -1 0 659.2619865268167 176.4824898013387 709.8873962090638 214.5638118061876 1.5952549 1.5819781 3.8515053 3.323256 1.7691288 32.589806 1.4862702 27.408898135393894 
Car -1 -1 0 474.7403532503176 184.37258305525856 523.1018622655333 216.33513149496457 1.5158986 1.5700673 4.041855 -5.73249 2.1527638 37.80878 1.6640182 11.78286196681914 
Car -1 -1 0 430.13121122176375 187.8636145586298 489.51203445883937 230.10212708103734 1.500957 1.5739732 3.6180043 -5.8926477 2.1368873 28.751465 1.5834235 17.98227037850745 
Car -1 -1 0 518.3984225419546 180.66463949678416 543.0244060657351 202.3966916218991 1.4915327 1.5412228 3.875418 -5.7477317 2.0855389 52.904957 1.5283475 2.106290105132431 
Car -1 -1 0 643.1296463801184 177.16263104531507 672.7439338378217 202.27144996666897 1.5462179 1.5710907 3.5165005 3.1042676 1.8365082 46.829025 1.5367244 5.192550257509103 

