Car -1 -1 0 347.7444731412985 185.03043457414768 430.23864178642305 229.2936012482361 1.3879018 1.617002 3.8461614 -7.317277 1.3820927 24.46894 1.5778302 59.95661855096907 
Car -1 -1 0 125.67769774069211 187.76377244247752 311.4016945724308 271.7748909378681 1.4528012 1.5833274 3.5462396 -7.552627 1.510256 14.375683 1.6548467 44.71000868776415 
Car -1 -1 0 163.49749919413603 186.52989384741565 429.528793424003 341.51018417204523 1.4792476 1.6144873 3.6614614 -3.4371688 1.4985765 8.732656 1.5826225 102.20263160704236 
Car -1 -1 0 583.9652720278682 178.25219202676357 620.3041611031841 211.94623088585067 1.5119019 1.6312013 3.4438846 -0.25229344 1.1994389 33.989998 1.5559579 25.184965279922306 
Car -1 -1 0 1.6709192138066893 186.77536617230666 193.5819771749087 257.69944320427305 1.418165 1.5737262 3.8899574 -11.3817425 1.4580421 16.419811 1.589972 47.526255303023184 
Car -1 -1 0 453.9148520154859 182.36737443749962 532.8954305644197 237.4375852075953 1.4565141 1.6412598 3.9716213 -3.2165248 1.3811808 21.006678 1.5810859 56.79464354364826 
Car -1 -1 0 422.97128643586177 181.01726499328225 471.7113523601293 213.07373796889632 1.4466959 1.6024395 3.7819986 -7.575197 1.2572223 34.357994 1.5379295 17.256975245851137 
Car -1 -1 0 312.69005144192994 183.45110926100287 377.85597788104445 216.46174831934 1.4666033 1.5967357 3.9799542 -12.274302 1.3882058 33.934307 1.5794713 10.13543432482779 
Car -1 -1 0 498.3656264370514 181.25738611150143 537.6956347279461 211.2304170732124 1.4284439 1.6472121 3.9133859 -4.441449 1.2398001 36.246933 1.5309458 1.8172065853238586 
Car -1 -1 0 141.0151975116657 184.20182768909393 263.6004783750744 235.81621323895575 1.43522 1.5300086 3.7546282 -12.170725 1.4070277 21.889069 1.6018124 1.7856410490618204 

