Car -1 -1 0 664.7708064797297 177.1073068421083 733.9913742012088 227.17984034336257 1.3888656 1.6029928 4.3064127 2.7025607 1.5344386 22.537582 1.5651743 76.94294018024289 
Car -1 -1 0 361.66853071559694 175.48026691962167 501.95664437002745 221.55292837044612 1.4561567 1.6499088 4.2622333 -5.781947 1.5462886 23.836521 -0.047995966 54.56091532751961 
Car -1 -1 0 728.239041729304 171.1564648164597 826.7584563542374 213.04773066245212 1.536428 1.629091 3.4490087 6.3170266 1.4741681 27.421597 0.08503406 38.416888701308814 
Car -1 -1 0 189.07599274463377 174.5699017866706 429.66668770246446 254.74113137550756 1.5160413 1.6460321 4.154124 -5.899127 1.5525365 14.513132 -0.0048884344 88.20525848283806 
Car -1 -1 0 0.0 178.3332460236107 309.68762794223096 309.9911056995227 1.4668508 1.6008687 3.989101 -6.049039 1.5413289 8.9586525 0.024498705 42.09319127112481 
Car -1 -1 0 259.3049038605086 173.9407750981526 440.166875469686 232.76084181820568 1.4826813 1.6071923 4.214878 -6.796581 1.5128341 19.120178 0.045734793 20.725540237392234 
Car -1 -1 0 442.84938152191205 170.6719997546083 531.7687701054077 199.90151567021354 1.437315 1.6207733 4.238229 -6.1062694 1.3300184 36.359848 -0.032767586 16.10039500980329 
Car -1 -1 0 290.59858727947653 167.58212541304724 433.5504733091937 224.1482644527396 1.6030623 1.6133255 3.7456436 -7.2540236 1.4536593 21.433607 -0.09770589 14.017604038332692 
Car -1 -1 0 664.7313929770594 169.83116080410244 721.1640249036357 191.9833572792586 1.5471408 1.6700665 3.8144655 5.8879013 1.3360212 51.2294 0.0006026052 6.264153555840026 
Car -1 -1 0 716.9596497375261 172.9626901004226 814.6864780055407 207.41001014557338 1.4677012 1.6021594 3.908671 6.802514 1.4725996 31.633778 -0.043622363 5.531422205717308 
Car -1 -1 0 214.17807207518797 173.7707255603749 398.70017981862003 245.46505955209562 1.5911322 1.5832691 3.6670275 -6.9930897 1.6137354 16.91321 -0.04732339 7.3200932422252025 
Car -1 -1 0 542.6947519153445 172.12011190810287 562.2787403394323 190.1714481553401 1.4633753 1.5375065 3.9610984 -4.814516 1.4038806 60.54312 1.4663259 2.0163582856881157 
Car -1 -1 0 691.5321359190772 170.41970071331116 766.5728085917024 198.50515974035017 1.4991306 1.5825487 3.7714748 6.506413 1.3691937 39.47934 -0.094391435 0.28717878460884094 
Car -1 -1 0 734.1813461410369 181.7626714352478 874.2744871410795 267.5617338528133 1.4832582 1.5934756 3.6963005 3.816307 1.6893704 14.782093 1.4820338 0.7607447564114406 
Car -1 -1 0 403.8927037241024 163.33327483639252 521.3181584948974 212.17667299179945 1.7196776 1.6724564 3.9534369 -5.2808523 1.3844719 26.278013 -0.019251125 0.2542716860771179 

