Car -1 -1 0 755.8761551904936 188.70621045470978 909.8929687476085 288.83812424382285 1.3820662 1.5911238 4.061531 3.7022402 1.7057438 12.672062 1.6103303 104.7286324913942 
Car -1 -1 0 477.66350188870905 182.85318035762702 538.276486991813 228.6904050878847 1.6346154 1.6161121 3.6816678 -3.931872 2.055241 28.45539 1.6467443 67.09039372277373 
Car -1 -1 0 723.2979871721825 181.96284290320102 812.2265378541288 249.22822757421804 1.4660215 1.6322277 4.2700596 3.9228268 1.727273 18.506363 1.642674 82.49741466344084 
Car -1 -1 0 508.152464290115 183.08259071223225 557.15779408929 218.02524253267734 1.4739451 1.5550854 3.920791 -3.521099 1.9794168 33.63731 1.6557757 14.09891209921253 
Car -1 -1 0 998.396330923312 172.91867088509213 1205.8307617419662 241.2764723704828 1.4900382 1.6596797 4.0457916 11.935869 1.4917904 17.641335 0.67306495 50.34340674752804 
Car -1 -1 0 689.6355943369098 177.3584328083998 718.9808957435421 203.82403192067673 1.6136334 1.664922 3.795221 6.0810466 1.9168141 46.611263 1.6440562 10.393181613619921 
Car -1 -1 0 239.68529537363614 185.23409776621517 344.526113125704 220.84637070464765 1.5673065 1.6588718 4.0980496 -14.561185 2.1526842 33.240704 -0.022995435 4.85205557248701 
Car -1 -1 0 544.5052729259993 180.36749001042622 581.5737271111502 209.18724599149996 1.5983083 1.6123662 3.9897223 -2.7328796 2.0690887 43.14997 1.6622882 0.7334424254529662 
Car -1 -1 0 601.1993707449799 182.08575770025354 619.7232778040946 198.29438035119483 1.4695479 1.7002398 4.1988254 0.06073422 2.3915787 69.94703 1.5491952 0.2508942484855652 

