Car -1 -1 0 659.8792060502328 178.15906963588506 723.3562590673558 224.42203961028397 1.3981317 1.6221149 4.1549873 2.6808386 1.5926743 24.3721 1.5582933 52.470314767336696 
Car -1 -1 0 382.5182424153056 173.9540566068821 508.31715757050904 217.1687405950033 1.483452 1.6348577 4.1358457 -5.7695017 1.5239916 25.702116 -0.034517378 41.98378624178932 
Car -1 -1 0 236.74563523190685 176.78651106474453 447.21011401235876 246.69486756335718 1.4977329 1.6416515 4.1797495 -5.960723 1.5918255 16.409351 -0.016305469 68.14250124164323 
Car -1 -1 0 25.11621807145894 179.64821028814725 356.83458094079185 286.3941255842728 1.463341 1.6077952 4.053372 -6.100823 1.5730739 10.825133 0.012111383 55.62129964179612 
Car -1 -1 0 290.9862018897001 175.76809186430958 455.96434679825313 228.638839142661 1.4655163 1.6084275 4.273817 -6.7959633 1.5540653 21.012886 0.05101791 15.80038673285792 
Car -1 -1 0 448.1946321358248 173.01377797959876 536.2987560924893 200.8636461040748 1.4443877 1.6623176 4.354743 -6.2213655 1.4531443 38.489174 0.10543628 11.343477039533944 
Car -1 -1 0 721.1618836798102 173.70261755670083 814.295350649267 211.83882247914283 1.4934244 1.6043123 3.5308392 6.3545036 1.5290042 29.275482 0.10120105 9.197875841844562 
Car -1 -1 0 688.6027110910287 169.00769630703832 726.9623936248382 195.78605725530642 1.4986103 1.6614404 3.811475 5.7082467 1.2833575 42.301132 1.5515515 1.4189164227466766 
Car -1 -1 0 716.0780376341248 158.08274492868546 753.4558026588782 183.8556306157752 1.630208 1.5932717 3.8492787 8.212665 0.69588405 47.607216 1.5123141 3.088660566868042 
Car -1 -1 0 316.629653404206 167.9785162393021 446.0772365986371 220.43183118838832 1.6373682 1.5822332 3.7341554 -7.328046 1.4851763 23.425604 -0.0603475 4.785819742728256 
Car -1 -1 0 266.12303904602487 174.77620709717553 419.80454175533777 238.88134936316166 1.6090089 1.5411705 3.5021384 -6.937728 1.6619956 19.02585 -0.053893015 0.27842527627944946 

