Car -1 -1 0 666.2791571302865 184.92500443526419 725.5745594946586 230.78179154941057 1.3951958 1.5902112 3.5399384 2.8790784 1.8373928 24.659157 1.567051 76.95170677309159 
Car -1 -1 0 713.7315241445935 185.85732713978743 864.8692761334066 290.9260833469954 1.497222 1.6578236 3.9363453 2.9698853 1.7625357 12.746382 1.5618155 89.63428324157213 
Car -1 -1 0 335.0148168557096 181.89471015061747 480.5476276827191 231.24005393625396 1.495496 1.6697359 4.20374 -6.44888 1.8002614 23.285503 0.09863071 56.81843488191814 
Car -1 -1 0 779.8269529752729 197.9464652878728 1116.584561181059 375.0 1.4414957 1.609903 3.6425917 2.967807 1.7564658 7.2216473 1.5529518 82.50634193797057 
Car -1 -1 0 211.4057583053293 179.79940083452675 422.66757964746415 259.43152683913974 1.6021847 1.6529458 3.8815014 -6.1896048 1.7602825 15.547275 0.026218724 53.49405371445682 
Car -1 -1 0 649.5103590536094 178.68273159885823 687.5155939022877 214.02680613151696 1.6191218 1.6426184 3.808124 2.858817 1.9222925 35.60846 1.5919572 15.758441432459277 
Car -1 -1 0 636.3107824811207 179.39578612038542 663.4299018809046 203.9906041106285 1.6378338 1.6367159 3.7329822 2.8106942 2.1166654 50.931854 1.5517521 6.301372136954261 
Car -1 -1 0 0.0 165.72768161519045 312.23309921163997 333.7315267210941 1.8002627 1.6810554 4.236514 -6.0171776 1.7238998 8.625038 0.025052303 48.58101025905134 
Car -1 -1 0 117.97674908677575 184.61469109821488 384.0099606939274 278.4777503655524 1.5390246 1.638313 3.997769 -6.3207436 1.7656881 12.983981 0.0521307 10.581732191616672 
Car -1 -1 0 388.0182705745153 171.36309210088095 504.5589120955611 222.11749028592135 1.9148464 1.7226567 4.1293497 -6.315438 1.8585978 28.181335 0.04798925 13.957237651415834 
Car -1 -1 0 439.6167090550918 180.23035840328885 527.7652365189501 211.90342305121382 1.5171227 1.6678257 4.1054797 -6.198593 1.8924098 35.8384 -0.018281724 2.4535594928221234 
Car -1 -1 0 343.82048872396916 164.82622093999134 380.46842850913526 187.75171092339951 1.6180784 1.6585995 3.9293907 -18.107563 1.0514784 52.95768 1.4802514 0.2819211781024933 

