Car -1 -1 0 159.50799673003044 197.34951881363492 362.23596630117527 300.31426420089025 1.4311119 1.6061546 4.0595193 -6.0298643 1.9442182 13.060002 1.6022474 116.45858261428083 
Car -1 -1 0 730.94930515357 179.2901744672432 928.2291083672301 306.13181940232255 1.5307674 1.6726829 3.9173026 3.0584307 1.6456571 10.894566 1.5376025 104.36397094581268 
Car -1 -1 0 355.34044631880005 177.18074096394042 453.73975570968213 243.3440431252576 1.7321627 1.747601 4.2821436 -5.91257 1.872956 21.325338 1.5560596 86.84022317850246 
Car -1 -1 0 550.2494904613443 179.01807107988387 576.3924199605457 201.2448403431808 1.4694089 1.6944435 3.9000745 -3.2176 1.9199649 50.767456 1.5433053 16.996879699530048 
Car -1 -1 0 516.7133852607776 180.28235616004324 547.6831454649547 201.38000243865233 1.4683372 1.6767948 3.873187 -5.705702 2.040494 53.593803 1.6281519 11.630903930659768 
Car -1 -1 0 417.48144975097404 182.3975257895691 486.7894199062804 225.90161034112614 1.5038891 1.6349432 4.159254 -6.0059137 1.9018484 27.97804 1.609452 11.286627287800412 
Car -1 -1 0 888.4882108317581 156.73382391411752 1008.1987741166439 196.59901664259593 1.5232441 1.6254581 4.1918015 13.497901 0.90729403 29.000376 0.31984782 8.766112368549862 
Car -1 -1 0 471.61344876053437 182.08742901884978 514.6322951923742 211.741135677717 1.4337525 1.589556 4.105711 -6.107683 1.9492731 38.2265 1.5778251 4.254145569308485 
Car -1 -1 0 639.0169011090505 174.96501968569808 660.7832617130692 194.38328229530939 1.5516847 1.6636223 3.6112385 3.3772235 1.7325481 59.94176 1.6662859 2.8575629242863987 
Car -1 -1 0 829.2472067618448 164.05594796697315 910.1786153735652 191.16163142302747 1.4555266 1.5888397 3.9240632 14.270491 0.98308676 39.732925 0.10070305 1.0970755841519662 
Car -1 -1 0 858.3551257663414 159.55919509777146 917.6133731217888 181.5092259674144 1.6555526 1.6157118 3.9150555 21.298735 0.6528089 55.27649 -0.024434922 1.3464283518753575 

