Car -1 -1 0 420.8854325364326 183.76639661749357 507.9583738281652 244.57377491643533 1.5877774 1.649375 3.8205626 -4.210234 1.9422855 21.490402 1.6220362 90.31691113321891 
Car -1 -1 0 774.9689797304155 184.70608562483963 959.090212432604 306.0488386106755 1.4984541 1.6132977 4.1825666 3.8158743 1.721579 11.454795 1.6204271 126.22705140145206 
Car -1 -1 0 470.75397818570235 180.43514333549635 534.4465115732136 229.86948362578215 1.6459086 1.6293917 3.9875848 -3.8661716 1.9473231 26.66542 1.6067836 41.23543655174812 
Car -1 -1 0 693.7940190384053 176.43090467432086 731.2471785142039 205.8997722374992 1.5182415 1.7030733 4.226843 5.631524 1.7265356 39.857708 1.6294069 36.82406988548924 
Car -1 -1 0 522.1846942609875 182.17165657080457 565.0209331028924 214.71756577369248 1.4871323 1.6211305 3.9953926 -3.247375 1.9803302 36.16201 1.6129901 14.124433823526648 
Car -1 -1 0 130.4406614812265 185.65340562334262 270.4817164307462 229.2441080389922 1.4912349 1.614301 4.128433 -14.749676 1.9722279 26.175243 -0.065069884 15.106108429261196 
Car -1 -1 0 593.5515834515915 181.16946065335384 614.1089821281921 198.7479369101033 1.4337504 1.6134291 4.2574077 -0.47069073 2.185181 63.046234 1.6061552 1.7598812428586355 
Car -1 -1 0 501.0463229304675 184.62241419712365 550.695186481718 222.22079565579966 1.486214 1.5427175 3.8286452 -3.61213 2.0350606 31.69735 1.6248549 2.4009264598369113 
Car -1 -1 0 582.4073163859146 173.995407685219 602.92132206425 187.98946353327236 1.5153875 1.5933545 4.143808 -1.8611932 1.6464088 80.65631 1.7229161 0.8351533359213436 

