Car -1 -1 0 31.8183987398225 194.01724092667936 391.2479649473629 375.0 1.459871 1.6046641 3.802835 -3.5680003 1.573209 7.349047 1.5628856 99.57712908228719 
Car -1 -1 0 698.0142655979554 192.06987829625945 798.49623771783 263.89020005032256 1.3777318 1.5204465 3.3859394 2.9852123 1.5447117 15.813385 1.5625048 85.52485412120986 
Car -1 -1 0 408.283778958364 184.60390092750478 503.6379648124876 255.55568000282787 1.5732322 1.5803978 3.270213 -3.59368 1.5596666 17.591745 1.5931559 99.28749755336878 
Car -1 -1 0 467.7900235075195 184.34168055357165 528.2747201683326 228.20313577143014 1.4680126 1.5821209 4.033454 -3.8749387 1.4387598 26.076452 1.5706553 35.25944198301666 
Car -1 -1 0 648.149725627928 184.8796281405793 690.3671376785962 217.4532306030544 1.4442838 1.5516281 4.0270853 2.868753 1.4293828 33.904808 1.5470618 35.54120735839201 
Car -1 -1 0 361.42434090996824 186.78566416831376 429.44763884753297 225.98688736165647 1.421495 1.6175454 3.6181192 -8.170744 1.4866784 28.029251 1.5609624 34.082185609501764 
Car -1 -1 0 209.1103706538203 188.9524270939831 347.8816370566007 256.0016102864202 1.4424771 1.5702014 3.8909736 -7.880844 1.5443727 17.642944 1.5887829 30.892903834929424 
Car -1 -1 0 588.3241036746927 183.6648231641682 611.8180282837999 204.77043113924572 1.491575 1.5937884 3.8290298 -0.5532851 1.3819716 52.750793 1.526649 12.37583281364087 
Car -1 -1 0 499.0862087084221 184.7060830422947 538.7809433356982 215.32584402277075 1.4943435 1.5707291 3.6775239 -4.482893 1.4694726 36.92502 1.5756036 18.36099873690568 
Car -1 -1 0 619.6035457238659 184.45342885344536 640.8102265598656 200.86505797891945 1.4672754 1.7329712 4.0572786 2.093531 1.399125 66.31749 1.5472908 3.0900304934381744 
Car -1 -1 0 527.5542728145389 184.234913644464 554.1308528193429 205.6252057389 1.3973155 1.5150797 3.5751975 -4.5390167 1.333246 48.850296 1.3980489 0.9565448165065511 

