Car -1 -1 0 554.627230875371 179.27320603274003 639.2423766017597 247.41427218159268 1.5798061 1.6420047 3.7291708 -0.36612397 1.4420333 18.64188 1.4026792 108.67356801865061 
Car -1 -1 0 181.37300505161733 190.9186533491572 332.54199828135927 273.18315349237787 1.3892303 1.5892894 3.9091446 -6.8333216 1.5202087 14.466352 1.4363499 88.73514814749282 
Car -1 -1 0 458.8985360074739 180.12381565415126 510.897467922322 226.76989353478348 1.5232852 1.6835655 3.3887467 -4.277623 1.3570035 25.280718 1.4130235 44.00485466653186 
Car -1 -1 0 292.3102260531884 184.5944959008527 376.6080054954725 235.04760917525098 1.4497824 1.6104867 4.4196935 -8.576154 1.431932 22.960625 1.4234462 70.2287126177045 
Car -1 -1 0 368.6408232186544 183.4164373420392 417.41980586175123 215.09783778562417 1.4363928 1.6358795 4.256653 -10.295927 1.3548167 34.81205 1.4338405 22.14399654519554 
Car -1 -1 0 182.3256337332539 184.3809946259548 273.054557131263 233.55053820756407 1.4605219 1.5865057 3.5870438 -12.15863 1.4357281 23.258781 1.3919467 13.037489930152487 
Car -1 -1 0 356.1344910857636 179.88364269300234 383.9814325856472 200.01716309886078 1.5301008 1.5522828 3.66644 -18.623375 1.124877 56.5691 1.401658 7.058557445272035 
Car -1 -1 0 252.54836699606298 170.56930618560705 319.6143886128194 214.56490460433565 1.8743281 1.7644053 3.9692826 -14.516073 1.2503533 32.7146 1.4289217 1.1656571127394502 
Car -1 -1 0 454.97002022949863 182.38798501052656 491.21467327550215 214.67023373387724 1.4482632 1.5995585 3.4742627 -6.4027963 1.3214048 34.11576 1.3599015 0.2899090349674225 

