Car -1 -1 0 0.0 200.9518504091601 287.4345807272641 351.33088332106036 1.4541779 1.6159343 4.0225816 -6.1091113 1.9136789 9.768135 1.5967839 135.81779585616547 
Car -1 -1 0 772.0330763194581 180.00808369192154 1106.0159655216123 375.0 1.5496004 1.6654537 3.8630216 3.0312507 1.6443876 7.6045566 1.5411022 97.75795842724817 
Car -1 -1 0 297.5687565478592 179.01539239790108 426.50827672875755 254.8553801302213 1.6301558 1.7412829 4.2820005 -5.983616 1.8021563 17.999847 1.5725302 96.57734574716802 
Car -1 -1 0 538.3041462862252 178.43047791018438 571.4742634327406 203.15786412503502 1.4518566 1.726387 4.0786767 -3.3886778 1.8181081 45.339226 1.583219 12.431159436127473 
Car -1 -1 0 506.9679724454783 178.83296434455258 538.1294356038334 202.52803427100503 1.5510868 1.6170516 3.6430023 -5.9917502 1.9807664 50.008377 1.6010557 19.440903518148968 
Car -1 -1 0 386.1831607254738 181.45278676518024 462.8302603678141 231.82283806323264 1.5267081 1.5752361 3.954211 -6.185505 1.8426027 24.526579 1.5753173 22.67612265685124 
Car -1 -1 0 455.76879717842854 182.63830239410137 503.5470837857345 214.19409651201843 1.4145769 1.5986257 3.7333784 -6.3112974 1.9201001 35.396194 1.5921581 15.1140633843463 
Car -1 -1 0 966.3274166586694 154.2298858671467 1106.763293288127 199.0026075568657 1.4601932 1.6048942 4.058873 14.703639 0.8527963 25.105589 0.4289021 25.50356184454901 
Car -1 -1 0 635.5462447747451 175.54019110413307 658.6308031701847 196.51637313727448 1.5810897 1.6651309 3.7562337 2.9846702 1.7999153 56.83186 1.6632481 6.39348576056466 

