Car -1 -1 0 667.980114653296 181.36113595326964 731.2198234653648 232.7308471310854 1.4293178 1.5485811 3.9493203 2.7480428 1.7205751 22.71836 1.5841265 97.99561965079168 
Car -1 -1 0 0.0 205.7647183035432 354.58083111021426 375.0 1.4097457 1.558285 3.4101794 -3.8075244 1.7986243 6.81036 1.584296 109.43816668690448 
Car -1 -1 0 251.1836371809249 194.77587075547706 386.5419946320464 273.2453405336106 1.4477409 1.5816609 3.5384536 -6.3099666 1.9899037 16.073359 1.5735803 58.90551757196369 
Car -1 -1 0 777.2339182966402 166.26425762454306 919.5899340834625 211.9388502094065 1.517787 1.6897268 4.353009 8.180365 1.2988068 24.930431 -0.05038722 64.65848256375239 
Car -1 -1 0 872.3358983325852 168.61645170139533 1116.5549968090202 239.85116488671167 1.4563701 1.674908 4.3884163 8.179753 1.3697348 15.597436 -0.0038229795 113.1868772079647 
Car -1 -1 0 377.0777108253869 191.4149791906748 452.70740811847054 241.41407955336732 1.40989 1.546961 3.912117 -6.3158317 2.0728812 23.794205 1.5401291 46.18015481489289 
Car -1 -1 0 1024.4845972740693 153.46681964547042 1128.1304187880232 185.87582583090162 1.5057396 1.5871975 3.8809276 22.185608 0.60500073 34.39292 0.039651606 16.02248158349927 
Car -1 -1 0 1065.7399041666806 151.9127047105114 1176.144473812892 188.7989034716791 1.5546176 1.6157705 3.7472458 22.174881 0.6720189 31.359198 -0.076677755 23.017605729180463 
Car -1 -1 0 466.7228850927615 183.0690075226839 512.9411952813107 215.17847312694357 1.5596085 1.5560989 3.9871943 -6.3073134 2.131926 38.385143 1.6367844 8.058461575615715 
Car -1 -1 0 1123.265504653653 148.55525668924972 1242.0 188.59708539974994 1.5026109 1.6463227 4.0778008 22.549555 0.5907754 28.08025 -0.090367705 10.54073238383608 
Car -1 -1 0 829.8797458992887 154.84487159733746 1015.7400403083867 226.64150206956236 1.7808442 1.6828711 4.101967 8.037052 1.3341455 18.756659 -0.008887918 13.071826009264596 

