Car -1 -1 0 719.6820195100561 182.93783657243983 798.682226266222 243.74100415181627 1.438849 1.5873703 4.1878457 4.01536 1.7473372 19.929585 1.6402552 74.35980120046871 
Car -1 -1 0 827.5720793148765 180.06422280882455 1207.308050703408 375.0 1.5643636 1.6628066 3.7528636 3.621636 1.6559303 7.2739096 1.555026 93.65633693348252 
Car -1 -1 0 761.4868159121828 185.29487757200414 906.2108275447788 281.08397905041505 1.4904541 1.6158231 4.164447 4.104075 1.7661805 13.883007 1.6046772 75.56364427830641 
Car -1 -1 0 705.8928596119622 180.64131350798598 766.209979729125 227.21622479983824 1.4792464 1.5161164 3.2800653 4.333105 1.7679443 25.107506 1.5682307 34.071624430505516 
Car -1 -1 0 555.3529105485968 175.14802710651674 592.0824344532051 205.39067919380474 1.486565 1.6065164 4.1956687 -1.8302405 1.6138266 37.90798 1.5988548 26.40745626006466 
Car -1 -1 0 690.4230521153702 178.22296025591532 737.7906851141688 216.59103997365594 1.5778224 1.5283841 3.3585985 4.5596104 1.8274062 31.844387 1.5465398 22.085282520909328 
Car -1 -1 0 679.8989560279508 176.43042955533488 720.2874194968807 209.44115060203362 1.5683655 1.5830352 3.590453 4.5254784 1.7580289 36.46724 1.5685153 12.729811392202958 
Car -1 -1 0 494.4071838736778 178.79998083799615 568.2827409983574 236.71717676502783 1.5531375 1.5851994 3.735171 -2.2548945 1.7473927 21.657501 1.6358224 7.567786962691346 
Car -1 -1 0 444.56783446014657 161.10738398535224 551.134839219693 261.344106481188 1.9379222 1.6912816 4.3921614 -2.3381686 1.7108195 16.148714 1.5741407 54.737505323952526 

