Car -1 -1 0 689.7952149719296 169.72995724000018 895.0926298844076 241.94623955967 1.4485362 1.651284 3.9602416 3.8640907 1.3858731 15.55575 -0.13407749 140.10942090548275 
Car -1 -1 0 637.051579201193 165.95000571744328 741.2822764376816 209.4853437847533 1.5229951 1.6127105 3.4899647 2.8556874 1.2814728 26.262157 -0.12684748 55.84473092626966 
Car -1 -1 0 105.44759939512917 171.23983468211935 332.12927783804065 250.67810030108427 1.665515 1.668634 4.1458836 -8.5963745 1.631672 16.177061 -0.10611912 95.87660441007351 
Car -1 -1 0 177.65983838319042 177.73472355901674 363.786225705197 240.04224346126117 1.4992306 1.6182852 4.0496755 -8.602085 1.6324865 18.615566 -0.14023146 26.651354267265624 
Car -1 -1 0 0.0 180.95737664108123 225.9879651891814 302.4882461073324 1.5540401 1.6263112 3.8044171 -7.831862 1.6808906 10.325365 -0.08385004 43.59804294271576 
Car -1 -1 0 294.1345209152599 171.9448198362341 419.39161475093545 213.97309401169983 1.490582 1.6252093 4.10427 -9.239519 1.4583367 26.629051 -0.11302586 45.50952926099818 
Car -1 -1 0 621.4630148263718 167.69899442460385 721.6511911922057 206.59132160423803 1.4857345 1.6214836 3.698202 2.4179182 1.2888068 28.60128 -0.12656087 15.871336455047844 
Car -1 -1 0 444.8982691038295 166.51820966021833 475.15082957134877 186.27778050258055 1.7024429 1.7029117 3.9257507 -13.355402 1.1565642 64.30302 1.1108823 7.242928757251979 
Car -1 -1 0 221.94577163795404 178.4495186037701 382.5926752480225 229.79593257571193 1.4490047 1.576771 4.094739 -9.0258 1.6218582 21.420336 -0.039695285 12.464256536310318 
Car -1 -1 0 870.7267532118548 162.90057922456452 915.387541954146 186.88343664107344 1.4876827 1.670981 4.2042894 18.481873 0.87026095 46.944702 2.2075973 4.889308646912702 
Car -1 -1 0 320.37788824078336 166.27350274075516 419.2529155949871 205.04658028843988 1.6318455 1.6321104 3.8787823 -10.382562 1.3548914 31.476189 -0.15673275 1.3552349325034312 

