Car -1 -1 0 763.80712582781 173.0901002622123 1232.2004465795537 375.0 1.6690089 1.6387852 4.080782 2.6199176 1.6716745 6.0785255 1.5355815 132.0433619533797 
Car -1 -1 0 649.78445639842 178.4368158674052 684.8092328433709 207.08320557276892 1.4700727 1.6024956 4.1251965 3.1423974 1.7947245 39.895466 1.5697939 21.946050919767195 
Car -1 -1 0 154.10836222702721 188.7899980999558 400.19552121952245 268.76526899144443 1.4469807 1.6406797 4.125294 -6.4507933 1.7818751 14.284044 0.02862956 63.76363735208736 
Car -1 -1 0 0.0 191.75608728121398 304.0421480791446 318.5434525118849 1.4488549 1.5654687 3.868856 -6.269957 1.7215629 9.46804 -0.083784245 77.18389891575424 
Car -1 -1 0 219.0734908714237 184.49690512419284 405.19450161551083 254.75126951211595 1.5151672 1.5763097 3.6466694 -6.769781 1.7972674 16.658417 0.019739151 14.63080710177848 
Car -1 -1 0 376.39744630165274 183.2620600063115 503.53130736072114 229.9137405078542 1.4734442 1.5652821 3.8457265 -5.61692 1.8349764 24.133514 0.07777732 21.267448749113907 
Car -1 -1 0 325.2333770431229 182.15172883783117 461.6847371804774 235.11628498874668 1.493849 1.5621791 3.6650703 -6.520165 1.7906616 21.892576 0.20707594 6.015494646816949 
Car -1 -1 0 408.92298492526305 179.97028521793038 510.8209431369712 218.53659423891727 1.4968201 1.5505029 3.8038876 -6.131131 1.8012037 29.655748 0.24081093 4.691924213082145 
Car -1 -1 0 522.7190660984246 172.58205201604707 549.8189482559515 196.87294513140125 1.7773161 1.6423345 3.9314837 -5.5256577 1.7574179 54.7625 1.5748177 1.7333559524288615 
Car -1 -1 0 444.7049790009218 179.25378153486093 535.665078011512 212.37292076304476 1.5082009 1.6382407 3.9757938 -5.6204925 1.8204312 34.219826 0.08364 0.8760480486893941 
Car -1 -1 0 390.800944703577 182.25420797547963 512.176094422222 223.99879086558536 1.464164 1.5832015 4.111539 -5.8244667 1.8266385 26.796223 0.11715584 1.1883364912512833 

