Car -1 -1 0 57.87340979012807 200.88763374049321 305.1808193709917 329.476683939858 1.4594593 1.5217763 3.482536 -6.0697947 1.9448812 10.726856 1.6061488 117.0313897317267 
Car -1 -1 0 257.9692383369478 193.70239495966433 406.45277249405234 273.0761316321958 1.4404498 1.6451284 4.165173 -6.0574007 1.9725821 16.308918 1.6024014 102.82306135605377 
Car -1 -1 0 705.2457461660679 178.3028328298911 843.3795138941475 271.7513414410919 1.5427041 1.6861248 4.05583 3.0513291 1.6654531 14.20268 1.541392 95.76359788180909 
Car -1 -1 0 391.8403069895609 178.15312170662364 471.3356137312204 233.49434435018955 1.6893955 1.70211 4.2841043 -5.946993 1.885809 24.59129 1.5580528 71.99013188117591 
Car -1 -1 0 442.0559120175913 182.85747478960243 498.76534103570816 222.53244869655708 1.5521327 1.6122831 3.964009 -5.9463577 2.0128815 31.234322 1.5923352 7.477684959585164 
Car -1 -1 0 521.7707250793962 180.09904643025305 549.0368437190112 199.75088204165584 1.4527096 1.6981964 3.9512808 -5.7990136 2.042837 56.7862 1.5818458 4.003428514070162 
Car -1 -1 0 558.3941637698096 180.05905134871801 583.9944841485035 199.88895377611402 1.4578878 1.6526458 3.8936286 -2.9681244 2.0414262 56.460636 1.6088821 4.092535337372413 
Car -1 -1 0 637.3083874703818 175.58990340470092 656.0978019012144 193.09840398076724 1.4731071 1.5952519 3.6491752 3.2650342 1.7196815 63.16037 1.6300238 3.2212633820418413 
Car -1 -1 0 682.685192093912 172.9236431524159 705.1260907895133 192.29658414570392 1.5006335 1.6495427 3.7704847 6.7322297 1.5064045 57.849354 1.6503974 0.3109416365623474 

