Car -1 -1 0 385.9053651089131 192.9545819963026 461.4558903722459 242.8784721941141 1.4746206 1.55163 3.5119061 -6.229267 2.2076914 24.531404 1.6074102 63.336748626102235 
Car -1 -1 0 654.9447380481503 178.0865130009832 711.7667712028671 222.36057616775528 1.573478 1.6175251 3.7019336 2.7915936 1.7901881 27.98726 1.5109675 67.59902390801211 
Car -1 -1 0 428.67594230817 191.546001144694 490.6877689357336 232.0298427552738 1.4670453 1.6400483 4.0029764 -6.1556115 2.2978046 30.042942 1.6012774 41.896889291373256 
Car -1 -1 0 30.58341767815358 207.1342398295112 126.39500093053354 246.59047521487793 1.4682055 1.6221108 3.7418017 -23.474253 3.0821395 32.065132 1.5260664 15.800000500630947 
Car -1 -1 0 0.0 209.61067778106815 79.35323319053683 250.41144534788032 1.5105855 1.6234719 3.8270538 -25.7971 3.2485461 32.16923 1.5271345 22.477614685515917 
Car -1 -1 0 80.01418027468915 204.56656322562944 181.86943226014728 244.66207915045268 1.451008 1.6842924 4.1597977 -20.736107 2.9261017 31.481924 1.5709634 28.65305607794307 
Car -1 -1 0 471.2597509489275 184.75475497475614 516.5582203711252 217.8945710926583 1.5970278 1.6141331 4.3130646 -6.1061954 2.2681904 38.514057 1.5987668 9.914684203521315 
Car -1 -1 0 145.68717279521476 202.88885091847112 239.24861101141948 243.48571291535765 1.4863043 1.6471133 3.906349 -18.009384 2.8751764 31.368355 1.627924 6.385255738201442 
Car -1 -1 0 535.1526733853282 184.85088112680737 554.0099152160114 201.56156003176838 1.5291679 1.6194985 3.5796208 -6.31997 2.730534 70.44208 1.541656 2.2562028537851475 
Car -1 -1 0 517.074514346427 184.08753203033396 542.3958979201249 205.72282592353858 1.4992709 1.5563271 4.1851397 -6.061881 2.3819528 54.492012 1.3769236 1.343225932755786 
Car -1 -1 0 834.1948500907398 166.76499678646775 880.7438676570871 187.15246361906338 1.4418795 1.595473 3.9301174 18.183361 1.0112417 53.09332 1.4183388 0.2935883402824402 

