Car -1 -1 0 561.2890233503592 178.90756714422366 615.7615691551309 228.6884024274134 1.5369823 1.6819915 3.2172172 -0.58606356 1.3422189 23.80835 1.5647256 40.56090684612437 
Car -1 -1 0 466.3489637881724 180.31081026265264 539.8694114101546 231.1088065141251 1.4759984 1.7120132 4.0635304 -3.216517 1.3334808 22.928928 1.5825437 53.18378607123986 
Car -1 -1 0 408.4235206762349 181.54856623480939 457.91699772441535 213.87543449356062 1.4633819 1.6018851 3.8553603 -8.285121 1.2973771 34.503353 1.5254948 49.43855273135801 
Car -1 -1 0 374.55210460000126 180.47771521211433 418.4246345877224 205.378471155118 1.4326222 1.5864885 3.9229767 -12.642862 1.1600305 43.33969 1.5446639 13.751668419059314 
Car -1 -1 0 38.15706387854706 189.14621077238345 198.8276899491664 250.958714977574 1.3768158 1.6049352 3.6878986 -12.10462 1.4860303 18.111563 1.5466156 22.581027706313037 
Car -1 -1 0 457.09606128594334 178.06846752430647 489.3074247555037 201.76451221583665 1.5030663 1.5438385 3.6764026 -8.804306 1.0497096 47.458336 1.5408299 6.8052989067639125 
Car -1 -1 0 190.892763216 172.02383853156707 458.1336582703492 346.27288121513334 1.6731516 1.691041 4.168748 -3.1481457 1.5464824 8.989685 1.5741273 76.56505226839984 
Car -1 -1 0 294.02913863277337 178.68679308583205 390.92647033388 238.56692859673177 1.6338508 1.6076627 3.6455808 -7.7757206 1.4557073 21.451973 1.5517998 2.0864669778491 
Car -1 -1 0 254.1020473517323 185.93316095197997 328.4196329396893 226.4503043042946 1.4981458 1.5375888 3.478126 -12.3964405 1.5282737 28.414637 1.5259877 3.337335955614745 
Car -1 -1 0 530.4242462902828 179.70382222471667 558.0726570642955 202.87983442309556 1.5102017 1.6062001 4.039613 -4.323186 1.1510353 48.96191 1.4157099 0.2605968415737152 

