Car -1 -1 0 536.9171349638731 188.75347721797445 679.1512111533303 276.33220642929723 1.3740267 1.5637589 3.6913843 -0.17224346 1.7277813 14.050689 1.2066634 118.6676508612443 
Car -1 -1 0 436.4228298973952 180.65369387490895 493.6791701077902 221.34775135239295 1.4363968 1.5889003 4.0235996 -5.763607 1.7674236 28.460133 1.2118449 60.59081706421772 
Car -1 -1 0 252.9262829901535 182.71391162826944 295.49161671655344 214.76402003399943 1.6482685 1.6234636 3.841734 -18.741209 2.229414 40.455 1.2814794 30.693403344132175 
Car -1 -1 0 0.0 200.87360559788902 178.96813214591901 315.77618712421537 1.4526296 1.6138599 3.6468906 -8.475024 1.9993646 12.086397 1.1908264 70.21335041429752 
Car -1 -1 0 421.53478137647835 178.28490170331514 468.27653805978997 214.47140619686527 1.5610077 1.6206343 4.125743 -7.8137465 1.8336494 34.00666 1.2149012 16.827293779565164 
Car -1 -1 0 621.1936724867647 166.67581950756545 711.9986692810411 205.49678617526882 1.5512516 1.5944518 3.4855552 2.3950748 1.3043768 30.181332 0.3520793 37.5189182325381 
Car -1 -1 0 565.3066973290488 172.91242199630128 653.9798794267793 207.0176135826084 1.641318 1.6248715 4.1559644 0.021312326 1.6443397 36.025307 0.24749872 2.6984508199467387 
Car -1 -1 0 409.6765761729843 177.56972301130057 430.5390193176393 197.26716068632663 1.5795608 1.6351862 3.607814 -15.974509 1.9894409 60.756496 1.2962346 1.067111808694501 
Car -1 -1 0 1112.9518155156934 158.15143204500936 1242.0 254.32425537767583 1.4198029 1.5532039 3.5266988 10.125867 1.2027483 12.578867 1.9826558 1.2626047121315453 
Car -1 -1 0 173.17110798285583 180.2968736505766 208.545421097637 202.86384408024625 1.4713235 1.5927291 3.6734736 -29.17617 2.0114703 50.36312 1.1984738 1.3907668785338074 

