Car -1 -1 0 398.7151636461094 181.9529484892028 500.8164097309905 250.6256210565943 1.4744014 1.6037642 3.6088417 -3.6509757 1.4043502 17.251913 1.588176 95.81434362557786 
Car -1 -1 0 27.573635224786628 190.36932006571325 247.01041481988463 279.1453336897862 1.3820195 1.5710756 3.8130965 -8.415704 1.4911819 13.319393 1.5716009 71.24342049235277 
Car -1 -1 0 357.55928978965864 182.18288980200805 421.1480031495819 224.6321205373559 1.434213 1.5244361 3.4828436 -7.8261547 1.3317449 26.088703 1.4838396 25.87649564381435 
Car -1 -1 0 247.25139452254632 175.07033521947014 369.4111523131034 243.8542351164702 1.6692553 1.6335481 4.02287 -7.918189 1.4230465 19.456804 1.5709093 78.25334632843528 
Car -1 -1 0 576.050822071408 177.63277809640104 616.7443419731211 215.04785782831735 1.5267347 1.6611362 3.327101 -0.4688673 1.2173111 31.01072 1.5536311 27.462748948613214 
Car -1 -1 0 493.9417758105511 179.71811534501882 545.7899476945787 218.06017068885396 1.4689865 1.6233945 4.1847935 -3.5246377 1.2583594 29.634844 1.5722203 58.730616028375394 
Car -1 -1 0 123.13972212055631 185.64726106924235 255.18712834718613 237.8568876949621 1.4056655 1.6486284 4.0161376 -12.264129 1.419732 21.409046 1.5541501 25.003064297941293 
Car -1 -1 0 461.19813378278633 177.40491076581296 495.68487435563014 203.2430562289056 1.5228821 1.5776236 3.7463748 -7.8832526 1.0625198 44.26897 1.5351596 8.510690249066565 
Car -1 -1 0 297.97263249805167 157.56861510516148 349.90769740551605 184.09582468503248 1.5177436 1.5597537 3.9287686 -16.976551 -0.070465535 43.263836 1.5761986 0.8248311199252057 

