Car -1 -1 0 680.8020406533138 176.3503243988009 779.8140023352622 261.46146335371236 1.6918404 1.660182 4.107983 2.6330006 1.7822173 16.581932 1.5895448 106.35584278662115 
Car -1 -1 0 661.8382180805806 182.3348020512305 733.7836460603813 236.52704845491485 1.4799898 1.610098 4.227831 2.65909 1.8049293 22.591442 1.539418 34.841090127199344 
Car -1 -1 0 645.9826403416079 177.84567149606346 694.4998030903346 217.87341456533625 1.6283094 1.6490709 3.5895438 2.6025329 1.8599273 31.644772 1.5187497 39.14384434643505 
Car -1 -1 0 170.398149097523 189.46966664720983 400.265482089496 271.4483300143176 1.4718575 1.571788 3.7739682 -6.193976 1.8139005 14.06392 -0.0018304617 55.026761925326326 
Car -1 -1 0 226.71156398309796 177.76722756344043 431.33291460020916 253.41655766540399 1.6368649 1.6904471 4.102499 -6.3624263 1.7574239 16.722378 -0.067907885 43.2268948487604 
Car -1 -1 0 634.5301560531499 179.73241556641213 661.5793328606937 204.87632285598207 1.4882257 1.5309179 3.456346 2.3889332 1.9373865 45.38516 1.5749142 6.240421070847634 
Car -1 -1 0 43.074819284457426 191.36494615495542 352.96734705685014 293.5259607963389 1.4760973 1.577096 4.0543313 -6.422344 1.7948759 11.578911 -0.028878096 9.80200967613204 
Car -1 -1 0 470.10327677908344 180.6877390677385 541.181100707483 206.84094633286674 1.5023715 1.626555 3.9473085 -6.141531 1.9778216 42.89044 0.045178726 4.453900260074529 
Car -1 -1 0 401.39506509568366 182.87435521905604 497.89456500807296 221.10386145085573 1.5265205 1.5850579 3.6605937 -6.6058083 1.9549065 30.040468 0.0076010884 4.031014620864571 
Car -1 -1 0 0.0 160.7956140205663 293.8656599813839 325.8064965801907 1.8696244 1.7313218 4.2571683 -6.464532 1.7329991 9.044195 -0.0015454384 21.50856436972265 
Car -1 -1 0 351.8934160037396 184.72405390545413 468.7591065726119 228.6805281983456 1.4970139 1.5842896 3.8970735 -7.139711 1.944296 26.158998 -0.12542272 0.314092218875885 
Car -1 -1 0 420.37912685793685 173.51547594405994 507.91195127980416 211.7377441446507 1.8179853 1.6773823 3.9143686 -7.0549397 1.8511121 35.242355 0.0277087 0.2513464689254761 

