Car -1 -1 0 586.3232799213472 173.58289557313344 649.8155334081353 222.26641540646824 1.5655872 1.631755 3.546797 0.22517389 1.5928832 25.14026 1.4114113 93.17028844706984 
Car -1 -1 0 785.9892443689196 178.60355086317824 1199.291741359813 375.0 1.4993311 1.5644155 3.2978115 2.7787585 1.5614204 6.0897675 1.4969627 101.95217099810964 
Car -1 -1 0 225.6602355642833 185.36817227460813 374.18094825632323 278.537622221449 1.4858761 1.6349797 4.208912 -5.907153 1.7718115 14.291561 1.4367967 69.57362266824217 
Car -1 -1 0 55.18319647198906 195.69073878986856 314.94931030895435 346.936308890545 1.4025204 1.5586481 3.5859728 -5.0375233 1.7512016 9.137573 1.44025 59.83169032180798 
Car -1 -1 0 404.9749950256216 181.2300085495599 452.5077774227072 219.9118534523222 1.4853218 1.5735493 3.606618 -7.5614386 1.8604863 30.42239 1.4305859 35.04588183272306 
Car -1 -1 0 564.3345046560195 175.2982399013467 602.3022954192103 207.54531494807782 1.4863865 1.5364798 3.3274014 -1.323571 1.6118176 35.275543 1.4363415 41.112520419087346 
Car -1 -1 0 658.213108914984 163.4840575299288 810.0523776991645 268.84260144007084 1.6330299 1.6156726 3.604453 2.0877218 1.4877982 13.094386 1.4051939 99.19117341964753 
Car -1 -1 0 425.7574854796356 175.59956084661832 464.6289198323204 207.6478038530211 1.6412768 1.6363568 3.9488165 -8.910252 1.7988507 39.35722 1.4587877 11.58571363211471 
Car -1 -1 0 545.8996149571177 175.14666303021824 572.7790354270759 197.94586807257951 1.5337597 1.5907772 3.8176143 -3.5790913 1.7020249 50.949505 1.4205819 4.711977847222033 

