Car -1 -1 0 641.5078460369696 175.83730465951882 724.9585496870303 233.09057289869853 1.4260515 1.623334 4.3923483 1.9651582 1.5199177 20.45428 1.4999839 74.92468763172819 
Car -1 -1 0 229.38104232827192 183.84545340544304 423.8614176468041 247.5565996028393 1.419324 1.5854037 4.0206804 -6.652481 1.6945522 17.2174 0.02869405 50.56952004428957 
Car -1 -1 0 626.7810542540411 172.90882856582388 661.2729768890302 204.39640794185425 1.4700738 1.5203106 3.440795 1.6506904 1.4728956 35.414993 1.5683368 18.34121007533381 
Car -1 -1 0 307.606554017465 176.84754763940137 441.5720770007764 228.4226740714847 1.5219266 1.5727751 3.6206582 -7.220313 1.6507642 22.356201 0.07605449 36.135329372109794 
Car -1 -1 0 148.83247898744617 183.46374261301682 383.5083065425681 259.6556076832704 1.4399984 1.5936546 4.0118785 -6.851352 1.6676794 14.673252 -0.0069146873 82.92339851813388 
Car -1 -1 0 386.34318660034995 174.26608389171878 485.49602047837664 210.99206387614498 1.5511577 1.6372733 3.9182644 -7.6144133 1.6156433 31.758512 0.20026194 8.73928476885705 
Car -1 -1 0 620.7164839187069 171.76316923799223 654.5547185444549 199.54151130959255 1.4878435 1.6024275 3.7779498 1.5350637 1.429417 40.567154 1.5291829 1.7688382768151303 
Car -1 -1 0 493.4317710446998 172.2564398554033 519.9572500556849 195.37548436125508 1.5248966 1.598399 3.6934779 -7.0957394 1.4854822 49.559345 1.3728913 1.838983205384895 
Car -1 -1 0 414.8151598586219 170.96539273069868 498.2738278602851 201.43541409826156 1.5772393 1.6822062 4.219656 -8.089003 1.4794779 38.441254 -0.12211106 1.2778016540488175 

