Car -1 -1 0 622.4080950416314 175.34290110100108 667.6810601804999 206.38775303837514 1.4464692 1.5444971 3.6069186 1.7097123 1.5766023 35.824657 1.4153403 61.57401664746477 
Car -1 -1 0 742.24590858794 175.83587377671054 857.7440540182567 223.34549407244805 1.4036865 1.5363497 3.6050625 6.1103983 1.5088613 23.505857 1.0417119 74.18440209558796 
Car -1 -1 0 611.0032304275346 173.28538206478663 637.8183390329064 197.91337647906016 1.4750645 1.5359739 3.7240043 0.89512455 1.5031831 45.156742 1.5529672 7.127623658918634 
Car -1 -1 0 151.85589626054198 174.6852271258948 358.97478541384925 257.1486886947644 1.5768803 1.6265843 3.4116936 -7.079488 1.6162199 14.667458 -0.011638766 77.70180988357303 
Car -1 -1 0 423.61761211928854 176.56417783585098 500.6097306088268 205.48901751651303 1.488236 1.5737675 3.7442298 -7.7475305 1.6883032 38.1177 0.001918857 7.042181471415194 
Car -1 -1 0 463.6738155319332 174.87773454464752 527.2812483182018 197.91549793889112 1.5246446 1.6541789 4.0002213 -7.688629 1.6641879 48.832832 0.04677876 5.270080127530182 
Car -1 -1 0 392.00871062896107 174.1002512763605 488.1582603896169 211.094298696323 1.5539913 1.6427585 3.7922184 -7.2775803 1.6094162 31.228289 -0.020986415 10.65737631851275 
Car -1 -1 0 207.42259613240827 177.97029775562876 401.5260553625571 246.591225586717 1.4907091 1.5980738 3.7935054 -6.9145117 1.6142974 16.61283 -0.009231856 8.404589530000914 
Car -1 -1 0 436.0072627914501 175.7403965116735 507.3549723457212 201.829356482943 1.5198373 1.6028712 3.9173412 -8.21253 1.6961373 43.154076 0.059896324 0.5200530886650085 

