Car -1 -1 0 698.478486788731 178.13978464284196 804.3190619702779 256.6440583500817 1.4687109 1.6041293 3.9763446 2.953568 1.5989316 15.772318 1.5903924 137.73959616867572 
Car -1 -1 0 0.0 202.2862903964201 253.58161328655802 360.7871227078548 1.4714751 1.5556958 3.595168 -6.186673 1.9186355 9.1642475 1.5712903 103.18381794292374 
Car -1 -1 0 847.3718735085173 153.37982296576712 1064.60511801665 218.8421272677977 1.5433211 1.7158501 4.5588193 8.45368 1.0842032 17.874401 -0.002503088 116.21330514585955 
Car -1 -1 0 442.81440457483575 182.9483994127078 498.9562300357435 219.77116626710628 1.4448849 1.5972389 4.046981 -5.970028 1.9136657 31.469105 1.590582 36.34740974127872 
Car -1 -1 0 310.9712988182195 187.4966674788425 425.4557453826388 256.4451682518587 1.5016034 1.6329529 4.1164603 -6.078093 1.9223163 18.662083 1.5572059 38.44140156603087 
Car -1 -1 0 484.9421969929155 180.33463201393596 524.8445052993753 207.17486425962454 1.4446942 1.5459098 3.804699 -6.022302 1.8989556 41.86886 1.632735 7.276526351273534 
Car -1 -1 0 964.6179469308373 126.99181023713695 1242.0 250.63599083218315 1.8623209 1.7096567 4.31321 8.367287 1.1715474 11.779194 -0.026390493 67.69624088339154 
Car -1 -1 0 502.39294611254905 178.42733224902628 536.7057841840283 203.1777365524425 1.5360823 1.5509812 4.000096 -5.909387 1.9206326 47.742683 1.6296699 3.3382074336475855 
Car -1 -1 0 723.958174413391 166.9905816316542 753.3327742792179 191.49746491148971 1.447215 1.649099 4.1861596 8.058234 1.1009599 44.829163 1.7832994 0.8038106641154067 

