Car -1 -1 0 703.4537307030098 185.2785681715507 802.3634163341725 222.98667743788792 1.5154692 1.6844567 3.8115115 6.020602 2.057905 30.559832 -0.05262284 52.29640878083675 
Car -1 -1 0 792.6059828735939 191.02690872822566 954.9963354096881 251.07940088551433 1.4237763 1.5649234 3.5917227 6.7137537 1.9131546 18.538454 -0.0617775 83.11257840314768 
Car -1 -1 0 855.7384691889791 192.30199993654674 1207.0252185292356 298.59095285477395 1.4574654 1.6891483 4.393073 6.2570662 1.7784684 11.05759 0.003338227 109.54688971153053 
Car -1 -1 0 125.97368997522882 187.91278740129238 391.96350344076944 273.1555226664321 1.4296386 1.6233461 4.116319 -6.31333 1.7271786 13.340666 -0.051171612 117.68017419174772 
Car -1 -1 0 224.70753072963223 186.78999209463285 444.82650659821047 259.70950643317406 1.4582007 1.6295649 4.1865163 -5.8452845 1.7799757 15.723398 -0.058877353 54.24376748790402 
Car -1 -1 0 770.5289967009197 186.59451530449797 913.5155220134303 242.03061908665734 1.5018748 1.5872025 3.5998302 6.6182337 1.9132029 20.777477 -0.015868735 37.11247037797589 
Car -1 -1 0 330.07140579341166 184.32869264441655 487.26703581017523 242.40092460600926 1.5428478 1.6172518 3.9803946 -5.607512 1.881884 20.421553 0.04499173 52.21015648292537 
Car -1 -1 0 365.6671351417254 177.99499724232894 495.2511836607274 227.02817753819747 1.6471143 1.664773 4.193788 -6.2178154 1.8348836 25.395967 -0.060391907 30.995369411982004 
Car -1 -1 0 455.9944214188846 184.39138136812093 541.2504626869317 214.28573254219515 1.531143 1.6445806 4.251752 -5.9455814 2.1701932 38.879894 0.12741542 11.346530685347336 
Car -1 -1 0 645.2161880386245 183.47133615777588 672.2054210629602 209.85548738868087 1.51403 1.608446 3.958604 3.079714 2.2071967 45.073708 1.6440405 5.010166339127396 
Car -1 -1 0 350.8123026221169 187.1044356612735 494.2654458458354 236.20772790753014 1.4556339 1.5989807 4.1062484 -5.8613896 1.9257222 22.866978 0.0668539 8.112387153425344 
Car -1 -1 0 407.0483144490406 182.45230657256886 512.5566522948781 219.21919625498188 1.4736016 1.60766 4.1203203 -6.2152414 1.8877366 30.254513 -0.03599596 1.2661987802059291 
Car -1 -1 0 575.2050433120396 182.9853031820463 595.3029344363651 199.4572325298143 1.4833205 1.5855179 3.8081641 -2.3630588 2.4858685 69.41116 1.4441278 0.9682075942365056 

