Car -1 -1 0 609.7575711580777 179.45234682582625 775.9731819880237 240.77620721985835 1.4760754 1.6844285 3.996807 2.145462 1.6609758 18.93183 -0.23666063 107.49111891381504 
Car -1 -1 0 569.2946769902311 177.463538596025 664.4722662332774 216.47251998874663 1.5168142 1.6136042 3.6259074 0.27237812 1.7127321 29.499676 -0.21040337 38.62048341186365 
Car -1 -1 0 88.40914952918135 189.120577614133 295.4423999888173 261.1704597390828 1.6431715 1.6935228 4.239304 -10.42388 2.0854893 18.329094 -0.22101206 80.948640198429 
Car -1 -1 0 0.0 200.31382474859575 228.94070741118176 304.81517124146217 1.5721345 1.660624 3.8727007 -9.026672 2.0962267 12.616434 -0.17495123 39.52923474818175 
Car -1 -1 0 554.8270981116023 179.35326503525772 643.4804120637293 215.63323149608556 1.5171615 1.614654 3.6498158 -0.4819476 1.8142838 31.793377 -0.22409502 13.202799433641385 
Car -1 -1 0 155.308781919203 192.88865304575597 317.3329081232572 249.91572667520538 1.4738895 1.5851662 3.8887239 -10.608811 2.0856652 20.780558 -0.25192648 18.733658917008718 
Car -1 -1 0 250.17209045987988 188.2674195672869 363.92007441725474 228.66603591659396 1.4853964 1.6121149 3.9481695 -11.9279585 2.1240768 28.679085 -0.22091135 24.6195212252252 
Car -1 -1 0 188.52784014239472 193.18373232602417 334.9720732852482 242.26805319158782 1.4542964 1.582931 4.028906 -11.213661 2.1494803 23.508244 -0.19404396 6.1053317564871366 
Car -1 -1 0 376.23216663482333 181.48471499451912 407.4733253561594 200.7735406215284 1.6493329 1.6675031 3.5503473 -19.740131 2.4541683 65.35471 0.95443916 1.923265114779452 

