Car -1 -1 0 696.8060272427427 183.7925783941306 801.714749572461 256.043961315571 1.3824302 1.5347984 3.5481565 2.94142 1.3552008 15.535723 1.561137 93.65291819004422 
Car -1 -1 0 262.70625428282887 177.92027125483128 450.860657430325 305.88853956010047 1.573593 1.5701256 3.3485966 -3.4455562 1.483883 10.518505 1.5767167 119.88409761246686 
Car -1 -1 0 407.6055925018605 179.10431873234248 504.54067758366847 243.59407321974842 1.4540231 1.5729175 4.0930014 -3.7011468 1.3162324 18.260252 1.5785155 77.80009825081359 
Car -1 -1 0 0.0 187.02094387202808 222.21324566657825 295.7355266066275 1.4260869 1.5440354 3.5669727 -7.7508903 1.4589272 11.283222 1.5570937 106.67276726289587 
Car -1 -1 0 639.1857319646547 176.43639336695526 678.043210312545 204.75183653928158 1.4152557 1.5833524 3.9603457 2.6619563 0.97645056 37.94595 1.5222453 37.444351376486445 
Car -1 -1 0 474.18143833206625 176.64430999192905 524.0516156976053 215.6391274983822 1.5068384 1.592953 3.6088634 -4.387145 1.1756227 29.601181 1.5466526 57.453137006996414 
Car -1 -1 0 513.7669129730165 175.11848015791705 541.4676551953486 200.79445016215126 1.4305782 1.5284295 3.647741 -4.6778493 0.8679954 41.960773 1.4388753 8.84841455116025 
Car -1 -1 0 587.9268094668141 175.4814999156349 613.748692149289 199.50408955596262 1.5261959 1.6295948 3.9796276 -0.4568312 0.90776575 47.683372 1.5409671 8.737335249579468 
Car -1 -1 0 570.7921993402849 174.5070459185458 612.4362682769467 194.90361771337737 1.4960971 1.5956491 3.923615 -1.1469564 0.71061295 54.843163 2.010807 2.4763161139285783 
Car -1 -1 0 373.13356323898427 179.6763233781647 423.9544222184817 217.22055222356258 1.4612701 1.4856741 3.3913374 -8.572446 1.2456704 29.75032 1.452456 5.044879701189286 
Car -1 -1 0 617.7918142622592 175.59674666789527 634.408336065725 190.41097940102242 1.4962347 1.6494303 3.7914674 1.9376678 0.5247224 74.50592 1.5779698 2.7990520158228906 
Car -1 -1 0 271.9381427275456 182.46837443488272 372.1389226255483 238.1946563539942 1.4665378 1.5565287 3.54886 -8.0909815 1.394237 20.712067 1.544785 2.7823006704434725 

