Car -1 -1 0 0.0 191.64583383652203 277.0439967091541 375.0 1.6161549 1.6486442 3.9967813 -5.770944 1.8948025 8.690104 1.5838063 102.46925748377082 
Car -1 -1 0 346.58133880865165 187.54997526999472 452.99202907082923 250.38746465864529 1.4741104 1.6419609 3.886733 -5.6250753 1.918323 19.830997 1.616441 50.093819502605996 
Car -1 -1 0 409.97171889900096 185.06752821064995 482.0410106406862 231.98210759539757 1.4527693 1.5488329 3.7218657 -5.624339 1.9115744 25.215832 1.6087415 48.540235707440615 
Car -1 -1 0 447.095153820373 182.69495038080734 503.51000011887174 222.38628543704786 1.5030304 1.5657103 3.701213 -5.534014 1.9394524 30.12524 1.600718 29.63393562510675 
Car -1 -1 0 1093.5472049538032 135.9960716228128 1223.1643928305298 178.10743289484688 1.741455 1.7127725 4.169962 23.32807 0.21724802 30.78241 0.042526364 27.334205308368933 
Car -1 -1 0 506.5881070089886 180.10719822526903 547.6234781715842 206.89533953161333 1.5024235 1.578969 4.063089 -4.9414816 1.9631395 43.720978 1.6888918 6.692644038166559 
Car -1 -1 0 778.1297038093826 160.80434256031555 834.558938638718 196.16916521166215 1.5077631 1.6298392 3.9427135 8.857676 0.9940313 32.76493 1.610973 14.321784711649672 
Car -1 -1 0 480.0460117259274 181.57729130393645 524.4273001452357 213.82519564103814 1.4670553 1.5412369 4.1599617 -5.2981095 1.9281416 36.04725 1.5854192 11.18918157172782 
Car -1 -1 0 722.4242812325317 169.8526086127021 763.8508506168928 196.6063864734596 1.4311063 1.6239909 3.717204 7.436603 1.2705564 40.457447 1.5676675 10.531736118604496 
Car -1 -1 0 1055.2306961571671 142.36370548044093 1162.7090925454795 177.27935495664576 1.581625 1.6143608 3.8373306 23.185242 0.20046157 33.595573 0.05478416 5.213887424042811 
Car -1 -1 0 1029.7649791116094 146.81334847243227 1122.7508333800592 176.63827236463524 1.4691321 1.5288386 3.6620588 23.496935 0.18640752 36.41426 0.05973625 7.720113834672329 
Car -1 -1 0 661.7786343812128 171.79734180543798 700.2420937374934 203.95859931268342 1.6041834 1.6254563 3.9429212 3.7068229 1.5514778 37.962986 1.5687306 1.4546223355620058 
Car -1 -1 0 1009.1817223917424 145.84721193865914 1093.9460587770523 174.12131992936233 1.4981982 1.5559785 3.6531582 23.882004 0.06715298 39.055763 -0.024595223 3.4597371985629737 

