Car -1 -1 0 621.0491751131746 191.6194364584765 710.6577158134559 259.2686120334328 1.4945619 1.5540957 3.1512113 1.3606339 2.0212913 18.565075 1.3936917 99.32632920177225 
Car -1 -1 0 690.6290235630299 183.82074511026318 785.5237513832906 223.1010903744638 1.4871176 1.617768 3.941909 5.4010363 1.9727194 30.138584 -0.6263951 51.227523366091106 
Car -1 -1 0 552.0463407200372 188.04208486779427 639.5312760983335 222.94248451517004 1.4756205 1.6291724 3.956006 -0.61228865 2.231166 34.01705 -0.6793828 95.54790065507241 
Car -1 -1 0 827.3192470093587 183.0703903836024 893.140138383278 214.3425437343164 1.443172 1.528041 3.3810687 12.535573 1.9765785 36.023647 -0.6697835 57.16707631631804 
Car -1 -1 0 761.479141610844 182.44262148961482 843.5845775212333 217.85391257236668 1.4832859 1.615378 4.0388117 8.910677 1.9495811 33.17421 -0.69565916 49.86869237143212 
Car -1 -1 0 875.1689764509606 175.98882251254045 943.6882997330099 209.95495918592027 1.7221999 1.6593438 3.9999318 16.161392 1.8990624 38.82056 -0.6656595 18.072448956065216 
Car -1 -1 0 968.2143592221327 177.93892429617196 1003.6911598867617 204.4434084500706 1.5695025 1.6398578 3.720959 23.764858 1.9043304 45.504158 2.1461263 5.518769627562765 
Car -1 -1 0 121.81512544542312 184.98596597897452 217.58726306185076 221.75971192016755 1.4726399 1.5432639 3.3842497 -19.406673 2.0415015 31.97607 1.9391669 7.799238834829317 
Car -1 -1 0 272.6643908117252 188.54753148188843 320.22964101214245 218.85013791710057 1.4867661 1.6446326 4.1420407 -17.322626 2.400196 39.824123 0.96843565 4.060436846686631 
Car -1 -1 0 1013.8495560292798 175.06038499809077 1055.3459770307156 204.53977509434364 1.5792377 1.5995495 3.7659435 24.09627 1.7108824 41.005257 1.9851029 6.301430228254637 

