Car -1 -1 0 705.3877554051053 186.84420556744521 844.6956066055185 285.26601156661746 1.4560068 1.5776905 3.8436656 2.835899 1.7489041 13.1658535 1.546834 63.619607284794526 
Car -1 -1 0 471.5121857138934 186.63952799702116 542.8355432632744 245.39556768835894 1.4551129 1.593902 3.9321256 -2.8515217 1.8902147 20.787216 1.544797 75.33626498335651 
Car -1 -1 0 667.9013791261762 183.37083490955786 759.2629337921622 248.70505557952734 1.4423044 1.5541728 3.701342 2.5456562 1.7388529 18.443256 1.4979615 66.22923758314535 
Car -1 -1 0 119.58363850149144 198.27006831146792 446.3455730920598 375.0 1.4446018 1.6288171 4.3454313 -3.111432 1.8015935 7.959896 1.5733128 103.06210265911385 
Car -1 -1 0 748.8588019191517 189.43579087982744 1046.063840057993 375.0 1.4686594 1.6214263 4.052258 2.7571213 1.6981467 7.951073 1.5599444 114.06789425953338 
Car -1 -1 0 519.183201484491 181.17797919635098 561.5967819027142 219.23334183303882 1.5058475 1.6704293 4.408653 -2.980404 1.8983549 31.778286 1.5184726 32.57518587733752 
Car -1 -1 0 658.8638199395496 168.58806298835012 730.4674643918145 232.25235735030378 1.8647065 1.5959281 3.7900217 2.631281 1.7397585 23.079885 1.5006485 48.46559313396287 
Car -1 -1 0 636.3091175570049 177.9474021163642 666.0248900030767 205.08827220388412 1.4601421 1.5850925 3.71506 2.3486722 1.7656398 41.399807 1.5966607 15.416461733506683 
Car -1 -1 0 556.7659042462267 180.46826402229314 581.9250856380502 199.92398332559088 1.4680144 1.6466782 4.262948 -3.290472 2.1080189 58.417984 1.4225198 2.1242636984973156 

