Car -1 -1 0 676.8614148647973 182.38621431302204 748.5573002508468 233.7731960052734 1.4451183 1.5914801 3.5743618 3.1716123 1.7703255 22.792255 1.5215218 66.25199135361943 
Car -1 -1 0 765.8730323167258 180.1647196628747 1006.8128634374409 339.31233172869054 1.5811064 1.648222 3.7314444 3.2200894 1.6933105 9.206991 1.5724612 103.37219572844386 
Car -1 -1 0 113.18986537183886 182.24671225011306 372.3678817007057 270.89168088753627 1.4835895 1.6176413 3.8849862 -6.518038 1.6658244 13.129611 -0.031436447 80.96904705746732 
Car -1 -1 0 739.8234787514689 183.08857349025232 844.1770808889615 219.95909507625373 1.4549007 1.6035014 3.964872 7.494956 1.8921713 29.905575 0.061470527 27.229845773386316 
Car -1 -1 0 264.1088909469332 177.18340396072466 443.7963344278109 245.7820071516363 1.5982697 1.6374779 3.8360884 -6.180149 1.7095876 17.733307 9.827299e-05 30.69517508970419 
Car -1 -1 0 359.36109504856523 172.83015403544485 492.87622987270737 229.77956760200672 1.71474 1.6091185 3.7532277 -5.670478 1.7140219 22.57883 0.02618459 37.816707975193246 
Car -1 -1 0 212.82851537560666 182.16876104415346 436.3636464357907 257.20149938461304 1.4733453 1.6165193 4.1044636 -5.9004316 1.6824236 15.293807 -0.045999132 28.90608072738586 
Car -1 -1 0 450.53960415479696 175.92361641379978 505.88609431636206 219.92880954725257 1.6092923 1.6304796 3.6571882 -5.116891 1.7384253 28.499718 1.5383811 19.48895398513825 
Car -1 -1 0 720.7962243670659 176.77372055688892 819.4832926688482 214.40996189219314 1.6371298 1.6571575 4.183916 7.1906323 1.8199317 32.62478 0.09597485 4.102214503605868 
Car -1 -1 0 312.0440818219413 181.51341470134997 476.54573454318603 237.7692075633526 1.4900393 1.6170237 4.1218443 -5.947802 1.7430446 20.22776 0.0220128 10.198822018482863 
Car -1 -1 0 498.0525332782709 173.3579778422528 560.6210251957083 198.2583391257045 1.738212 1.710929 4.361247 -5.6760325 1.7748301 51.417507 -0.07124324 1.4178875060874572 
Car -1 -1 0 492.67841847378156 175.12060703460676 555.9389213857368 200.0764274250747 1.5643907 1.6904063 3.9269385 -5.4339676 1.7129095 46.339886 -0.04816443 1.1404495740852771 

