Car -1 -1 0 698.9137522741431 179.5874288823126 820.9124941664967 263.868551747531 1.4286492 1.559954 3.6064231 2.8408742 1.5796683 14.353005 1.5351831 43.97875018645934 
Car -1 -1 0 649.8488024081091 174.1960419982673 693.9328219444179 209.52598295606788 1.4607517 1.5863595 3.745479 2.695004 1.5235013 31.856243 1.5606786 27.310705077463307 
Car -1 -1 0 673.9313722004373 174.65216050464338 759.9693923228264 235.98096982289061 1.5069832 1.6580932 3.895339 2.8357453 1.5613021 19.820942 1.5359824 50.46985042027397 
Car -1 -1 0 0.0 190.64564898416813 270.89610806840477 331.9395509596891 1.4304776 1.555789 3.8948035 -6.249697 1.6597013 8.411883 0.05525351 56.487805802603134 
Car -1 -1 0 8.740880295773888 182.1276474550983 322.21132252862657 290.23244693235074 1.5060493 1.6084336 3.789682 -6.6033483 1.6583247 11.02086 -0.012034807 48.90077322993589 
Car -1 -1 0 390.46612650420826 173.57351599026816 505.63935630166367 210.87011414104597 1.5108254 1.6898155 4.430621 -6.7738695 1.5423466 30.441677 0.15086892 15.906976500870014 
Car -1 -1 0 733.3801522879334 158.55678095799664 1012.2503086903293 350.8578243595677 1.778689 1.7218983 4.2079844 2.816082 1.6464468 8.812449 1.5284096 89.0668858481889 
Car -1 -1 0 127.44546975641553 174.5917233328403 375.0835228980051 269.73962130445017 1.622813 1.6161488 3.7321131 -6.4167852 1.6568227 13.230211 -0.0450712 54.82998383132745 
Car -1 -1 0 339.0029923352069 169.18883809239819 475.08971254646855 223.61260694712627 1.6308877 1.6560929 3.7620337 -6.267612 1.5210557 22.568327 0.06385799 25.57633903305153 
Car -1 -1 0 430.2684803947763 166.384812924142 521.5036342578996 202.23658804697413 1.6975403 1.6747296 4.140067 -6.4365606 1.3912315 35.043087 -0.020249069 10.560802679040124 
Car -1 -1 0 201.21705494890938 168.1645277035889 432.91285369236596 252.2206165800839 1.7189903 1.676979 4.331548 -6.192874 1.6230881 15.604789 0.004844026 42.356462683242995 
Car -1 -1 0 289.2853449635464 177.53463405991326 459.5023154750275 232.980839969374 1.4513674 1.6183957 4.1920905 -6.4520125 1.5876095 20.026999 0.080570705 6.410014023558172 
Car -1 -1 0 640.1526960972342 170.75002793650236 674.46803673354 199.9024797631624 1.6420116 1.641757 3.851814 2.7737548 1.5235052 42.5939 1.5360096 6.502351539518142 

