Car -1 -1 0 0.0 195.50586213540214 229.04430777269997 325.4430886523334 1.3990414 1.5746367 3.8604212 -6.855728 1.5725034 10.089513 1.4164659 99.70615596024811 
Car -1 -1 0 430.1829569461961 182.00612612333816 489.94586001012567 233.4186879605284 1.4929093 1.7074149 3.4035726 -4.5685034 1.3997103 22.690144 1.4106869 63.623341816083624 
Car -1 -1 0 528.4043883044892 179.049487834927 598.7063308620684 239.37713004843854 1.5860808 1.6561491 3.6744595 -1.3474774 1.4239643 20.848587 1.4042917 100.38620630760146 
Car -1 -1 0 208.92892189981902 188.31463068644342 326.931356243353 251.65438731728122 1.437721 1.6206429 4.4562182 -8.715773 1.5291133 18.872465 1.4131323 95.97822655368606 
Car -1 -1 0 99.80769013504823 187.2555999497864 224.51425832189892 246.91734072005548 1.4900427 1.6098311 3.6475155 -12.21602 1.5522382 20.000961 1.4338226 50.483643086062436 
Car -1 -1 0 327.10647113911057 185.02710715950684 388.8630661885769 221.81122092592702 1.4434009 1.7073306 4.1819344 -10.444472 1.4360006 30.399267 1.4273833 23.84587311200113 
Car -1 -1 0 369.1703646756927 182.58190477082925 411.168541993397 210.4623687631385 1.4477199 1.5319724 3.819881 -11.809904 1.3109577 39.310345 1.4597644 5.658133181038676 
Car -1 -1 0 199.78411995253697 169.8615885162627 281.9810577538018 220.25696544419492 1.8971777 1.7523367 4.359169 -14.8274765 1.3191589 29.355076 1.4073269 10.721833892860914 
Car -1 -1 0 500.2856912923484 184.30259235933613 524.7105359067514 203.183657425619 1.4943371 1.6306581 3.7933927 -7.790465 1.4220695 58.92502 1.3443143 1.8095397545194472 

