Car -1 -1 0 0.0 191.25031756423283 233.55338299637586 296.05609675835825 1.4243932 1.6235937 4.4438095 -8.149811 1.5473043 12.338234 1.4506569 123.82104913980548 
Car -1 -1 0 395.864160834092 178.16604921481897 478.4177569908494 246.16124070978248 1.5584726 1.6423433 3.6615539 -4.2404585 1.3968923 18.390093 1.4545383 96.27565060507074 
Car -1 -1 0 523.0595067652882 177.5216583554651 578.5387655010649 229.43702452398145 1.5624235 1.6719022 3.3583698 -1.8766534 1.3308668 23.391933 1.4658141 45.45851493314393 
Car -1 -1 0 269.33862099609604 183.5980609197384 357.836255613312 231.31378640956535 1.4209447 1.6765175 4.3969374 -9.539215 1.3727725 23.701338 1.4301847 37.506878556864486 
Car -1 -1 0 342.92761500881664 181.44508498182256 399.1188019151349 215.85301270588405 1.4674504 1.6030121 4.041316 -10.677666 1.306639 32.749615 1.4694121 22.652336389997256 
Car -1 -1 0 254.7099545013978 181.94534386991148 314.47040259396186 214.64814043054974 1.5131366 1.6397337 4.2121906 -15.8256035 1.3618195 35.468704 1.4151825 7.465975349732139 
Car -1 -1 0 364.9499407959744 181.31996591056878 406.054567279427 210.1530070234657 1.5395584 1.6537616 3.6893249 -12.381327 1.3315433 40.328064 1.426681 3.755264594790468 
Car -1 -1 0 513.1894079439065 178.52988549463402 533.0136225630488 197.50823919111116 1.5079502 1.4862044 3.435925 -6.915343 0.9767201 58.929268 1.416806 1.52957726339101 
Car -1 -1 0 320.8232455603955 181.1362223665199 355.54616598266114 205.51344047840823 1.4877443 1.5388016 3.7266204 -17.111595 1.2387735 45.85435 1.3615524 1.8445339588241243 
Car -1 -1 0 556.2713812479773 166.79767342196763 589.9422769284328 184.07986781824172 1.5931628 1.6042174 4.0908623 -3.223256 -0.11210349 68.7529 1.9710213 0.3017994165420532 

