Car -1 -1 0 805.2497311983128 178.84646546754604 1242.0 375.0 1.5558976 1.5385606 3.4910462 2.8761733 1.619656 5.917337 1.552027 133.39217983551626 
Car -1 -1 0 275.2069721633157 199.7175771526101 433.92242809433884 308.87446042242937 1.454874 1.5270612 3.4521873 -4.125417 1.9744933 12.215288 1.5503559 74.94474825722179 
Car -1 -1 0 686.1089025684234 179.74513781366278 779.7287742149903 255.84528581865376 1.5043348 1.567972 3.2600694 2.662805 1.6746418 16.195803 1.57877 117.11547763562022 
Car -1 -1 0 487.7661323937058 183.67116410983638 529.3752951978702 218.60281092004246 1.5615447 1.551303 3.7729716 -4.8894453 2.1195383 35.324333 1.5589359 57.30411543460123 
Car -1 -1 0 412.4393446511226 181.83896952652995 497.9373383395647 248.57934011255443 1.7366767 1.6373913 3.9813945 -4.4422703 2.0269594 21.31237 1.5807979 105.24737481631428 
Car -1 -1 0 648.8571285505445 177.23092403246616 693.9589033905124 215.02976223242288 1.553764 1.5874949 3.5633814 2.6779022 1.7581065 31.881721 1.5414001 50.409789879280495 
Car -1 -1 0 523.3260722937046 183.52152270719725 546.8026957943458 206.62627985133705 1.5110989 1.588446 3.9972696 -5.247596 2.2977898 51.151302 1.4847498 9.975852218453511 
Car -1 -1 0 629.6658508510246 176.16561959781612 654.2368945187515 192.4269621733023 1.5562978 1.650978 3.745647 3.2550213 1.8956132 71.90512 1.8410041 4.746147242095645 
Car -1 -1 0 549.7515133011623 182.9157021226282 569.7132239988423 199.00460273669688 1.4526508 1.5317787 4.226925 -4.8015046 2.4578269 69.94898 1.5980189 1.042974882507448 

