Car -1 -1 0 328.23589445560157 187.027323812602 417.6205908315136 235.78459792223384 1.4083004 1.551383 3.6965914 -7.306103 1.4703829 22.76825 1.5945534 82.86134190515317 
Car -1 -1 0 33.34070604798196 191.2354881431891 264.7867425163828 291.73908322922114 1.436233 1.543251 3.4877598 -7.5621614 1.5542231 12.289129 1.6519684 43.72258472254359 
Car -1 -1 0 40.18969146993794 192.55473895429262 398.17878530682765 375.0 1.4504082 1.6039199 3.7589953 -3.4658494 1.544017 7.2885604 1.5696986 105.31586206727692 
Car -1 -1 0 411.81030535020807 184.75687583102822 464.1200349331933 218.3585997276427 1.4346781 1.5828644 3.6281047 -7.5897784 1.4150879 32.523273 1.5493687 23.30058178000659 
Car -1 -1 0 583.6544988242258 180.59066228565507 619.8805850413595 214.5194261076167 1.5524335 1.65833 3.551978 -0.27950442 1.3408118 34.68217 1.5530434 21.27453123844967 
Car -1 -1 0 101.4482551019217 186.40451010744172 255.48947431340483 240.4380442862818 1.3963451 1.6606339 4.309086 -12.233574 1.4345458 20.886747 1.6486137 12.627179766138585 
Car -1 -1 0 441.669943475436 184.34937378985424 525.8119306211923 246.27505120638796 1.5047145 1.6280671 4.1788073 -3.2375386 1.4836639 19.567966 1.556678 78.37665557983107 
Car -1 -1 0 495.84721980921495 183.75817180817307 542.1061337592972 215.73156262733298 1.4663031 1.6160003 4.4001613 -4.2479825 1.3994608 35.187126 1.5967562 11.283128977581109 
Car -1 -1 0 292.60625730872806 185.21381399927975 361.9054811786581 220.57640863332728 1.47212 1.5891387 3.8849022 -12.318767 1.4720416 31.874918 1.5618968 11.53753602654411 
Car -1 -1 0 476.924585475384 181.53823237261346 512.4205215065587 202.34901938926376 1.425213 1.6347812 4.1007557 -7.985704 1.1733642 51.331932 1.6393504 0.5745529018894566 
Car -1 -1 0 669.5734626146631 181.40239236595372 707.0461740792138 206.24845463286678 1.5299108 1.5941863 3.9079204 5.1750145 1.2951043 46.290443 1.4662652 0.8729476024400676 

