Car -1 -1 0 819.3531063114358 173.91002173021292 940.1787259916738 238.2532837534512 1.3806056 1.7398798 4.461941 6.4978256 1.4101369 17.867725 1.6759474 87.01721615001509 
Car -1 -1 0 337.6336079129598 195.4244968635994 464.01059481891724 268.90741769149173 1.3968731 1.5991783 3.825984 -4.998316 1.9902666 16.960136 0.9261731 122.52006495030506 
Car -1 -1 0 736.2914434913009 174.36873380277123 804.0662239254565 232.01425378459257 1.3777746 1.6042808 3.382093 4.1900167 1.4217678 19.148205 1.751884 64.45601033041025 
Car -1 -1 0 219.0388425786899 187.8564084983821 283.7268553799305 230.33186877716926 1.5050254 1.6298196 4.0523014 -14.528689 2.1553037 29.165607 0.9264723 58.53447125250157 
Car -1 -1 0 411.10774268743313 176.93105890003568 497.6997436787404 215.1355113677741 1.6956205 1.6438861 3.5779395 -7.087761 1.8882613 33.157997 0.06398388 50.11665987383133 
Car -1 -1 0 0.0 191.19393228507835 35.89412938318283 225.57647179888406 1.553021 1.5923051 3.6832428 -30.366533 2.5352952 36.671036 0.98305607 10.941242780338406 
Car -1 -1 0 199.85363329096796 185.24934016647092 254.32493040217494 222.42223074136314 1.5573552 1.6294864 4.286172 -18.01891 2.1777058 33.905273 0.9309143 4.836336399061192 
Car -1 -1 0 335.84106409039526 183.9596530610704 425.45843717007176 214.2046596094597 1.522718 1.6319325 4.21635 -11.977346 2.1208706 37.934883 -0.05338375 4.1193828423874255 
Car -1 -1 0 470.73068821573924 161.9312632761948 737.5921550699852 325.146876596986 1.93434 1.7724681 4.5148187 -0.32785618 1.8048898 10.906154 0.9554174 4.059838584737358 
Car -1 -1 0 900.2285484510478 170.3985799127531 1062.4420877094747 227.66989951978945 1.4414821 1.5960673 3.8610787 10.27565 1.3796806 20.245964 1.1196575 2.018838152365258 

