Car -1 -1 0 408.55590311201905 183.80055835709445 498.24275274939777 244.3573713930874 1.5162581 1.6908538 3.782108 -4.35489 1.8586092 20.660543 1.5880884 90.3461718071132 
Car -1 -1 0 745.1132637279122 181.8305282295814 856.9695830325692 260.3155671861034 1.4512744 1.6174784 3.8379948 4.0281878 1.6716362 15.751706 1.626565 69.65173809525363 
Car -1 -1 0 791.8224436874209 179.8304831640736 1003.4258517096165 310.57178766140333 1.561043 1.591202 3.523702 3.977394 1.6808327 10.597736 1.5319288 115.39620031638358 
Car -1 -1 0 717.00772278977 178.9695888863292 791.7264420603411 234.14442487130754 1.4518232 1.5682911 3.772369 4.1800346 1.6487372 21.321121 1.6043986 42.91445985302368 
Car -1 -1 0 464.19604210949734 181.97680477482416 527.1510110572257 226.77053997215282 1.4742258 1.5433184 3.7502577 -4.092623 1.8326387 26.436382 1.6204318 32.11992369448709 
Car -1 -1 0 494.1341846365273 180.84160616825312 544.0189762375105 217.2142396515196 1.4431382 1.5734112 3.982531 -3.8852766 1.8144095 31.524939 1.5992101 19.40589239512262 
Car -1 -1 0 695.3664863467872 178.1686177647432 757.2746464009575 222.2033037812257 1.4659256 1.5957958 3.8832452 4.1961336 1.6750654 26.44251 1.5584507 22.785706306703464 
Car -1 -1 0 547.1101545306934 177.5638335250872 579.1749351965465 202.13679836185682 1.5401322 1.6005986 3.7547612 -3.0412912 1.8654349 47.90037 1.6509638 12.7203461919938 
Car -1 -1 0 683.1837809273501 177.54035999820397 724.405580148889 207.93731194122017 1.4704307 1.5660449 3.534066 4.814663 1.7239668 37.245827 1.5403962 6.753596919971341 
Car -1 -1 0 957.1055773917391 174.0877510383413 1027.7861824129495 204.7294550065897 1.4659235 1.5927944 3.8751228 19.341776 1.5318948 36.629234 1.5906935 0.29344406723976135 

