Car -1 -1 0 861.991183350945 193.58834144645826 1110.4817646800605 280.4408568648412 1.4003913 1.562305 3.679873 6.6517262 1.7985988 12.959849 -0.06411725 118.69648437485974 
Car -1 -1 0 716.2420457746487 184.10617669001027 849.125281254909 231.27126232008868 1.5482805 1.7382778 4.178357 5.941444 1.9538438 25.069633 -0.03262966 63.9510694998711 
Car -1 -1 0 820.9184532654799 186.78452390369188 1022.0701906152191 264.40813558546745 1.5178154 1.5825703 3.5605464 6.476731 1.8276656 15.22633 -0.0176065 57.99468838108676 
Car -1 -1 0 216.76248386163428 183.89876734529182 436.24561346353573 264.8247075055252 1.5360894 1.5968198 3.8759243 -5.6954885 1.7759311 14.800604 0.03613004 96.62710135578189 
Car -1 -1 0 0.0 188.4242672904875 359.1676341391083 303.0413740307471 1.4355655 1.5864434 4.1275415 -5.8519497 1.6728749 10.134338 -0.033922568 74.83293087582128 
Car -1 -1 0 640.450874160657 182.52414465870953 676.360320681071 210.9657333586615 1.4282923 1.5652411 3.6642203 2.6201148 1.9808244 39.364246 1.5293785 19.35632797633528 
Car -1 -1 0 290.2521129750531 173.7145247786897 459.6974728243082 239.65755995690233 1.7163529 1.6879599 4.123823 -6.314689 1.7410861 19.771896 -0.060258318 34.77338248658788 
Car -1 -1 0 418.29122040007337 179.33557739271194 520.1233789805062 215.7327613898556 1.6109893 1.6433325 4.337892 -6.385807 1.9162028 33.11074 0.020541243 31.530556667745625 
Car -1 -1 0 254.46394110634554 185.88587799625765 449.85972015533713 252.24054981367553 1.4629395 1.6017362 4.0863967 -6.044703 1.7903283 17.199364 0.06264965 18.71618362833057 
Car -1 -1 0 102.35006119099549 187.53501905945078 373.02031447417 279.2613943388195 1.449105 1.5615624 3.8860178 -6.3027763 1.7220232 12.54508 -0.045429517 15.331643699692396 
Car -1 -1 0 357.4935795492238 180.40854247168687 486.7513301122215 225.3457162771293 1.4721582 1.6002934 4.022197 -6.3523474 1.7397678 24.736965 -0.011169813 12.456768409944019 
Car -1 -1 0 319.2450824551858 180.97852776824058 470.99001866925414 232.29653062074024 1.4930996 1.6132852 4.1924934 -6.48962 1.7523117 22.145433 -0.032898325 0.3451697528362274 
Car -1 -1 0 567.6445131525674 180.85923689527502 588.1808917073768 198.17939417831136 1.4337867 1.614947 4.1881104 -2.7670102 2.164516 63.765774 1.5747494 0.27236130833625793 

