Car -1 -1 0 308.10414269828055 188.62737089400818 409.57835862467766 250.31127714725287 1.402307 1.5941122 4.074168 -6.305435 1.5009643 18.68142 1.4713671 73.98603799244573 
Car -1 -1 0 608.3540209424756 181.81731164928718 713.1179997557535 262.64740054701315 1.588266 1.640181 3.7811437 1.0696062 1.5214896 16.100338 1.4506795 119.37421915199381 
Car -1 -1 0 158.00404210459587 194.1488293806269 333.7271863114732 293.894710356156 1.3844095 1.5398883 3.5118206 -5.877324 1.5580325 12.138581 1.4552041 81.90103387512178 
Car -1 -1 0 502.8465717273813 181.72784201707202 549.9214646971456 223.9716672876476 1.5133531 1.6841512 3.3664694 -3.1387231 1.3884033 27.536594 1.431048 46.77736398378909 
Car -1 -1 0 364.79328131336666 185.01093034830086 430.7752234217075 228.246077359547 1.4820666 1.6410567 4.3846354 -7.735298 1.4750473 26.911196 1.4603846 20.647539410778652 
Car -1 -1 0 418.72623599242064 182.44845157088744 455.13229494003934 210.52155788341983 1.4396452 1.6156176 3.8610854 -9.161115 1.2977352 38.89556 1.4176382 16.37375964959188 
Car -1 -1 0 267.1109161390621 184.62314961687082 343.84950026728774 228.1229719893971 1.4839702 1.6040667 3.976777 -11.051928 1.4637557 26.595707 1.4467068 13.283011568315452 
Car -1 -1 0 479.68485097058874 184.00768657974243 524.5457432256336 213.90410462424845 1.4513112 1.6062504 3.4358869 -5.4188614 1.3926687 36.78579 1.220828 7.099916944886803 
Car -1 -1 0 312.7782383402345 172.8672677331999 372.20112179304266 209.08326879252905 1.7210922 1.7904055 4.3588667 -13.317509 1.134258 36.419857 1.4711499 13.261959828826576 
Car -1 -1 0 545.4592762170043 182.03842769712847 568.8640667288108 201.08204710041338 1.4635267 1.6144125 4.046162 -4.0228424 1.2193494 57.356586 1.4390767 3.538542063721578 
Car -1 -1 0 55.093801462197696 165.818073906687 231.40190478541905 257.682101856486 1.8792732 1.7779516 4.477031 -10.71284 1.4824537 17.043043 1.4366131 15.550895479879003 
Car -1 -1 0 396.020536032345 175.9946071040005 420.2938518733302 195.029737913025 1.555917 1.6227173 3.86878 -16.801128 0.8021921 60.805355 1.3947009 3.5427463016959173 

