Car -1 -1 0 426.08276045372594 186.60761073560718 491.4450494450586 231.55651411092197 1.4071221 1.5090144 3.9347825 -4.9914155 1.4586177 24.610802 1.5478568 45.658461086588055 
Car -1 -1 0 42.56082102132637 188.45297628094812 337.6146231694237 353.67883443303475 1.500488 1.565733 3.488617 -4.497947 1.5462805 8.383337 1.5151649 134.37510253047128 
Car -1 -1 0 711.4384421860215 185.30547703066196 896.6325747885955 311.8342386429815 1.5644605 1.6169817 3.7626743 2.720762 1.5660489 10.804406 1.5290766 113.74728381952308 
Car -1 -1 0 356.33273663963973 189.9730643114141 451.3124520527359 251.83282353032706 1.371757 1.5604581 3.5082853 -4.977016 1.502832 18.01139 1.5155611 79.42664536067996 
Car -1 -1 0 560.3979063426967 182.0614119934879 601.4241387929034 220.01469946710878 1.5225725 1.6466508 3.4795341 -1.1245847 1.396032 30.609829 1.5305662 37.959802586320606 
Car -1 -1 0 600.055020289649 183.38446073156473 622.1492453692473 203.81344597463985 1.4827635 1.6036382 3.8403153 0.28482294 1.3498498 54.096157 1.5713606 10.424927838822382 
Car -1 -1 0 359.68233546634315 185.46174372963787 418.54247070199153 223.33591441045328 1.5135556 1.628952 3.8519592 -9.24398 1.5247563 30.738777 1.4898603 13.30274463404362 
Car -1 -1 0 543.6790670839662 183.9786847593271 573.1601779924009 211.7833990990564 1.4692514 1.5501034 3.7076743 -2.7436948 1.4038854 39.90172 1.4806784 7.688699874441047 
Car -1 -1 0 485.5995409023505 182.9283264654967 518.9386211040918 207.81900807708058 1.4935422 1.581903 3.8568888 -6.5340304 1.3562906 45.07433 1.55586 5.969349134389671 
Car -1 -1 0 391.46939833550033 173.08425751645845 439.880708420404 209.48205083738455 1.9737616 1.8435209 4.352362 -10.903574 1.3159038 41.207542 1.5130236 7.798465308119761 
Car -1 -1 0 0.0 167.87020729630177 202.27903626433002 286.7405945955664 1.7676466 1.6206591 3.7613494 -8.893204 1.5097127 12.611647 1.5163405 44.14001153421691 
Car -1 -1 0 235.38372390147768 168.77462460266025 349.9757880007613 242.2076510245006 1.9668492 1.6496989 4.5445247 -9.251079 1.5264872 21.565502 1.5196278 1.1997980428878985 
Car -1 -1 0 449.68616531495536 183.50247398059233 497.78158565592287 219.0610948406132 1.5016251 1.6288759 4.311332 -5.9710064 1.4292763 32.558617 1.5093064 1.6356049833506845 
Car -1 -1 0 436.23137262213726 180.84918355958496 471.19978165574963 200.72586390992757 1.4641528 1.5993282 4.102666 -11.703322 1.1425073 55.04432 1.6256112 0.6614997339261959 

