Car -1 -1 0 694.472196441581 176.4081437017239 779.7263465718464 242.61187942963568 1.5038974 1.566206 3.7055302 3.1516805 1.6039618 18.45246 1.5826877 65.08002454446746 
Car -1 -1 0 720.0452227438841 179.90628911455883 875.83902790875 284.1471555974386 1.4957473 1.6175808 4.4326906 3.1211052 1.6432135 12.870481 1.5697755 102.2210398589576 
Car -1 -1 0 40.13893991813447 195.98070485059685 408.91251441946 375.0 1.4512203 1.6817565 4.20366 -3.5748017 1.7656194 7.7040343 1.5745957 137.4407618401364 
Car -1 -1 0 408.9958427036596 181.9313958976749 506.86139772009193 254.61532934298333 1.558914 1.5504105 3.7698414 -3.6251895 1.8074465 17.852886 1.5938685 86.6683692224802 
Car -1 -1 0 773.7951810182071 189.98085010673935 1211.1144118194125 375.0 1.4259366 1.6379331 4.3930287 2.8799458 1.6368271 6.6711526 1.5494888 114.8388304891692 
Car -1 -1 0 324.992855075308 185.52107942335363 458.9601571405416 288.3783855753933 1.5674254 1.5189445 3.4877334 -3.8171582 1.8303342 13.203777 1.5320941 82.7269655313708 
Car -1 -1 0 638.8562139273354 174.66262259368395 683.5375394943532 205.11444492939603 1.5957019 1.5339296 3.285971 2.8042467 1.6999128 39.797295 1.3341402 23.88952367401726 
Car -1 -1 0 594.2142042616151 174.40957228931546 627.6878995071265 195.60425367634673 1.5327318 1.6604402 4.137233 0.062947564 1.6554108 54.702995 1.3487746 3.3741422001212458 
Car -1 -1 0 557.9771280180087 175.47887748744114 600.7350642473644 192.41231760983183 1.5762763 1.5799406 3.9802718 -2.8948956 1.8364153 69.62828 -0.6937953 7.541570646288938 
Car -1 -1 0 934.7187850869528 150.91788769835037 1063.2283645339505 194.36307628872254 1.4707656 1.5765442 3.67248 13.65097 0.72815436 25.464958 0.14098847 3.5091526153015833 

