Car -1 -1 0 360.373347655688 184.80257832242293 474.2793384643459 258.72269594363314 1.5269612 1.6883574 3.823341 -4.4991436 1.8477854 17.45008 1.5850447 120.14141505624353 
Car -1 -1 0 847.7080408369275 182.79295265411042 1214.1110351412087 375.0 1.5681467 1.620719 3.521768 3.918653 1.695629 7.45968 1.5263506 116.53807989386166 
Car -1 -1 0 770.4826252940593 183.99758686669296 923.0234759320502 288.0530746964197 1.4755738 1.6029094 3.7591896 3.9272287 1.6992851 12.564213 1.6259425 81.97728680057877 
Car -1 -1 0 726.9073941546017 179.38474239102533 820.3848793471 246.31979462345822 1.473517 1.606369 3.7572138 4.00618 1.6550958 18.158407 1.602377 52.280936232385976 
Car -1 -1 0 703.8415099934842 178.21919757191762 774.4338337719942 228.85010695525006 1.456563 1.6280738 4.033157 4.070854 1.6443563 23.221857 1.5921584 27.06805673817935 
Car -1 -1 0 472.115554365868 181.42900415128958 533.3633045618626 222.04666719778825 1.4344662 1.6277783 4.119953 -4.12801 1.7976308 28.462574 1.6174136 26.894276526159057 
Car -1 -1 0 436.3640630868418 183.54085951304342 511.85171217934845 235.3280985411033 1.4679867 1.5639879 3.8334026 -4.257519 1.8405095 23.204077 1.6120383 35.90442853737277 
Car -1 -1 0 538.6101114762251 176.59837494414353 573.3431057710588 202.80816312673497 1.5327892 1.5811399 3.3971431 -3.263432 1.7727227 44.46824 1.6671984 9.296856251157884 
Car -1 -1 0 690.1512146820728 180.5426610576023 745.9900856447725 221.90721532748776 1.4651365 1.5785055 3.802064 4.16372 1.7856815 28.17373 1.5623491 3.10708460438528 
Car -1 -1 0 685.5651573943995 178.24729913319038 729.2299765920854 211.85587752738212 1.4721088 1.5644131 3.6042295 4.5539017 1.7396219 33.98608 1.5697412 1.2560319602236323 
Car -1 -1 0 545.9925934732546 175.0670449975328 585.3680480858055 198.55420115336975 1.5055833 1.625333 4.0061097 -2.9180965 1.6617457 48.78442 1.7865894 0.3771079182624817 

