Car -1 -1 0 157.9372744580595 206.39539473303049 393.343265516868 358.2056452086114 1.4637661 1.5545298 3.5040069 -4.1127896 1.9882634 9.511416 1.5449634 78.35008200206319 
Car -1 -1 0 703.886290574986 183.521040818164 820.5162900973388 279.04497532202635 1.5131418 1.5582156 3.2569118 2.7111259 1.7362628 13.444864 1.5958306 102.55665743222094 
Car -1 -1 0 476.94987917816724 186.3631477976934 525.9067613765196 224.97118842859726 1.5727847 1.6267505 3.7088056 -4.8162117 2.217157 32.556046 1.5784318 57.28802732640767 
Car -1 -1 0 653.1788749662736 180.06470782458325 705.1110787409277 221.5351383768921 1.5330741 1.5848502 3.6614783 2.750502 1.8434188 29.188602 1.5237496 61.871892339637476 
Car -1 -1 0 381.34413692929354 182.4514308898145 484.8233315235118 261.79317918614544 1.7659086 1.6464173 4.1418605 -4.409445 2.0413604 18.63476 1.5742924 109.20452653731415 
Car -1 -1 0 520.4895877908099 186.19143485932966 546.2651334501221 211.0230417471961 1.5262845 1.5819521 3.9271414 -5.087509 2.4604824 48.52561 1.5020243 12.387440316656495 
Car -1 -1 0 548.293255028209 186.61825964734965 569.415689351849 203.96840573339682 1.4935453 1.5907282 3.8517466 -4.690947 2.8116527 67.14921 1.598894 4.196099736332913 
Car -1 -1 0 632.88903731952 180.0993159000616 654.2682900843637 197.1097996691279 1.5476271 1.5995512 3.6399562 3.2882178 2.2621138 69.22231 1.7452291 5.816489978128142 
Car -1 -1 0 564.734353994918 181.90278062531294 586.3239400675067 203.74109662467697 1.670429 1.6327701 3.7405505 -2.79633 2.4310277 58.719578 1.490739 0.28569239377975464 

