Car -1 -1 0 83.16577972040685 183.42710052425312 202.22790914849674 224.97292878484606 1.4850049 1.620951 4.198366 -18.681316 1.9440138 29.118553 1.7395842 60.22793011548114 
Car -1 -1 0 299.65630136330407 176.78434878486908 382.7404085953703 207.97272394212794 1.603794 1.6532418 4.054481 -14.723455 1.8319849 39.76547 2.1988091 25.28244178168924 
Car -1 -1 0 986.6838143213993 167.15394196568275 1032.3526957244278 184.87566250531256 1.4946301 1.6215453 4.172897 34.82978 1.0138932 62.952347 1.5554276 5.725281073605505 
Car -1 -1 0 248.24501434812913 180.9103825057891 328.26035029381063 206.57806446796295 1.4763262 1.6948092 4.23308 -19.97494 2.002441 44.981144 2.3059635 16.695982989055064 
Car -1 -1 0 386.382827133109 176.97556117818257 416.49415058140335 192.65197993173965 1.4997051 1.6577655 4.121046 -20.790987 1.9242567 72.226715 1.6177177 2.7938835978183465 
Car -1 -1 0 1053.6799489577347 164.62761900835247 1100.1154746272634 181.73313086880722 1.4777175 1.6519408 3.9316955 41.592773 0.7670534 64.31481 1.5912563 3.624165369874374 
Car -1 -1 0 835.814075419901 168.98677889768953 868.0855618544128 185.46613796968165 1.4585934 1.6571709 3.8175998 22.052801 1.116304 65.77287 1.570147 3.04371177189155 
Car -1 -1 0 891.6364001727785 167.21749402438073 938.4270490815214 192.2625759155125 1.5765336 1.5916888 3.7926903 19.98201 1.2217275 47.34584 1.6107312 0.8645205462117715 
Car -1 -1 0 0.0 184.8722236275501 65.32655308843732 220.33902541432022 1.8215178 1.5963938 3.7667394 -32.351906 2.5288591 40.446404 1.3273511 1.8226507157996066 
Car -1 -1 0 807.2511524552077 169.4853711912235 837.3500973958608 186.08468938555419 1.4510016 1.6461723 3.6566558 19.098549 1.1565382 64.90467 1.5760876 0.32476580142974854 

