Car -1 -1 0 578.023627072381 174.24386537878925 650.3456074619452 242.4149024561083 1.5764403 1.6741176 3.2537572 0.13813777 1.3227191 18.262587 1.5558612 68.51824572942193 
Car -1 -1 0 357.7158646976635 179.7239346005522 471.1700026507765 258.62093277769304 1.582903 1.6411185 3.441628 -4.193531 1.4727223 16.14735 1.5656551 112.04192670055573 
Car -1 -1 0 184.42945217427695 189.10720344036258 329.3195344521593 254.9838791988732 1.4037502 1.5659659 4.1554823 -8.39101 1.5105852 17.64967 1.5609307 62.81738480332089 
Car -1 -1 0 456.25762556613097 181.5610234683352 512.0096264948999 220.36951991329192 1.415308 1.5501324 3.5252233 -4.7220626 1.2820256 27.982525 1.5759039 51.396691886702385 
Car -1 -1 0 498.46462578675175 178.91622966702846 532.2629267748509 209.38044254362393 1.4388534 1.5152036 3.7455676 -4.5383444 1.1413236 35.88224 1.4863757 13.052933155821819 
Car -1 -1 0 98.38566808908215 182.55799512336978 168.28517249709355 209.41425709070452 1.5570815 1.6717081 4.0418925 -28.721289 1.4029922 43.7218 1.5425795 6.96281314723975 
Car -1 -1 0 277.3276863049725 184.73801216016525 350.83302861898613 220.25102106202917 1.4759033 1.6056108 3.890659 -12.882502 1.4560509 31.836119 1.5905591 17.76983605433138 
Car -1 -1 0 177.974229344118 181.04412777234543 286.7631633094199 227.41439399947288 1.4382988 1.5447578 3.7896507 -12.492966 1.3089063 24.2286 1.6212132 3.507884645715142 
Car -1 -1 0 377.9761629175571 183.96738809534187 442.60721411778877 222.85722853066395 1.5792457 1.65977 3.54393 -8.414704 1.5285541 31.004147 1.6228055 1.5241325464691942 
Car -1 -1 0 630.2281892390836 178.91603010192165 649.6364082851176 193.4362260474058 1.4607372 1.5343958 3.978919 3.4135234 0.8269882 74.40667 1.7382002 0.8602007220593142 

