Car -1 -1 0 91.96639965804138 200.75782578802867 388.71376838213246 375.0 1.4487499 1.5564022 3.4518237 -3.8190985 1.8311489 8.153291 1.5823548 120.27408407147206 
Car -1 -1 0 665.2474569481327 182.83725603206045 724.45585142982 232.0083723175766 1.4343103 1.56637 4.063491 2.744328 1.7936988 23.926723 1.5921603 70.23253330542984 
Car -1 -1 0 768.7147549409176 168.0163297039411 904.9164678604963 212.00831249731607 1.5310304 1.6943196 4.3923807 8.171498 1.3626673 26.141623 -0.08488782 55.93967735663666 
Car -1 -1 0 854.2543867566538 169.81281275138048 1081.1108622258912 237.91985040927926 1.500675 1.7104229 4.4435577 8.210108 1.4336652 16.798168 -0.020129496 97.26120441499116 
Car -1 -1 0 387.89865575176344 192.9127735744966 455.3806362787069 240.60105776172335 1.4036773 1.5636563 3.9300141 -6.4033904 2.1532605 24.94831 1.5004778 52.80754170421953 
Car -1 -1 0 276.6125357322787 195.85462938965122 400.2944501160502 268.37684218289934 1.436689 1.6018054 3.5539224 -6.3117905 2.041825 17.203192 1.5747814 26.059371984446933 
Car -1 -1 0 817.2237093598449 161.5017150147361 994.4033067859132 225.31243018703304 1.6850321 1.693011 4.195098 8.073979 1.3852553 19.91353 -0.006480499 59.14157172176645 
Car -1 -1 0 471.64229314799405 185.18514035169494 514.7151018757003 215.17753492232325 1.4885583 1.5664396 4.1350183 -6.3304825 2.2015285 39.625175 1.6051581 8.502089956754055 
Car -1 -1 0 1008.9605655310495 156.53197510457775 1102.1714843817206 187.99315958735346 1.5142947 1.5765706 3.6029594 21.934263 0.72868025 35.572823 0.030949676 8.908731184397633 
Car -1 -1 0 1050.1513546756694 153.40901201264685 1159.8225411814165 189.22929945757355 1.5699204 1.6490091 3.793364 22.228292 0.71769136 32.46647 0.009845445 12.695804328847876 
Car -1 -1 0 1101.4631939994463 150.6291469758005 1232.4056910668048 189.02978872339747 1.5084176 1.6218736 4.0877647 22.491596 0.63540184 29.205153 -0.025304845 7.217103745515921 
Car -1 -1 0 711.4265410798012 171.60234528834224 770.293316833916 193.37810592417992 1.5308981 1.6905937 4.106424 9.461702 1.4429029 51.971413 0.20483077 2.082291296567742 
Car -1 -1 0 492.12714001346694 184.27698828762513 525.6283669479171 211.11990094113693 1.5385679 1.6027052 4.1268525 -6.259611 2.287156 45.205635 1.5505052 0.5495511497129092 
Car -1 -1 0 501.1116584022048 184.05047306641518 525.9864531828578 207.1711024029617 1.4779403 1.5746926 3.592509 -6.593358 2.27951 49.791946 1.474111 0.2664840817451477 

