Car -1 -1 0 672.5376784069773 191.9365415925275 762.1281091495669 252.9391468902711 1.4287938 1.5810148 3.4834092 2.8650308 2.0022693 19.861814 1.4537476 96.84772823806223 
Car -1 -1 0 642.8755606496882 188.51941381554997 693.5654025152703 229.39584479841398 1.4646904 1.5656209 4.0198164 2.3262296 2.148778 29.46471 1.5246527 50.01730394909681 
Car -1 -1 0 0.0 195.4642895602967 308.79156016435667 306.73575269967824 1.4861741 1.5972216 3.8324428 -6.773998 1.8536687 10.858779 -0.036857896 50.10400626106058 
Car -1 -1 0 204.20928798585803 196.11535459769755 419.8557445371425 267.8039261109503 1.4294426 1.6055474 4.039782 -6.368319 1.9628363 15.730532 0.00589391 78.74487708040446 
Car -1 -1 0 324.06369717635164 192.66284773591605 467.1165489040053 241.85361631304448 1.4421318 1.5976702 4.0188847 -6.6639066 2.0895371 22.716158 0.03345544 31.059695378280313 
Car -1 -1 0 255.0704677630056 193.83078816611766 430.60973707776395 256.8233772954633 1.4586865 1.5501512 3.81596 -6.569349 2.006081 18.033352 -0.010655796 18.92226169631821 
Car -1 -1 0 294.5132167840995 194.3986202897506 446.7554483122803 248.90012247093583 1.4333546 1.5489604 3.792173 -6.68575 2.0674381 20.425945 0.018680092 18.232797789573095 
Car -1 -1 0 372.72207817216815 188.88685389954725 485.2335435298583 232.6222302649802 1.5662528 1.565171 3.869868 -6.863165 2.2018156 27.59179 0.1212593 9.757689873251504 
Car -1 -1 0 422.78935283585827 191.16450821702318 521.2142891355569 224.9452093368978 1.4673002 1.6260064 4.190072 -6.2979727 2.335557 33.282524 0.05733409 10.303509099939948 
Car -1 -1 0 352.00740715600233 190.77260507120718 474.28940431620157 235.82382687208857 1.47382 1.5876857 3.8235095 -6.755375 2.1167068 25.07084 -0.011945499 8.333283914022035 
Car -1 -1 0 625.5240879965801 186.16205489396268 649.2289476491418 206.00751705859918 1.5190676 1.5022359 3.5646706 2.2676892 2.651369 59.547222 1.4783701 3.0948078869996207 
Car -1 -1 0 448.8292303958359 182.2031371331143 523.0479473300588 215.45474690662977 1.6998764 1.652896 3.6597795 -6.5031013 2.2059789 38.21129 -0.011898329 0.6984230983598283 

