Car -1 -1 0 283.03173220584546 203.9622338896726 458.35994394678374 323.882444729622 1.4756987 1.6737274 3.9441824 -3.6991577 2.0748928 11.905378 1.5455513 120.58491658409915 
Car -1 -1 0 712.451159162952 193.37079084790793 881.7038542882573 327.10174034049135 1.5695182 1.5625806 3.6440997 2.6101007 1.9304253 10.861277 1.5589694 87.1888777827749 
Car -1 -1 0 671.6225723382431 194.67321450719058 777.8056935314994 274.00102107347544 1.4655032 1.5676986 4.3986406 2.5215778 2.0409665 16.794647 1.5214579 74.66009661687227 
Car -1 -1 0 804.4297668258914 197.83785586755974 1210.7203052574698 375.0 1.550308 1.5753851 3.3193455 2.9845064 1.8249589 6.238624 1.5259187 99.52066375201666 
Car -1 -1 0 392.9683630295107 201.76995162335166 498.29662602192417 275.2256424119003 1.4171796 1.6363165 4.090521 -3.8438616 2.203517 17.576147 1.5708168 58.58089612497867 
Car -1 -1 0 470.07398688343795 196.77108008709536 525.8136832444227 241.96419892567772 1.4931673 1.5552797 4.0823207 -4.2599726 2.4907174 28.049236 1.5656136 14.83250156018227 
Car -1 -1 0 650.0926901678484 192.59945174355525 702.604521282756 236.4029697257996 1.5247691 1.5805001 3.6017714 2.5843244 2.3580143 28.610714 1.5213885 19.5865134929711 
Car -1 -1 0 618.1077225651716 192.42593884030853 655.5897795104202 217.35871087872687 1.5532768 1.5966101 3.6431062 1.8507597 2.9629226 50.00232 1.3106828 4.228668614313945 
Car -1 -1 0 659.8174023743201 192.72915836286714 731.7764643259162 248.79167428570426 1.504143 1.6041514 3.9532878 2.6293612 2.1878722 22.805145 1.5174228 7.336688712007321 
Car -1 -1 0 439.689164085516 198.86169372102964 505.14408614050905 253.54821753607752 1.4819889 1.5227557 3.6356587 -4.3162327 2.3827753 23.148315 1.5371366 1.321754359431678 
Car -1 -1 0 587.0150655196919 194.34147552433242 608.8316904780266 212.72435310547394 1.4735396 1.5790517 3.9103274 -1.0701178 3.4584675 64.62052 1.4567897 0.2950480580329895 
Car -1 -1 0 820.1744627477807 177.58674297138103 906.0460317314715 208.02743937684596 1.4666626 1.5563673 3.791558 12.60799 1.7094895 36.044273 0.107057944 0.48734107464250975 

