Car -1 -1 0 141.25684308697015 194.85447059784798 345.2269338968736 305.32591072749955 1.4424237 1.5476208 3.545934 -5.7953796 1.8597069 11.907362 1.5774214 109.66745829335075 
Car -1 -1 0 715.917026030921 181.44313060203984 836.4740995280772 258.80669141903445 1.4217161 1.5682247 3.7623343 3.4501781 1.6303104 15.604477 1.5198066 116.72032846982661 
Car -1 -1 0 354.16339125762727 184.78710127013474 462.5384912414085 243.48426578786976 1.4597702 1.6376889 4.118073 -5.6926584 1.8413947 20.943079 1.6731727 79.14372404241776 
Car -1 -1 0 662.6223221544341 177.2437541226957 711.4115382899047 215.68073942026092 1.4745455 1.5732676 3.6514182 3.1527123 1.6678784 29.939013 1.5537205 42.45467222546464 
Car -1 -1 0 684.399153580008 180.04029119926923 770.8278419482075 235.7329610305325 1.4337723 1.619388 4.1801405 3.357307 1.6668445 21.264324 1.5072961 31.958717088033005 
Car -1 -1 0 472.76163737936514 178.5838936721222 514.8965188379492 211.20330217539768 1.5175736 1.5446618 3.5328407 -5.7159777 1.8171821 35.95917 1.5673184 14.029975933967462 
Car -1 -1 0 508.3669191650028 174.70375377444302 559.0048131181801 194.13944724923317 1.5888631 1.6465311 3.8969011 -6.3662887 1.7477466 60.610794 0.30189833 15.131606393580933 
Car -1 -1 0 103.32350878843913 186.78621777454853 243.1921033913161 232.1843951185925 1.49083 1.5677221 3.8894403 -15.026516 1.9884783 24.977688 -0.0057885684 1.1172901080950264 
Car -1 -1 0 654.092575257509 174.47764766424498 698.6254025103759 208.02094258903463 1.5575807 1.5225532 3.21118 3.2268121 1.640933 35.354565 1.4480512 0.2625579237937927 

