Car -1 -1 0 756.4686776049357 187.6050070085378 1103.5759171210345 375.0 1.4189099 1.6714185 4.276528 2.7754948 1.6141076 7.4080777 1.5727798 99.61415924528153 
Car -1 -1 0 749.0636006731326 177.38591389062628 872.9991647234887 222.43513229437826 1.4435525 1.5753046 3.6910012 6.694734 1.601042 24.186886 -0.054744057 42.918089117173515 
Car -1 -1 0 774.7738772541895 178.4300727639465 979.3487310259028 244.15723220511487 1.4342085 1.5961291 4.137551 6.0705495 1.5692947 16.680079 0.000905558 56.99467019514008 
Car -1 -1 0 264.98851040208484 169.0053577783669 451.1191955601297 227.1201492808765 1.4476485 1.6346594 4.3179965 -6.46811 1.3517781 18.898397 -0.05026808 45.38494160108027 
Car -1 -1 0 330.26780657399604 169.77234122035435 483.09009885890094 221.24459694638088 1.4588783 1.6102629 4.0752697 -5.901053 1.3715347 21.310976 -0.027289387 42.7654332187189 
Car -1 -1 0 0.0 169.80704497268295 344.6609390731343 305.19677653871616 1.4775426 1.6370196 4.2066793 -5.618025 1.4442904 8.76278 -0.03347875 109.95234887156028 
Car -1 -1 0 733.6813784213107 174.47930552526515 847.0515114863646 219.64797270187964 1.5940981 1.6184871 3.7256846 6.5466723 1.6553937 26.368454 -0.018289678 21.900826230155786 
Car -1 -1 0 397.70914555630975 170.0457874646868 511.5339860087479 213.18433911154202 1.4997758 1.5735457 3.7373595 -5.5010366 1.402144 25.897633 0.013702078 30.973860214664516 
Car -1 -1 0 856.3188601835365 178.8805419542988 1123.4065672455727 271.6362630597842 1.4377289 1.5750389 3.7336867 6.3210535 1.5496163 12.35741 0.13895911 37.12050365739588 
Car -1 -1 0 693.0406508929586 173.57867896484322 772.2514420669744 204.6225218560914 1.5185635 1.6599402 3.709373 6.12766 1.5557852 36.198032 0.017606221 13.192001022568215 
Car -1 -1 0 412.07960753555534 163.04098282252306 513.2555427824993 203.51030773059887 1.6824234 1.6467649 4.0514774 -6.2308702 1.2744685 30.926653 -0.05338695 12.613893254275439 
Car -1 -1 0 634.8681795652687 171.53675776836366 661.8650745713611 193.9136556550057 1.513078 1.5805278 3.6582804 2.6900914 1.4240086 50.64319 1.5376141 3.7062010772812437 
Car -1 -1 0 476.26036439595055 169.20479757061304 548.7147395185251 194.49646819542073 1.5228775 1.6093205 4.163747 -5.9516244 1.3031492 44.458214 0.102042556 3.429358537423515 
Car -1 -1 0 411.6440351865989 169.38868530650294 518.0199495141329 208.3922519375848 1.4965894 1.5972223 3.8496695 -5.6943874 1.3636231 28.628284 0.0760065 0.7348021057723315 

