Car -1 -1 0 716.7563372564211 178.8016183879219 847.2832702340299 273.9871356410737 1.4723921 1.6068652 3.9797492 3.0276399 1.5997236 13.430282 1.6061099 136.99220210032433 
Car -1 -1 0 299.9862342197113 184.01128968154566 425.6910798980958 258.298006338373 1.5784976 1.6766628 4.1445193 -5.9895363 1.8896958 18.041368 1.5846858 89.13263254000839 
Car -1 -1 0 887.5053861170693 148.2789372323399 1144.2844210818732 225.2229580397324 1.5501549 1.7277265 4.5095634 8.544055 1.0550526 15.465325 0.02898451 137.36005618343526 
Car -1 -1 0 430.7309332810516 181.7706548731361 496.45834221470363 224.06831667307415 1.5379397 1.6220876 4.009736 -5.80825 1.9235274 29.150827 1.6324474 27.498880187038235 
Car -1 -1 0 482.6621411138316 180.2682640943197 521.5808383188524 208.90448949639082 1.4565612 1.5345552 3.7531838 -5.840473 1.8824596 39.56208 1.58233 9.113671620581428 
Car -1 -1 0 461.11320792122757 180.249888744433 510.1748374610651 214.43115188932123 1.5095563 1.5753427 3.8469124 -5.8876724 1.8847878 34.658154 1.6048906 8.238934957234772 
Car -1 -1 0 738.6718063379377 165.66535845845502 769.2953536695738 191.6980594258387 1.4501281 1.5710082 3.7186048 8.394798 1.0496911 42.14731 1.718587 8.296454117236124 
Car -1 -1 0 1125.3045348492183 141.412840877759 1242.0 182.9583611494555 1.5145161 1.6511631 4.124876 22.082317 0.36834806 27.166569 0.01838594 1.0712599927602078 
Car -1 -1 0 520.3838960573318 177.8243911389387 542.9264324892409 199.4995237659424 1.4951143 1.560272 4.1423473 -5.6760855 1.8740634 52.879517 1.4831784 0.5365795040185967 

