Car -1 -1 0 456.2854146826716 176.81251182603924 494.51246216495184 203.84877758516382 1.6963725 1.6524402 3.7074008 -8.941303 1.9702747 47.896126 1.1443257 42.981806721112754 
Car -1 -1 0 819.3095183909061 184.28807204007347 1170.9999326218851 320.4770428544884 1.4886506 1.5755407 3.5451226 4.6136723 1.6445891 8.93932 -0.064891085 117.23826393147056 
Car -1 -1 0 757.7604202619392 187.86055236910818 1039.9544870102989 289.6384911850034 1.4361032 1.5498346 3.7770464 4.366397 1.6870694 11.245088 -0.0249283 44.661991622123196 
Car -1 -1 0 0.0 182.1394922901749 257.2104764432851 298.44325245809995 1.4947975 1.6399771 4.075199 -7.4711514 1.6386914 10.298029 -0.03131726 111.44746180401283 
Car -1 -1 0 1028.2528557443234 182.50500410994644 1100.8022036654384 208.8583474472719 1.4880314 1.6958141 3.7810242 27.784008 2.10597 44.2016 1.4183671 30.537791615030812 
Car -1 -1 0 0.0 179.03030719649954 270.63201334251687 278.518936134383 1.5749214 1.6510808 3.8466935 -8.234626 1.6922791 12.632976 -0.1351555 29.815331673377813 
Car -1 -1 0 1144.364868654263 187.89463526115546 1201.5087961131117 228.64824738977066 1.3886424 1.550098 3.9825077 21.96677 2.0159848 28.083088 2.2852159 16.004245067764217 
Car -1 -1 0 94.96150146482232 172.3740593075951 317.20518697999086 260.0394570344988 1.7051136 1.6592351 3.7544427 -8.320263 1.6957786 15.200366 -0.18825877 36.383484782843865 
Car -1 -1 0 358.38277623049186 174.53825095876738 392.9581831354522 204.47883679902043 1.6037085 1.6024725 3.6365366 -13.277171 1.7037158 40.85735 1.184614 8.67608024578277 
Car -1 -1 0 174.7642997020048 176.9871340798391 352.15769341299125 244.76738857720488 1.5477917 1.5777048 3.6529224 -8.370403 1.6558466 17.738703 -0.19321792 6.246285633815474 

