Car -1 -1 0 478.355506223871 187.64732679652127 613.1906723339923 268.80633963923304 1.3864236 1.586954 3.8390238 -1.4701654 1.7396986 15.156467 1.1279812 121.63296399100453 
Car -1 -1 0 378.50935825883477 180.30828398929896 434.39027206563003 220.63304264725576 1.456959 1.5996555 3.9978962 -8.226008 1.7789556 29.01634 1.1506971 55.42363451564998 
Car -1 -1 0 1057.0311233082139 153.59044135008827 1242.0 240.9284314072944 1.3686882 1.6914036 4.0978055 9.9161 1.0668057 13.518006 1.8892194 84.69921559754573 
Car -1 -1 0 184.37487417667722 186.19718786262686 227.89712189321787 217.11484687687513 1.535776 1.6532638 3.9753437 -22.21687 2.3125534 39.85182 1.1758826 15.662869817861035 
Car -1 -1 0 0.0 199.8007011776654 129.60439272440354 310.75610533496297 1.4573152 1.6254399 3.82508 -9.57211 2.0035934 12.555351 1.0929649 71.17877448239231 
Car -1 -1 0 939.3350798357787 152.62530824782283 1055.8857443075085 227.80873926642778 1.4064591 1.5489331 3.4096084 8.107944 1.0280402 15.354666 1.8678734 36.48370925495659 
Car -1 -1 0 364.01936451076415 179.4119054002938 409.8170801431471 214.60971748886186 1.5236278 1.5913733 4.1167703 -10.620354 1.8550284 34.258717 1.1502023 13.812289315881381 
Car -1 -1 0 562.379256412689 165.69081446890186 651.1427431071536 204.3203826879535 1.6133595 1.6193082 3.5541432 -0.10345593 1.3141897 31.395998 0.27450943 47.29677629730642 
Car -1 -1 0 500.8570167961886 175.18798249361677 585.2295439994757 206.40319217089603 1.5462686 1.5732945 4.043516 -3.3858013 1.6695646 37.01172 0.1631692 2.032721434239882 

