Car -1 -1 0 633.7208784368913 187.53043056901626 673.8137797010884 221.0471272505526 1.5695775 1.6705079 4.217216 2.258866 2.382164 37.80725 1.5285907 31.82623394319603 
Car -1 -1 0 870.909445659939 195.56646184339345 1169.9535993239292 300.96070181554455 1.4753668 1.5565046 3.7790313 6.258683 1.8571653 11.294631 0.029949246 31.607305484540174 
Car -1 -1 0 754.714009467706 194.65531933412578 920.988310095457 253.7703618063965 1.4482125 1.5797328 3.9443345 6.0471444 2.0613856 19.33758 -0.08583783 55.81751862186383 
Car -1 -1 0 723.604181508005 194.37289251298645 867.5872412660125 244.79536240269985 1.4234927 1.589193 3.987969 5.6676283 2.1154604 22.209522 -0.10145183 42.656296722524374 
Car -1 -1 0 10.119273001402426 195.30266062971899 343.05078011045 302.2569824942177 1.4703608 1.6185169 4.146165 -6.479761 1.8428884 11.124711 -0.01922176 59.410160948054674 
Car -1 -1 0 815.2947343133296 195.9516493768203 1031.8910964066092 277.82839850236473 1.4709184 1.5512077 3.615659 6.1092753 1.955054 14.280852 -0.03751266 60.43546847175668 
Car -1 -1 0 128.8870525121345 189.97780544427368 377.9976292625325 278.5219241745922 1.5234528 1.6214677 3.9063177 -6.5838084 1.8667481 13.606045 0.02496269 48.06501815242575 
Car -1 -1 0 924.2819908367374 181.85302973025102 1242.0 330.74591594005705 1.6397611 1.6136711 3.8683658 6.1930294 1.7627784 8.959526 0.05076617 59.4130455514984 
Car -1 -1 0 240.44305466625278 187.3043726533666 427.66322949751236 256.4338072285868 1.6089826 1.6845739 4.0888114 -6.811968 1.9923124 18.169975 -0.063590795 58.02066603949097 
Car -1 -1 0 723.9541111668017 182.0352120283403 853.225944075843 237.82939520301284 1.8001854 1.6802757 3.9477584 6.0286727 2.1248617 24.555983 -0.0614919 20.210320583636857 
Car -1 -1 0 796.3460173108332 192.1414677582592 980.893952799962 260.89617498610716 1.4617505 1.5744033 3.7409341 6.479068 1.9415972 16.931503 -0.12793009 12.925682228392873 
Car -1 -1 0 434.3004666625338 188.72760919676233 521.7188387159484 221.37383091980772 1.4879425 1.5835817 3.8753104 -6.253887 2.2665243 34.54802 0.026349153 13.62639389850401 
Car -1 -1 0 412.0386433753342 186.83680810435774 506.8089432204751 225.08300591104899 1.6190777 1.607506 3.856042 -6.6023674 2.2547865 31.976665 0.012112529 17.474695845779934 
Car -1 -1 0 283.6279338219425 177.0168488146455 451.80184940628965 244.70312624181548 1.8495784 1.6896813 4.2855225 -6.8496685 1.9746945 20.758402 -0.038991753 8.347076327535806 
Car -1 -1 0 619.3832002646641 186.302547179429 641.537126366111 208.32088695452066 1.4741242 1.5579065 3.9305878 1.5320663 2.493928 52.725338 1.6023722 0.28485941886901855 
Car -1 -1 0 417.2390208917703 179.7106987653646 484.3400358262156 204.24653260706253 1.5030117 1.6122315 3.9930115 -10.021727 1.9472979 45.755085 -0.09803274 0.2764987647533417 

