Car -1 -1 0 713.3230582591852 173.47238394668523 883.2590083260231 294.6044686450823 1.6781008 1.6289341 3.9399104 2.9183586 1.6901274 12.02456 1.5207288 127.4138499711702 
Car -1 -1 0 694.125566185389 175.49536374999443 761.2814971604384 205.5522279581799 1.4603618 1.5101147 3.5715885 6.0562034 1.6040246 37.31978 1.0488019 35.59328217749451 
Car -1 -1 0 287.1483440764205 183.2153052570471 467.9305585526812 243.48477809123932 1.4720396 1.6226344 4.213433 -6.004548 1.7577326 18.925682 0.076199934 41.33596547301308 
Car -1 -1 0 619.1581565509738 174.30319833782005 650.0517970919855 197.37750588674888 1.5184475 1.577707 3.7414954 1.6865718 1.6221402 49.67725 1.4535853 21.927146140759017 
Car -1 -1 0 305.595502126206 180.3894154607769 454.4458048607588 233.98629328732434 1.4873197 1.6009959 3.883498 -6.734577 1.7210912 21.349075 0.124390095 8.849938613028375 
Car -1 -1 0 232.5447620006345 172.01060104142593 412.9971489928607 251.22775826237375 1.6856349 1.5607047 3.4250207 -6.346327 1.6676884 16.193323 0.035099883 10.22967969745204 
Car -1 -1 0 605.4963109830634 172.97868234966415 631.385656027118 192.1660644565969 1.5151787 1.5897928 4.038807 0.6933665 1.5257553 59.107063 1.4476469 1.3696748648475938 
Car -1 -1 0 133.8896373704031 175.98006200869338 364.1052654853515 264.4809103180018 1.5815839 1.550244 3.611249 -6.744467 1.6445303 13.739578 0.00788548 4.628675230967186 
Car -1 -1 0 366.4144144345577 175.49676495171073 478.49518425976987 215.84465958347303 1.5353439 1.6188929 3.9846253 -7.304138 1.6424315 28.401707 0.013265215 1.8690786788232425 

