Car -1 -1 0 740.4138600615522 182.17919437428506 907.811751050618 284.4095612719042 1.4199945 1.5967215 3.70673 3.4333527 1.602768 12.254385 1.5253323 130.6813423639263 
Car -1 -1 0 0.0 201.61277127447877 262.72912113311736 372.90642808950855 1.4890156 1.5714191 3.6006594 -5.8048024 1.9079207 8.695711 1.5525957 112.15929770578877 
Car -1 -1 0 304.5067331431863 187.35121674092113 438.7694319267218 259.0340999185267 1.4627168 1.6369157 4.132873 -5.655749 1.8613862 17.713217 1.6564387 106.27501204070019 
Car -1 -1 0 668.0857340028463 176.91441712783205 723.643931904197 219.8798218360583 1.457057 1.5361171 3.567749 3.1153526 1.6169657 26.612835 1.5450957 60.81979771342474 
Car -1 -1 0 696.0554564931163 179.92303221436848 797.6620972481397 246.93101180521376 1.4482558 1.6231701 4.030157 3.2999763 1.6453936 18.074331 1.5285139 61.10244848825246 
Car -1 -1 0 458.0576736321423 178.86201967416937 506.1567333953342 214.23713156313823 1.487398 1.533195 3.6091402 -5.7266054 1.7752284 32.75966 1.574728 27.851330363989057 
Car -1 -1 0 659.4113936665448 176.01223660576807 705.7934228982502 211.85029838643396 1.4991972 1.4836419 3.2544935 3.205968 1.6473538 32.16437 1.4866494 14.998748876956823 
Car -1 -1 0 11.392523044447042 190.98759940176612 183.43274852760695 245.08526279630664 1.5167556 1.622954 3.9819043 -15.311868 2.085124 21.722157 -0.041451763 17.396464081863908 
Car -1 -1 0 488.41389653073355 180.04387742471488 527.6410288934171 210.0234656492932 1.4662738 1.5273423 3.4121354 -5.27742 1.8603659 37.831314 1.5862774 4.25870547748851 

