Car -1 -1 0 705.3182280519093 187.50984412507447 823.7048847146916 270.07213981318284 1.3856901 1.5373186 3.4267416 2.8951738 1.4354378 13.874174 1.5715543 82.67951918299465 
Car -1 -1 0 29.694427326228958 182.84817681683086 254.64428692803563 281.40298367501964 1.5090686 1.6261758 3.8607464 -8.076514 1.4728172 12.956593 1.5465894 115.91474367694556 
Car -1 -1 0 262.5273328887587 185.98997680997036 450.63316632343384 298.54176476566437 1.4568313 1.6090833 3.81491 -3.6686354 1.4709916 11.238781 1.5713594 89.25854910375455 
Car -1 -1 0 653.9517189086495 180.7164869194297 710.4308403033447 221.93634731354527 1.4217279 1.5841017 3.971538 2.719143 1.2665441 26.801767 1.5423878 59.21822770364244 
Car -1 -1 0 441.79477097336286 177.84118955950007 512.8096863737542 234.8092007913192 1.6023359 1.5790995 3.2706616 -3.8685112 1.3949136 21.857397 1.5671794 96.42869483383376 
Car -1 -1 0 481.14165776256345 177.88571408057393 534.4360698913799 216.7548386487214 1.5145133 1.5905786 3.9652202 -4.0770516 1.2289046 30.010279 1.5939144 27.801029784759777 
Car -1 -1 0 381.4628472440355 177.94213766628454 443.385619932275 215.67070992287117 1.5397475 1.6382831 3.7296681 -8.37678 1.2429049 31.212032 1.5829748 20.390406807358126 
Car -1 -1 0 584.7965599951148 177.03419657251376 609.5033387880185 199.3431641761223 1.5199087 1.6692066 4.051118 -0.7471945 0.96250343 51.029076 1.5358837 9.04362570965494 
Car -1 -1 0 270.32872953422293 182.17463185561965 368.3133388093648 236.24569894096126 1.4382515 1.5147203 3.4055076 -8.226416 1.3573613 20.834038 1.5570756 12.237744369342558 
Car -1 -1 0 434.73925422599626 179.75011749522264 473.1503364353077 206.71901900546794 1.4783634 1.5628929 3.9346025 -8.774511 1.1787548 41.410763 1.5191938 4.1037532149002285 
Car -1 -1 0 457.6342737596853 165.40376326414074 491.207514018242 187.6524083159107 1.4743853 1.608324 3.9420242 -9.1173 0.16147722 49.612778 1.5655073 2.52435227426808 
Car -1 -1 0 622.1047352878752 177.31420457095751 651.5683707007341 198.20902442967048 1.4984292 1.5990238 3.5872445 2.1691499 0.93178976 53.433655 1.4403725 0.5100540495873955 

