Car -1 -1 0 804.3369423249113 190.62538248263428 1009.4376649135279 266.50416720125156 1.4805166 1.5715114 3.6826427 6.1659 1.875099 15.233692 -0.0005625564 46.1509456253985 
Car -1 -1 0 719.3280528331182 190.26070890385648 859.5164797857574 237.9566805956844 1.4189904 1.5922732 4.0730352 5.722984 2.0023947 23.187897 -0.099865705 51.56736007229901 
Car -1 -1 0 157.33908940474072 185.7118827388403 392.99365123164097 266.6936754213523 1.5137663 1.6359189 4.0257235 -6.652973 1.7898334 14.627003 0.023427987 39.53564667373301 
Car -1 -1 0 847.8845892984924 191.0542489483076 1112.4182807434793 287.9950210714731 1.5023065 1.5566142 3.701104 6.1637335 1.8325329 12.287649 0.013913101 32.54006542643777 
Car -1 -1 0 64.42948740453633 189.87893293917546 362.56024709687483 287.9285768926684 1.4795858 1.6153164 4.0752316 -6.432806 1.7838962 12.041199 -0.023768803 57.92239975726935 
Car -1 -1 0 901.5707838394536 182.3337977645924 1242.0 311.28549353135907 1.5750296 1.5893741 3.8926213 6.254973 1.7166659 9.864031 0.06337771 67.07497369126696 
Car -1 -1 0 264.20662281246086 181.04127550928547 438.7553345210426 247.95141309242615 1.6549991 1.676118 4.060963 -6.7121797 1.8833286 19.108778 -0.08822773 53.79685215656571 
Car -1 -1 0 748.4420506134272 191.03558652315712 900.412000283859 246.23025156706262 1.433193 1.5451827 3.7881885 5.969426 1.9670477 20.264416 -0.08009307 51.391616536570375 
Car -1 -1 0 0.0 184.5744224837856 266.74083963163787 312.13504205911283 1.5481901 1.6148996 3.802142 -6.922866 1.7204559 9.758915 -0.020467594 46.20339816438775 
Car -1 -1 0 719.1771015813807 178.77753896701816 841.7493454083774 231.72172919871093 1.78201 1.6677817 3.8902013 5.9718966 1.9989653 25.464106 -0.06736064 19.781092383905275 
Car -1 -1 0 786.3704625165961 187.99730393910642 961.0362120497081 252.42383853047454 1.4745487 1.5865024 3.7400997 6.461412 1.8689066 17.868654 -0.06963544 18.43697189747749 
Car -1 -1 0 632.234383668549 183.01331093710587 673.8716860928522 214.62676972696104 1.5390626 1.6631835 4.3382726 2.2772114 2.116468 38.78313 1.4955026 22.21131339378101 
Car -1 -1 0 424.4518737429444 181.9740223988364 514.4631988101303 218.4811140837659 1.6021246 1.592879 3.7751856 -6.3527684 2.0294948 32.952877 0.03331173 16.10522928425918 
Car -1 -1 0 440.23557568282934 184.23472340770846 524.9760938098553 215.9775207190344 1.4972545 1.5910895 3.8623471 -6.20495 2.0708995 35.509575 0.033364687 10.097149520154678 
Car -1 -1 0 300.38437057760694 170.0620668259538 462.8441661772619 235.09395322691103 1.8737419 1.6800189 4.3670464 -6.7526293 1.7932987 21.698875 -0.032005392 0.5050874527379022 

