Car -1 -1 0 449.6006033386505 189.794606871852 581.7320939865212 269.6945154242183 1.3985053 1.6067044 3.9168296 -2.1600618 1.8150494 15.632537 1.0957315 119.26527301466756 
Car -1 -1 0 348.32020635828087 183.654631393581 402.9596704922882 222.96001734973484 1.4123673 1.5839304 3.6966848 -9.463993 1.8771122 29.039093 1.1150918 60.5120856838505 
Car -1 -1 0 1001.2850810889131 157.63514746467067 1175.4598860353394 240.1048267153199 1.3961556 1.7258651 4.244345 9.343037 1.1385107 14.493732 1.8532441 79.78256900383542 
Car -1 -1 0 146.6351397961537 187.08261963740267 191.4914195903893 219.1056605425569 1.5685817 1.6679604 3.9207215 -23.96539 2.3868177 39.36399 1.1328034 23.090438346287563 
Car -1 -1 0 886.8923053777241 158.72267335001172 994.0976704295971 229.73649982945838 1.4191198 1.5626764 3.3484154 7.308603 1.1367234 16.227913 1.8025548 48.85948865184539 
Car -1 -1 0 528.8562202936288 167.8009696946752 617.1287684893401 206.5522523556708 1.648377 1.6265781 3.5850022 -1.5936441 1.4334342 31.899055 0.23399973 43.91530857394143 
Car -1 -1 0 331.1517609481036 181.04767834167748 376.8907345066139 215.74496178921683 1.4937968 1.5895771 4.237163 -12.225537 1.909801 34.38065 1.1181247 8.284542582138211 
Car -1 -1 0 458.15972516455156 178.59562637556877 540.6983359769171 208.98660044024626 1.519892 1.6135936 3.953004 -5.6973553 1.8269246 37.53315 0.12719059 2.0487120869191844 
Car -1 -1 0 509.60406362653725 173.52597183411882 595.542066884845 206.57747792992248 1.543415 1.673954 3.920818 -2.697833 1.5766203 34.6939 0.06418036 1.029323354648851 
Car -1 -1 0 590.7208956851454 141.00948154166704 943.6003827707829 361.38615566867855 1.9438977 1.7660582 4.4854326 1.5202363 1.6630037 8.765594 1.1081263 1.4963636591246798 
Car -1 -1 0 312.2971489107971 177.96713837197953 334.06308832756497 197.12751167965345 1.5122454 1.6134524 3.5630245 -23.7611 1.9508398 59.94069 1.2119025 0.9850603743880185 

