Car -1 -1 0 278.7353872620953 191.03796461652422 417.1773697625353 270.65907026408865 1.4759283 1.628318 3.9922225 -5.719796 1.9373506 16.300808 1.5861593 78.9361804042673 
Car -1 -1 0 372.47125862385803 187.1357651756278 459.69961016998246 242.7606689831928 1.4517021 1.5621736 3.8380687 -5.7161107 1.9203286 21.748167 1.5819187 68.02978471256063 
Car -1 -1 0 790.6655614977308 155.0294153739804 915.1136267308128 195.02624519321702 1.5143559 1.6904875 4.3261523 9.45352 0.83948314 28.277248 0.05291228 57.60671933419162 
Car -1 -1 0 416.7528947366869 185.52046629390819 486.14364346537326 229.65962462799487 1.4369593 1.6105206 3.8496847 -5.7275286 1.937304 26.554619 1.5995948 30.10107598372229 
Car -1 -1 0 491.0653879674353 180.6360167750508 532.1084065663039 210.63964302580007 1.5362937 1.5964088 3.9735904 -5.376539 1.9895098 40.006187 1.6083943 15.144117701114846 
Car -1 -1 0 457.15076393125975 182.19394600286233 510.70688096001345 218.68356151244984 1.4888854 1.6112676 4.1268563 -5.5982304 1.937669 32.588192 1.5941132 13.443299015596384 
Car -1 -1 0 1151.8006039367804 133.40624931979556 1242.0 178.8666550500473 1.669487 1.7131176 3.9667108 23.190136 0.22080848 27.368599 -0.007223281 18.589231615139667 
Car -1 -1 0 1042.886832439388 143.3675672701394 1144.6617959433133 174.77373352719638 1.5124738 1.5847808 3.968371 23.814783 0.0924513 35.5673 -0.0135109145 12.271556550508999 
Car -1 -1 0 792.2575334747394 155.36877818850925 897.5533757391327 192.51308312671114 1.5313375 1.646095 3.9720483 9.941566 0.81047916 30.690598 0.061715335 3.5739090700197464 
Car -1 -1 0 659.8721657657453 172.50167471555326 700.1519280849069 206.64131199254203 1.5273569 1.5488267 4.1059914 3.295547 1.5115942 34.33985 1.5790551 3.342864902672031 
Car -1 -1 0 755.2078649239265 161.7832810112222 812.7333233883182 195.0395730455309 1.4874578 1.5814484 3.7723708 8.196484 0.99229634 34.2098 1.49983 6.351805040094143 
Car -1 -1 0 1106.5867289469084 139.81058884235244 1241.6210409343435 177.45151823465085 1.528956 1.660945 4.2948604 23.560265 0.18674877 30.221256 0.038611595 0.3033865033301488 

