Car -1 -1 0 262.50036764946327 184.93071734636206 371.37482608671064 240.46909456253908 1.4373437 1.6088114 3.7231927 -8.123575 1.4299684 20.468853 1.5668916 61.905205935301126 
Car -1 -1 0 467.75485122152423 180.61875225646438 526.5734560969573 224.57578169944682 1.5251144 1.6321151 3.646549 -4.0219955 1.3656207 26.764475 1.5707015 66.730035203881 
Car -1 -1 0 340.4873062705168 178.485786969547 492.8625229250324 283.5083179655203 1.6001678 1.7081026 4.3847637 -3.2541785 1.497628 13.162029 1.5505354 88.17223757021571 
Car -1 -1 0 0.0 182.1115905700691 200.42442942592677 321.01556695887047 1.5970643 1.6375159 3.8153691 -7.6413126 1.5613744 10.183492 1.5575494 92.25721436868463 
Car -1 -1 0 94.18991843566957 183.58177834101662 236.15860876783 239.00855368142285 1.4658846 1.6272528 4.1771626 -12.771719 1.4226719 21.107193 1.5622683 67.27352004582609 
Car -1 -1 0 561.5782932191204 178.51309039868036 606.7244562922452 220.47021266434712 1.5260751 1.6427313 3.3893187 -0.8873625 1.2822862 27.86424 1.5417138 25.45918038618544 
Car -1 -1 0 239.22686448928476 184.08026298412048 320.0536148798266 223.81955218663546 1.4389924 1.6098993 3.5240107 -12.574388 1.3978773 27.816471 1.5398035 16.785001652575765 
Car -1 -1 0 511.990653845261 179.27861077114085 549.4387136812793 208.47065107063182 1.5023949 1.5988102 3.8787487 -4.0923147 1.1968373 38.939613 1.5754005 9.459042157179683 
Car -1 -1 0 391.0450515438647 167.8768216527563 443.6471748168576 203.70383000758574 1.546381 1.6374602 3.475893 -8.598442 0.7979928 32.8042 1.5208955 3.1152514755841043 
Car -1 -1 0 343.6884611918163 182.70756825496335 400.2223189971138 224.88719163703587 1.4618843 1.5407802 3.743183 -8.723692 1.3749561 26.896694 1.3837845 1.4362988972102968 

