Car -1 -1 0 705.3111463169801 187.3692474277477 817.6271472987938 271.5792764066768 1.4174783 1.5628483 3.4615276 2.9142013 1.7438737 14.484975 1.582515 79.3543677861558 
Car -1 -1 0 766.9118199603919 180.05103505447218 937.7670202152952 240.36525359123226 1.5418556 1.6816294 4.110979 6.4938164 1.7473505 19.638485 0.060414255 94.32053809836819 
Car -1 -1 0 312.2343672010753 183.34109244471608 472.39917265555187 234.40766003467968 1.4573619 1.6317098 4.354009 -6.468102 1.786613 21.798067 -0.01814602 26.810320719815856 
Car -1 -1 0 247.00779200899308 183.2365894239586 449.6299682263923 252.41290036701668 1.5101135 1.6349771 4.198622 -6.077586 1.7694494 17.035042 0.08240046 48.21676046847409 
Car -1 -1 0 0.0 193.65570312188294 339.0670886180358 309.9829597803372 1.4248484 1.5807891 4.0588636 -6.0531983 1.734945 9.9425 0.011490016 112.45493599329649 
Car -1 -1 0 127.71644972586789 183.92987809764273 407.3864991637028 284.325927880759 1.5434865 1.5808288 3.9633927 -5.608032 1.7427286 12.129997 0.030065272 80.66366641297338 
Car -1 -1 0 193.74410468631189 181.95895689424242 411.9385530317056 264.8033096338639 1.544601 1.5695097 3.7722802 -6.1186485 1.7409755 14.611846 0.089497216 32.80579097220186 
Car -1 -1 0 356.34201563897864 182.05815243747898 482.82140526802635 228.51672871915747 1.4855928 1.6021935 3.8166811 -6.334797 1.8067839 24.299887 0.041263342 10.914501607205743 
Car -1 -1 0 269.7583161984311 181.64391850294663 435.1910493700776 241.73369245838418 1.5228485 1.6253366 3.8847334 -6.8192215 1.7701519 19.421661 -0.03426323 15.213202057125253 
Car -1 -1 0 635.6957941037846 180.40954980227013 667.2716182177684 204.4081160141959 1.4970576 1.6104598 4.1339993 2.771813 2.0266728 48.460175 1.5028516 7.893862894649371 
Car -1 -1 0 392.0749834641875 178.26477823827008 498.0306763608814 222.2716162299613 1.6789801 1.640902 3.9701853 -6.495493 1.9029365 28.824734 -0.11366079 16.232278995333484 
Car -1 -1 0 693.1324538502517 183.8828253805208 787.1386120847409 217.43878266484646 1.4538777 1.6085434 3.9290543 5.9124312 1.9716976 32.893127 -0.09349333 10.278295362167396 
Car -1 -1 0 705.0049657844856 185.90923512112366 805.2499635103965 222.54578137522333 1.4370903 1.5805221 3.791698 6.0457487 2.0017326 30.136194 -0.15331085 6.520208646102854 
Car -1 -1 0 696.5868753214272 176.19430011727698 782.4097327472865 212.83760028520223 1.7245948 1.6819212 3.8064907 6.2889075 1.8919315 35.14396 -0.08661894 5.013559467820782 
Car -1 -1 0 404.4108083554202 179.95095347702338 508.7757990497997 215.66279646290445 1.4982908 1.6055679 4.1971188 -6.6074476 1.8156118 31.431786 0.0129240155 3.5125733482235213 
Car -1 -1 0 483.3148505649241 181.43664686009822 548.8636798246449 206.06242591333148 1.4953827 1.6069293 3.8578863 -5.8436747 2.0456626 45.354477 0.054440618 1.1404078103180426 

