Car -1 -1 0 713.9615105463783 188.17876288878526 838.8915768202113 279.50329397483597 1.3939819 1.5312502 3.4972696 2.8741121 1.4543267 12.863945 1.6082023 88.17446411343879 
Car -1 -1 0 270.46583366058286 185.9955499284703 454.4962611403568 295.8625325279247 1.4611478 1.6324323 3.841566 -3.6725233 1.4757198 11.509907 1.5727509 100.88505393789352 
Car -1 -1 0 659.5463872484594 179.94024327709977 721.6023681268861 225.26502341359515 1.442148 1.5838513 4.016718 2.8025653 1.2742931 24.90107 1.5445588 57.45438006661925 
Car -1 -1 0 114.06486345230503 178.2440881575334 291.0433483662253 265.1059732905433 1.5670803 1.6352389 3.738273 -8.13196 1.441305 14.860371 1.5425953 86.85587763124607 
Car -1 -1 0 448.35325527627185 176.8946770218386 515.5941529798366 231.80588868315823 1.5915301 1.6134125 3.2272887 -3.8374202 1.3503561 22.46831 1.5459313 74.03596689379846 
Car -1 -1 0 480.77500374009236 177.6709188201285 536.6261484639163 216.8568036872424 1.5424628 1.592514 4.215913 -4.090518 1.2454798 30.44086 1.6202428 28.395527167812663 
Car -1 -1 0 385.2032504997454 178.89005315441466 447.2444920676483 214.99085076585632 1.4948316 1.6676061 3.8363905 -8.337964 1.2329046 31.695831 1.5852475 20.9114369272209 
Car -1 -1 0 586.0520097401984 178.00675730579613 611.708248575381 201.01012671455115 1.4869137 1.6221347 4.1237864 -0.5977195 1.0209353 48.55774 1.5322194 7.4920510160436775 
Car -1 -1 0 437.25141440777037 179.4495026398412 476.779024552496 206.16102788159068 1.4876957 1.5501683 3.7688315 -8.707282 1.166548 41.92813 1.5615286 3.7991885184095415 
Car -1 -1 0 275.8135249147705 182.09920572845425 388.3700438333101 233.91157091565924 1.4343383 1.4953101 3.7281857 -8.234187 1.3480635 21.8656 1.7445474 4.512888769633453 
Car -1 -1 0 635.2866943537072 179.28370688344927 662.8301747963923 200.67073904173634 1.400339 1.6147196 4.0501676 2.820823 1.0119355 49.099167 1.5630293 0.4572773873806 
Car -1 -1 0 460.2905345536438 170.1399105694803 493.3389287966057 193.8339572843693 1.5905602 1.6471295 3.6044006 -9.037626 0.57853603 50.05849 1.5709516 0.789415701252402 

