Car -1 -1 0 813.394089919442 174.77450475869585 1242.0 375.0 1.5726359 1.5935252 3.6447256 2.9688587 1.593015 5.8288355 1.5641236 118.1333891773459 
Car -1 -1 0 237.3292716404344 171.97746377860918 417.10453281317274 301.9454238150388 1.8088874 1.5794973 3.7874455 -4.4399986 1.7966877 11.955772 1.5450208 135.60456874600752 
Car -1 -1 0 701.3552557328948 173.4485214540347 827.6240334960214 261.9396805899758 1.5297781 1.6254846 3.9081535 2.9372602 1.5433227 14.469164 1.5517194 130.50361555694377 
Car -1 -1 0 367.8550473641334 172.6534508134212 480.08041820029433 255.50793428430126 1.7600088 1.64199 4.1860013 -4.3183026 1.7557486 17.42197 1.5684205 96.38550314724189 
Car -1 -1 0 679.6531399801388 171.21046796461002 764.6209698141782 232.76470100647384 1.5855541 1.6223643 4.096786 3.1065614 1.5432189 20.668993 1.5253183 62.286800400015174 
Car -1 -1 0 511.60916257406274 173.68420093397174 540.8664355322943 197.04796001949936 1.6265651 1.6412024 3.890106 -6.092926 1.6893296 52.46532 1.3308413 2.994627041815091 
Car -1 -1 0 581.8879900767535 174.570003779689 605.4639416350076 191.57016616047304 1.5618607 1.5889165 3.5731828 -1.5356785 1.7295405 68.59097 1.357075 3.8485835547703573 
Car -1 -1 0 601.2100535749972 170.57797451320664 634.1010153615979 190.91854204607495 1.5411118 1.5634352 3.618782 0.60110486 1.3686675 56.626083 1.275964 1.278230110765907 
Car -1 -1 0 570.0730791410645 174.73504438187183 586.029452639296 189.61183530996422 1.5749481 1.5962223 4.0305676 -3.4705577 1.7862626 78.98381 1.4899571 0.6183272263299433 
Car -1 -1 0 642.3079640995282 172.14554872755457 676.4380056422976 204.88517526321843 1.5250077 1.5893762 3.8803437 2.4877577 1.492008 35.609665 1.6556264 0.27442535758018494 
Car -1 -1 0 620.7272128548764 171.91539459229253 653.385906103164 196.58090978491074 1.6440063 1.621582 3.699588 1.8681281 1.581446 50.038704 1.4272377 0.26386335492134094 

