Car -1 -1 0 704.8346659105819 182.95559855934306 806.2921855564965 250.1518742098939 1.429272 1.5783256 3.627962 3.4698572 1.7039165 17.76128 1.5137064 88.85653791638249 
Car -1 -1 0 224.54115147174875 193.99428578928254 384.85491126809296 285.5601204573721 1.4582496 1.5697454 3.6190739 -5.7805314 1.9263086 14.153704 1.5864393 93.07053062798688 
Car -1 -1 0 382.6012737403124 185.73621755579566 477.02342714193816 238.3104270606618 1.4557862 1.6260608 4.240648 -5.6568804 1.9098178 23.241371 1.667821 64.98393328267339 
Car -1 -1 0 791.1363984062991 182.50112936275875 1104.428828009181 374.2535335934558 1.5239689 1.6282893 3.9749477 3.2853787 1.6567819 7.9345512 1.585123 137.58836613462796 
Car -1 -1 0 659.8415367347939 179.34031470393828 704.1221234337557 215.51141785141448 1.4868194 1.5444951 3.596269 3.1694229 1.7918744 32.12169 1.5515605 39.8921252297622 
Car -1 -1 0 678.7217408864831 182.1275376500658 753.5180474491854 233.18918401426558 1.4659799 1.6570249 4.0908966 3.3747811 1.7954775 23.554363 1.5231795 21.509042970173322 
Car -1 -1 0 481.67775040060235 182.53780188621448 522.9140215807221 212.24808463446655 1.4509633 1.4685903 3.5678627 -5.6363373 1.988765 38.24875 1.627603 7.267443494174151 
Car -1 -1 0 500.6852373475368 181.14258009215843 535.5325353289143 208.11626403413447 1.5159091 1.4991395 3.3114235 -5.447443 2.0326343 43.28692 1.6268089 4.147298276740882 
Car -1 -1 0 652.3671660075676 180.7230070784905 694.4895700775128 211.91074929756454 1.4967589 1.6022191 3.4941967 3.2569537 1.9237647 37.34676 1.4886167 0.3440147042274475 
Car -1 -1 0 522.7316710143003 176.5085769809237 572.3294302019884 194.21743245231386 1.4836771 1.5994385 3.9965286 -5.3796988 1.8081892 62.570168 0.39014035 0.5815851568637934 

