Car -1 -1 0 364.8666646961864 201.92615500479226 485.3325589683281 287.7876732688881 1.4965105 1.6910957 4.171122 -3.940408 2.229833 16.099405 1.5523258 118.82758435272265 
Car -1 -1 0 727.2189196051625 197.66196729743274 910.4739080739162 333.445310217416 1.5427103 1.5772222 3.2892916 2.839706 1.9612597 10.492715 1.5225527 89.03628487792466 
Car -1 -1 0 673.6112910315398 193.67220678708273 783.608745308656 286.456531055079 1.5966139 1.5793784 3.578763 2.3491817 2.083302 15.050024 1.5327954 73.87502731696557 
Car -1 -1 0 651.6388269271373 195.98766456772728 732.238777629156 257.3042510247382 1.4478106 1.5925438 4.4165807 2.275724 2.192901 20.987669 1.5114081 41.58345377480124 
Car -1 -1 0 422.9611737997416 200.15406773442618 503.0397550699067 259.5196084988014 1.4574606 1.6322408 4.0831556 -4.2850237 2.3545895 21.65712 1.5554041 25.305970659849578 
Car -1 -1 0 637.3345357853849 193.1311828180323 679.1497166870137 230.5566741863294 1.4989641 1.5239661 3.6217103 2.1565635 2.4703538 32.727993 1.5339713 5.345496998758721 
Car -1 -1 0 484.0311768817751 196.83267663835844 522.7154029595051 236.62457326836108 1.5191662 1.5155995 3.8828216 -4.6514626 2.6483932 31.972416 1.4715576 2.3618047139705816 
Car -1 -1 0 609.9273443877232 193.33877508548127 641.0037709059541 215.6960770183213 1.506208 1.5806637 3.9390955 1.1628618 3.1125975 54.501907 1.3885801 1.3307999427639599 
Car -1 -1 0 781.0878422497024 176.87800642546426 859.1255098712267 204.05019006926761 1.4682138 1.5936273 3.9597554 11.699545 1.6984015 40.278492 0.10297115 0.5979491053862072 

