Car -1 -1 0 631.5350526850165 193.95216021980607 817.7727013735939 310.0289113152232 1.4077462 1.5978593 3.8912702 1.6265252 1.8071319 11.582055 1.3406943 108.84202506777092 
Car -1 -1 0 526.3607027004501 187.48723523826828 585.3411827667995 232.5219229202914 1.436941 1.5982593 3.9954422 -2.047091 2.0179985 26.526817 1.3505315 72.65808227576764 
Car -1 -1 0 20.241809929381912 203.47716773427442 241.7887268021618 346.63776380875976 1.5578502 1.6018753 3.7796655 -6.818049 2.1002479 10.749979 1.3186324 79.09358825325191 
Car -1 -1 0 348.0444203103768 190.82459751177186 389.80186384795894 222.99022752048472 1.5973449 1.6599467 3.733771 -13.291967 2.6436183 40.02735 1.3983788 31.97923984235567 
Car -1 -1 0 516.6048255978851 186.22020306966363 560.6336824460178 223.67599568833592 1.4842958 1.5758891 4.055916 -3.2281723 2.1216502 32.263824 1.3763002 21.90899374784723 
Car -1 -1 0 729.7067519364621 170.72919746810527 830.4966241718503 215.76620210958208 1.5995667 1.6033953 3.39777 6.405415 1.5241005 27.121725 0.47952527 57.34527601570151 
Car -1 -1 0 502.63299334937 184.5625608022369 522.4582696809914 204.40012500415105 1.5376403 1.566983 3.375573 -8.013395 2.5363755 59.780025 1.4552653 3.2744492022904192 
Car -1 -1 0 61.016746090388175 199.44190376925758 103.681054832265 220.5838443204258 1.5087276 1.5946722 3.7153296 -42.71046 3.7395015 58.53442 1.2974957 1.2915342271207346 
Car -1 -1 0 906.5359014948369 166.21671299083286 1009.0784126154686 206.8411976099254 1.4930651 1.5707774 3.7623358 13.660311 1.2491258 28.539856 1.3054373 0.7779819371003067 
Car -1 -1 0 138.61923413051605 198.2497406918076 184.15297156928654 226.84438522689283 1.4801749 1.5406082 3.4918492 -26.417826 3.0474575 42.628033 1.241398 0.2564145028591156 

