Car -1 -1 0 701.836932197365 189.56747434864891 820.9130689674461 275.01215486582703 1.5129527 1.6523259 4.375804 3.1511114 1.9305267 15.831156 1.5609312 80.9808471317932 
Car -1 -1 0 731.9204341272672 195.03710623493097 968.5512636100094 349.2556232366937 1.445564 1.6083272 4.4371643 2.8539762 1.8105723 9.639115 1.5519941 113.3128480100154 
Car -1 -1 0 234.62741959159462 206.42098006012532 452.04306882770794 344.65265330648447 1.4407933 1.6471847 4.1101036 -3.5958536 2.0289793 10.582424 1.5779703 100.24758455142968 
Car -1 -1 0 684.2884188798589 188.08190817242757 756.6372897890817 246.81400513607392 1.5152855 1.5725362 3.7063038 3.2013762 2.0067482 21.43209 1.5688345 40.726940526028976 
Car -1 -1 0 440.32719106321576 195.9730996265783 522.1480578107041 257.56827165370646 1.487156 1.5511749 3.8103056 -3.5936675 2.2156906 20.804499 1.6081297 64.99387607833543 
Car -1 -1 0 383.9481850950849 197.41985155214303 485.16217319056705 280.38690460255174 1.5356348 1.4863377 3.482482 -3.7942016 2.1453257 16.15128 1.5500195 52.0536159504895 
Car -1 -1 0 632.6569995655808 188.42525706219402 681.2314877600908 217.16312130046208 1.5457611 1.5874221 3.578155 2.768158 2.5132074 42.877434 1.2270558 14.7190743297827 
Car -1 -1 0 598.723290806715 188.6038949140243 628.8870416133215 209.69297722423275 1.5240297 1.7114273 4.2824087 0.29867467 2.8340044 57.76021 1.4058287 2.7834888629381425 
Car -1 -1 0 559.8382562315452 190.5755871061884 600.2596874559891 207.55691207411883 1.5667491 1.5860465 3.944564 -2.94299 3.3929691 72.45051 -0.7280922 10.253265127335428 
Car -1 -1 0 891.6618851093773 168.29551802458866 1005.4965465112961 208.43743951558048 1.5282658 1.5714911 3.7891932 13.327581 1.3547171 28.545752 0.1589272 1.3224743215005041 

