Car -1 -1 0 762.9776199100751 182.81116925537702 1038.5022626654302 358.7901760933935 1.5898758 1.6286887 3.740037 3.0661461 1.5681522 8.379047 1.5525447 133.39548772868102 
Car -1 -1 0 136.41182879255473 186.97173650723587 382.27215869826233 328.68324701496385 1.5001674 1.578516 3.5415037 -4.2632375 1.5276004 9.442111 1.5484533 113.51920945828138 
Car -1 -1 0 397.12009029770917 187.42327188882214 480.37924104574483 242.2856014100959 1.3619416 1.5598019 3.5093427 -4.528487 1.4280955 19.76509 1.5415698 75.5121741914138 
Car -1 -1 0 458.79906119570506 183.58069584574568 512.7203474429454 225.6968577754516 1.4402423 1.5348158 3.9030435 -4.4142 1.3843303 26.57293 1.5165192 37.06862145295724 
Car -1 -1 0 577.1935907730156 180.72850599869813 617.0934255186103 217.965375818848 1.5385361 1.6505415 3.4675832 -0.4790855 1.3531363 31.46457 1.5337046 33.7850088792045 
Car -1 -1 0 68.85492253002133 165.98811657181773 260.7427645778036 268.2377881019535 1.7756944 1.6231148 3.8101847 -8.616144 1.4417832 14.420603 1.5297875 51.65076211398117 
Car -1 -1 0 415.8511159450167 172.4028272053013 457.0099836782409 207.14229726801645 1.9447308 1.7736819 4.386383 -10.03282 1.2274606 42.508175 1.4774594 13.179798149343576 
Car -1 -1 0 616.2323502823782 179.8301497175058 643.6605018046819 200.16526485454884 1.4253702 1.5810452 3.7721255 1.6217842 1.0478754 52.331482 1.4896015 10.043988467788816 
Car -1 -1 0 384.9310148990121 183.9999592031563 439.74391060608207 219.27761384089644 1.4679596 1.6251397 3.996451 -8.586455 1.4173708 31.96571 1.496602 14.432184955962532 
Car -1 -1 0 475.30560998985015 183.56254993789938 524.6028154634247 215.84243237048827 1.4505496 1.6209185 4.047203 -5.056474 1.3762627 34.35358 1.6056348 3.8874255968351017 
Car -1 -1 0 505.5013778184659 180.18082040033448 535.287062937761 204.01492727113572 1.494711 1.661339 4.159156 -5.655447 1.1789582 47.201477 1.5190237 0.3616180121898651 
Car -1 -1 0 698.1020193082848 179.91239637168127 734.8511829065361 204.32792191639723 1.4920497 1.5568877 3.6010547 6.9154463 1.1679612 45.781555 1.4989454 0.2863907217979431 
Car -1 -1 0 565.3815622480038 182.38220780348797 595.6334815009442 209.7104973508745 1.478235 1.5658482 3.1993966 -1.4694569 1.3249665 40.488663 1.5769459 0.2802087068557739 

