Car -1 -1 0 732.8672219807275 187.98731589597406 902.6344579154899 310.792578290707 1.4348747 1.538314 3.4403243 2.8512678 1.6932162 10.587194 1.5840611 69.72245915991503 
Car -1 -1 0 251.55037079006541 182.55652589321485 444.33978664697844 245.89997423452252 1.4816761 1.6357063 4.2026844 -6.3990517 1.7340691 17.949173 0.0011573555 33.328875190727494 
Car -1 -1 0 633.6392170454211 178.27280262293195 669.2642236651967 204.12841431297298 1.4882321 1.6059313 4.1436367 2.5380497 1.838926 44.56134 1.4815514 15.511366660952849 
Car -1 -1 0 802.1131612020098 173.1965894741369 1020.8347898843996 255.17403280623242 1.6812022 1.6669257 4.073493 6.4414225 1.6891087 15.728756 0.04471034 76.42216783796215 
Car -1 -1 0 295.29219324202927 179.4499828492609 455.64334367147194 237.07138870982567 1.5438608 1.6472013 3.9971044 -6.5466805 1.7388738 20.435165 0.03722941 19.795024766216926 
Car -1 -1 0 721.4731387215363 180.2911165921251 844.1375267275179 223.95743592586808 1.5011883 1.6075138 4.012743 6.2106705 1.7800443 26.09347 -0.07959078 27.662087742309573 
Car -1 -1 0 133.3806865522943 183.96008117873905 401.3639475797733 274.4668417640495 1.4794517 1.6159112 4.114641 -6.056184 1.6949039 13.016361 0.08570649 77.93763700257111 
Car -1 -1 0 35.13704294317892 178.6293232390927 342.612097578728 300.4362806487826 1.6163516 1.589264 3.7052772 -6.089563 1.7096064 10.659694 0.108778976 56.54936138610354 
Car -1 -1 0 700.746847373961 181.51275076196526 804.9856840931152 219.3157546297789 1.4430668 1.5794275 3.8099792 5.7030063 1.8018186 28.938347 -0.08938858 22.70162748416117 
Car -1 -1 0 0.0 183.9058853923833 309.9606820493745 340.2600793810538 1.5702975 1.6032326 3.9731476 -5.7457113 1.7104013 8.259442 0.04359585 70.81221954117554 
Car -1 -1 0 702.6628657922857 175.1692046869842 799.5068043967156 215.54796412293683 1.6868237 1.6547087 3.828339 6.0537643 1.7895379 31.127357 -0.029659998 7.149183954077159 
Car -1 -1 0 187.1171336600278 180.48339770758693 394.9899695212653 254.47160685361027 1.4990274 1.5968195 3.8209329 -6.8190374 1.6741467 15.680932 0.04347884 23.8088954830657 
Car -1 -1 0 354.4741462794001 177.2776929532589 479.77546432628117 226.13208923012778 1.6100798 1.6640592 3.9349592 -6.56181 1.7687517 24.91729 -0.06775769 20.688978409513755 
Car -1 -1 0 757.74419523237 181.4879190576998 904.3499321644529 235.3293822624965 1.4986689 1.5666447 3.8118734 6.4155455 1.7614279 21.150906 -0.012932711 6.697694568881275 
Car -1 -1 0 456.8498950231014 176.23173527424353 535.1979826402461 205.87214895103116 1.5512922 1.6713649 3.9253292 -6.0739474 1.7374499 38.86718 0.032542232 3.522843716353756 
Car -1 -1 0 623.3624428846858 178.20932455153763 642.9217407644301 197.26674876166587 1.4900931 1.524233 3.8825634 1.9170128 1.9458845 59.461105 1.5810202 1.1998277509657413 
Car -1 -1 0 784.3464816753617 176.28691817315473 965.4210280262463 241.76622206441994 1.566412 1.6132617 3.9663663 6.5769386 1.6567299 18.16492 0.0058983103 1.2756100407031528 
Car -1 -1 0 368.18974207837937 167.58963916922391 488.50841167014613 217.29558805787684 1.8316603 1.6339071 4.1675444 -6.817545 1.6376688 27.422865 -0.008317667 2.2335162309173087 

