Car -1 -1 0 629.33330334922 182.0101148251819 697.8628707825578 229.27080355523532 1.3941274 1.5964074 4.200925 1.7240193 1.7299461 24.29442 1.4711907 83.71319320728439 
Car -1 -1 0 873.4434103686838 191.50858780996825 1242.0 329.55891832718106 1.4418764 1.5967432 4.094207 5.531929 1.6922178 8.737312 -0.07302663 103.85756302537646 
Car -1 -1 0 616.3771680572662 176.89371780302952 647.8088855850159 205.90648672070682 1.4902761 1.5032222 3.7055268 1.1923523 1.7216704 39.45688 1.5433259 7.569084817035342 
Car -1 -1 0 239.808787695922 184.9161888085736 421.6837076132675 245.4260039536263 1.4521259 1.61953 4.026259 -7.028653 1.7742656 18.455107 -0.0024526818 63.32054586195881 
Car -1 -1 0 834.9359405271722 166.97144745345292 1137.6219686668032 292.24130665704865 1.7698613 1.6541677 3.842182 5.669631 1.6867503 11.141687 -0.063605845 63.533542496391036 
Car -1 -1 0 609.4892498138081 175.68402652621418 640.1894314562268 203.05465861353662 1.6044123 1.5838556 3.7888234 0.90613544 1.787102 44.63736 1.5072402 4.435347900117573 
Car -1 -1 0 406.9773203517839 178.9877716886655 494.2493735266853 210.74379406679427 1.501286 1.6580462 3.978493 -7.7476935 1.8105981 35.43243 -0.06324572 3.491665937686227 
Car -1 -1 0 349.6716540796449 183.220285815177 461.39183019854283 225.65550255676138 1.4532111 1.5551338 3.5673332 -7.32685 1.8411986 26.082878 0.08297224 5.584601697095032 
Car -1 -1 0 285.99211720571634 184.77867595037924 436.80918416952056 237.66867102128512 1.4500957 1.5682564 3.8446536 -7.1459646 1.8109958 20.998962 0.028387245 5.394931354219736 

