Car -1 -1 0 684.8211766922064 180.60277406506117 773.1459078771369 248.37624560136348 1.4729251 1.5796214 3.9111507 2.8738422 1.688201 18.087376 1.5743165 141.03038780277907 
Car -1 -1 0 82.18237932200424 198.49605451054552 313.2113043828752 317.0774997676238 1.4524642 1.6011466 3.633417 -6.241449 1.9238609 11.444735 1.566887 105.10235437259486 
Car -1 -1 0 364.66282367041265 184.51654017346706 451.91505763536026 242.84348036403694 1.5931331 1.6456572 4.063471 -6.1717043 1.9909282 22.567862 1.5569644 66.39068456391689 
Car -1 -1 0 819.0410266123978 161.66934519470138 1003.4830216075177 216.47985018801052 1.4700241 1.6854645 4.4781876 8.367169 1.1700503 20.250748 -0.025262408 87.11722470300565 
Car -1 -1 0 983.6536500186694 158.34734181273316 1242.0 266.99661044962755 1.5082028 1.6470175 4.216777 8.194998 1.3068302 10.950823 -0.05340366 87.57729092905441 
Car -1 -1 0 452.56773026439737 183.46191347831703 504.3131437747905 218.54232370006366 1.4832081 1.5838022 4.0239344 -6.0655975 2.0096042 33.770874 1.5996593 10.852116061716238 
Car -1 -1 0 477.3218624443379 182.77238963735022 519.700099850607 212.7079985266505 1.4960865 1.5713353 3.8584237 -5.9955378 2.0634897 39.317833 1.6111376 7.660203568556444 
Car -1 -1 0 907.1925783538394 143.40143506009736 1169.0002631490859 241.36467461973726 1.8011063 1.6853669 4.1382008 8.247041 1.2596052 14.135014 -0.012829236 39.97359543270687 
Car -1 -1 0 1150.5653371048588 143.31569688127695 1242.0 185.4374411869134 1.4992965 1.5796613 3.92069 22.411276 0.4478994 26.481411 0.004547627 7.435648293363776 
Car -1 -1 0 489.9942583327018 180.88127012449777 526.6770254473946 207.86865271366477 1.5332184 1.6002887 3.8518045 -6.1381807 2.0454936 44.098625 1.5989633 1.6763493600578954 
Car -1 -1 0 1065.2749754216052 126.00327205662039 1152.7503840207207 157.47657310387984 1.4639024 1.6719148 4.1595044 25.957973 -0.8475057 37.682014 1.5650369 0.2951754927635193 

