Car -1 -1 0 711.4684871918944 171.22992342320475 873.7634882773426 288.18866529909553 1.5939412 1.5750772 3.467426 2.7542174 1.5718079 11.60547 1.5189672 122.4432221273522 
Car -1 -1 0 663.3023770314269 178.07852517066462 717.0815728383848 221.69096737889666 1.4042624 1.5507517 3.4236114 2.7706096 1.6004064 25.366867 1.5838666 74.71510897137524 
Car -1 -1 0 708.7390124008969 171.59241641227118 810.4760965085546 211.8185038900707 1.6454477 1.6949728 4.009622 6.27145 1.5938425 30.487377 0.06344106 29.609543428710317 
Car -1 -1 0 0.0 180.85458873897508 343.82191849014816 299.90072827472756 1.5209388 1.594562 4.0226684 -6.0857005 1.6450679 10.268759 0.064829275 80.8390066571906 
Car -1 -1 0 312.88369274368506 179.39280537010262 469.4668437699996 231.66157955659207 1.427817 1.590744 4.0145917 -6.1943994 1.6232487 20.74086 0.014533799 53.84613405231492 
Car -1 -1 0 120.61403811414016 180.76397200840597 387.6119090246579 270.1122888273042 1.4721446 1.5821302 4.020604 -6.231902 1.623313 12.916197 0.041201025 46.066977180676886 
Car -1 -1 0 355.4999435485202 177.4461653278288 491.26144117380676 225.88827358695295 1.4672667 1.5786017 3.8790925 -5.827282 1.6180544 22.85308 0.025893886 42.246575210821646 
Car -1 -1 0 629.1562341747261 172.41183299137833 650.8113036839508 192.9895859275721 1.6292281 1.7020177 4.1582184 2.5288749 1.5942196 59.25374 1.6309814 4.494818972704372 
Car -1 -1 0 227.67551554522572 178.9656013969206 408.0239332371105 239.85463357737865 1.4351826 1.5880667 3.8630166 -7.1786585 1.5949008 18.01604 -0.024108902 1.3864440305640586 
Car -1 -1 0 392.44742463712385 175.01036988114197 502.7915475262073 216.34071432285347 1.535061 1.5668993 3.8624964 -6.216074 1.6213666 27.890257 0.10868408 2.016406677975469 
Car -1 -1 0 365.2235239364761 172.89688473827974 485.44566765336583 221.1719917312372 1.6303928 1.5657672 3.7816114 -6.4107294 1.6319529 25.31057 0.08492261 4.463085848159502 
Car -1 -1 0 169.9953956978447 159.52564318479492 388.1517982556786 248.93919219950163 1.7681854 1.6600739 3.8359554 -6.820631 1.5046122 15.197955 -0.052363258 1.570012601274346 
Car -1 -1 0 417.8250283363761 174.38493224001195 515.2966972311217 209.0272794468682 1.5189133 1.6382275 4.0351343 -6.457818 1.5906972 32.780724 0.118322544 0.5597175386115137 
Car -1 -1 0 404.2093718657795 173.6795535674774 496.10796774588715 211.39424512619524 1.541542 1.5621108 3.4734156 -6.732006 1.577786 30.608147 0.17363851 0.28487157821655273 

