Car -1 -1 0 10.356051641650236 197.88121885820607 292.4014853648639 344.25186948899704 1.4891205 1.5784211 3.5347934 -5.82662 1.8878778 9.721834 1.561846 107.00151972569913 
Car -1 -1 0 730.5286082219349 179.74799066471908 879.7876338265584 273.1371908931411 1.4478378 1.5767136 3.6882997 3.4337792 1.593436 13.351678 1.5125684 125.67926896046598 
Car -1 -1 0 321.48489148018393 185.06842484256057 448.80159525252276 251.74480808034997 1.4618607 1.6572304 4.2466865 -5.6725636 1.8174927 18.81548 1.6662233 87.21472234387403 
Car -1 -1 0 664.0088499321707 175.48616285786753 720.0484023823625 216.82732670088654 1.4669111 1.5744802 3.772694 3.1015184 1.5751933 27.764677 1.5283322 54.7646483242504 
Car -1 -1 0 691.1537602347406 179.3816765690516 786.8865387329212 241.783765202829 1.4394903 1.6292455 4.0454187 3.302174 1.6312578 19.136307 1.5209999 55.5935672979575 
Car -1 -1 0 463.10403625191867 178.5715955811437 510.8482346175385 212.33271774791217 1.4636309 1.5362965 3.6928794 -5.6772456 1.7460114 33.773254 1.5916504 16.464502687430024 
Car -1 -1 0 54.1730170371193 187.25362671173525 205.79849607253476 239.86476001109014 1.5575548 1.599633 3.8269777 -15.108698 2.032222 22.833302 0.080648124 10.499690182475412 
Car -1 -1 0 655.3822824611008 173.73253084325796 702.2804377262397 209.4871261577679 1.5573496 1.5399277 3.2657106 3.1384463 1.5998623 33.213657 1.4696505 4.195112266835132 
Car -1 -1 0 496.62259858902627 172.3853777749447 545.9885107146696 191.71722721003158 1.5357652 1.646414 3.6355636 -7.1759844 1.4985365 58.712555 0.34676373 0.3267555832862854 
Car -1 -1 0 492.22925311340737 177.76447651738374 530.6087529666582 207.77808401017188 1.5264478 1.5381966 3.619467 -5.272152 1.8050259 39.113014 1.5855143 0.5441222751451894 

