Car -1 -1 0 806.7640980728142 190.59079143846108 1109.8442161058915 289.35246805168754 1.4239156 1.5876765 4.1711283 5.5004454 1.7334931 11.665079 -0.065490246 77.74277617868832 
Car -1 -1 0 628.6327694733287 180.66790195390186 688.3109395934464 222.5534682268398 1.4050591 1.6203473 4.4255266 1.763594 1.7255296 27.321804 1.4906317 63.99999011811901 
Car -1 -1 0 902.0362865709069 189.19426611534493 1242.0 330.39694327736316 1.4789495 1.5931909 3.916614 5.8033495 1.6970674 8.701956 -0.06887762 108.85529593118257 
Car -1 -1 0 332.2735211028646 182.29912405360415 468.00558811904205 228.61392897630645 1.4546785 1.6089886 4.0371094 -6.847732 1.7784071 23.871603 -0.027091628 26.906003608749742 
Car -1 -1 0 291.58432261967624 180.99145954233674 445.3531610357512 232.90654052742704 1.4590235 1.6019657 4.014721 -7.045209 1.7088847 21.343655 -0.0051050577 58.52510283993627 
Car -1 -1 0 791.944208878113 169.342181141366 1026.7948888411674 266.26011776199766 1.7571051 1.6548012 3.8815694 5.7101984 1.6934364 14.021302 -0.05876158 36.507234643044875 
Car -1 -1 0 615.4968030112498 177.0873279339741 644.8773019925944 203.85997457637578 1.4785585 1.5272201 3.6031244 1.1714242 1.7370883 42.24404 1.5453838 3.456945817892057 
Car -1 -1 0 0.0 157.3706518599351 295.6964211796326 306.75591580203985 1.9018775 1.7030561 4.5219584 -7.0341163 1.7047534 10.114571 -0.03423313 43.82177245775868 
Car -1 -1 0 653.2130031644325 156.8620610417968 691.1008728865365 194.75462262074572 2.611116 1.8535862 4.6357107 4.4644637 1.5091367 52.126198 1.4598993 2.94985539254283 
Car -1 -1 0 612.0553098587835 175.06222031659712 638.7415978954583 199.9597992240258 1.5656972 1.545372 3.6213956 1.0106413 1.7168126 47.538773 1.5332932 0.898847413614868 
Car -1 -1 0 365.8474604586719 176.78332914813817 467.2048024750903 218.4436892648975 1.6316259 1.5698321 3.6768112 -7.7658887 1.795219 29.22647 0.015843766 0.8445269652938813 

