Car -1 -1 0 707.676949857486 182.3101258559512 880.1328186281938 249.52513649297828 1.4473522 1.5734968 3.558743 4.2104483 1.67961 16.764322 -0.09844461 117.81785017971598 
Car -1 -1 0 185.9042529660488 180.32768586787412 378.023926246128 244.98927730226217 1.4838829 1.6212025 3.9765816 -7.915409 1.6769702 17.707695 -0.062751465 91.12806530724967 
Car -1 -1 0 5.218764446147824 181.4990173485819 298.77662991796296 273.4243366506146 1.4700396 1.5790112 4.095953 -7.771787 1.6295438 12.501886 0.0104147075 63.97944493792877 
Car -1 -1 0 681.36332942813 182.5621992127193 836.4770171541065 242.34874065691668 1.4742935 1.5733247 3.713667 3.8734117 1.7430916 19.037811 -0.084149964 23.312918337547075 
Car -1 -1 0 257.78021016149347 172.82171374376784 393.09916618953963 229.28319672238888 1.6827791 1.6075721 3.7062104 -8.804271 1.6818167 22.625942 -0.17920126 16.965173198689833 
Car -1 -1 0 459.42256656783235 177.18246113930118 491.25932824062636 199.25465066171506 1.6054255 1.6603804 3.4106479 -10.280308 1.9474533 55.119625 1.1579527 10.913483704617304 
Car -1 -1 0 221.04150276714915 175.42732249760522 380.46256072276435 237.75465125922662 1.6316695 1.6326544 3.7991776 -8.475846 1.7072788 20.09052 -0.16067806 5.8302760969588405 
Car -1 -1 0 945.564661941945 180.89717112436398 1004.6471464257353 203.37787342842452 1.525377 1.6126357 4.004111 26.590437 2.135858 52.626778 1.3240848 0.6283368582763361 
Car -1 -1 0 275.7606887177239 170.033194295291 399.3888312683344 223.23525859619997 1.7530241 1.5930086 3.8652916 -9.327814 1.6600776 25.030855 -0.2536349 0.2514110207557678 

