Car -1 -1 0 0.0 182.467408437774 288.33012993297154 340.62027833273675 1.6665123 1.7333868 4.335041 -6.2296963 1.8302016 10.078596 1.5220568 122.70783283825959 
Car -1 -1 0 244.33046931642397 184.3850164051541 389.75627355112255 266.1548541575514 1.5807312 1.6682596 4.107806 -6.516642 1.8786271 16.584356 1.5734178 78.11982710077132 
Car -1 -1 0 396.4743757144954 185.54931697005102 462.3221491336454 228.4653944322673 1.4499291 1.6127124 3.8023388 -6.760401 1.9661592 27.425064 1.5534658 53.10813455029856 
Car -1 -1 0 476.03583745133534 181.88339579630932 512.3636374265016 208.66731180680986 1.45048 1.518045 3.5190349 -6.6763783 1.9986231 42.034355 1.5817205 7.927697088451138 
Car -1 -1 0 496.9485989796995 180.27425728133116 545.267552142718 214.5457844903655 1.4301744 1.7799937 4.3838363 -4.0054092 1.795131 33.277695 1.5495785 37.7768561006365 
Car -1 -1 0 626.4827264137879 175.16575355472554 654.6810595175459 198.6833435943658 1.5236696 1.5985825 3.6650147 2.0708394 1.6865783 48.980453 1.5263543 18.0081410178941 
Car -1 -1 0 1077.471937370678 153.98748232751075 1194.0326459845933 201.8631310290232 1.5271568 1.5961276 3.9825785 18.136442 0.9253449 25.100311 1.7132248 4.401624106184202 
Car -1 -1 0 699.8613166352396 169.20708357565528 777.9374418683234 196.330385704385 1.5550535 1.732285 4.300766 7.5325203 1.3459655 42.3034 0.032545693 11.208046378570097 
Car -1 -1 0 1161.3498471001492 140.0538808077444 1242.0 172.6048463660447 1.4642265 1.5668089 3.47035 28.268898 -0.012424588 34.23194 1.588197 4.182185683289693 
Car -1 -1 0 698.2364468091132 163.59611625029436 770.4226125722867 192.54437912735966 1.7723582 1.6605268 4.18129 7.767352 1.2055438 45.12359 -0.05670829 6.593461876208118 
Car -1 -1 0 866.3174428408665 150.8806609531913 910.5556906054807 178.2269134147966 1.912029 1.6258559 3.8213634 20.19017 0.37566972 52.387142 1.5360388 7.399784343798151 
Car -1 -1 0 1025.1474900949522 145.30241216383615 1098.9395281270656 175.7402038135381 1.6582892 1.716578 4.05712 25.825537 0.1572438 41.34792 1.5815072 5.305125554657292 
Car -1 -1 0 841.109998506505 159.33913009700083 876.5643507664612 178.9546337019277 1.549588 1.5580585 3.7246897 20.29444 0.4819383 58.87408 1.5556167 0.2507229149341583 

