Car -1 -1 0 681.9518373530183 181.77042191075128 783.892889950614 255.8687057361844 1.4486784 1.6308353 4.3809466 2.7218237 1.6836686 16.824944 1.5714731 129.1678125661692 
Car -1 -1 0 762.2087968250362 180.43279502183393 895.9282397841657 232.77261167043292 1.481448 1.626581 3.6139865 6.515014 1.7201927 21.722073 0.11048674 55.985310626445816 
Car -1 -1 0 288.1310611236369 181.4210982552307 470.6205195844555 242.4005077464624 1.4253901 1.5992551 4.092289 -5.646096 1.6511326 18.071404 -0.070147514 59.60613583974823 
Car -1 -1 0 0.0 179.8183905909562 329.31902682432604 316.2960249624059 1.4883931 1.6528268 4.267955 -5.8910875 1.5824018 8.849709 -0.029956274 125.06693266158597 
Car -1 -1 0 111.70656230409497 176.18594066962865 374.9033827956555 265.6464447789199 1.547987 1.5997053 4.0947866 -6.6709366 1.6138688 13.408005 0.028981108 45.383781632395255 
Car -1 -1 0 669.045701437839 176.9908248982575 738.4318335246911 202.58945291354397 1.578069 1.7181445 4.1523685 5.9181213 1.8448466 45.648285 -0.01138073 11.05726356316898 
Car -1 -1 0 412.3257118087366 176.12135646078337 517.8721567778719 211.9671540883228 1.4647884 1.6313505 4.2230854 -6.061413 1.6078644 30.628407 -0.072954476 17.050388424430633 
Car -1 -1 0 0.0 179.67727840075017 298.1071374917895 285.20866012459993 1.4931461 1.5849727 3.8247867 -7.088973 1.6073949 11.202029 -0.04589721 21.085160452285486 
Car -1 -1 0 173.55363458428346 172.41269545844696 375.2299060243597 247.84416197186746 1.541959 1.6074245 3.6838 -7.1844816 1.5329379 15.775038 -0.124067605 19.44921829356311 
Car -1 -1 0 380.54023146735216 175.028909896594 498.11628271676676 214.40404351645992 1.4797969 1.6187718 4.2879963 -6.577114 1.5678595 28.22099 -0.08781743 7.47507770347866 
Car -1 -1 0 451.81466340215695 169.4530959066783 532.774981452761 200.95073857092473 1.7172065 1.7052324 4.35396 -6.5031366 1.5317938 40.371277 -0.08486297 4.112108020117215 
Car -1 -1 0 449.353081875053 176.26506748942782 532.8947138984711 208.119889520195 1.5147755 1.5873315 3.845289 -5.748779 1.6856321 35.314495 -0.01717686 3.360594714980558 
Car -1 -1 0 701.6215871144877 174.64349650443532 786.8437926907712 206.70926694663441 1.5533323 1.605187 3.894242 6.69006 1.6451395 36.03964 -0.09181078 1.0677191688466439 
Car -1 -1 0 740.9183657108847 180.04299903002118 856.5998537604955 223.27615974271882 1.4777701 1.5930369 3.7196853 6.8014536 1.7484148 26.091743 -0.1538058 0.27334079146385193 

