Car -1 -1 0 676.138151095732 179.8137989665167 781.8351742803786 254.85066499346667 1.5051137 1.6391758 4.2367764 2.6644387 1.6900127 17.020164 1.5317996 100.77634935213366 
Car -1 -1 0 781.029492253538 193.79838356135025 1111.1225731100576 375.0 1.4073281 1.5290128 3.4069147 3.0146675 1.6693261 7.2665005 1.4903615 119.0405830868397 
Car -1 -1 0 661.4256731104766 178.9735935461689 715.7789274882592 219.66919831155963 1.4195981 1.5398223 4.165806 2.9792528 1.6741004 27.904713 1.5441272 39.93718186291416 
Car -1 -1 0 0.0 192.65948919725065 319.0146435068634 305.86274848701606 1.4273536 1.5701666 3.8353987 -6.388724 1.7358909 10.328569 0.06705537 68.25777019026668 
Car -1 -1 0 95.63937399971941 185.14649533189575 364.7529931719458 277.8857239739262 1.5028312 1.6196253 3.9277027 -6.5774355 1.7351906 12.779581 0.025344614 37.26204571434438 
Car -1 -1 0 325.7526759774943 185.2795980369137 483.7729305102295 238.3697550114614 1.4314344 1.5954136 4.0909786 -5.842753 1.8064584 20.83601 0.07116521 72.68506653396837 
Car -1 -1 0 186.30498142052326 177.15060185478845 400.81723950998384 260.7209077510061 1.637441 1.5955561 3.8243904 -6.540542 1.7332366 15.160002 0.0687008 42.6100181328423 
Car -1 -1 0 341.01456944677267 180.94664420360425 473.6182093948478 230.04039806612795 1.5200306 1.5891452 3.854272 -6.4883223 1.7915456 23.406336 0.0037909534 13.518043009165797 
Car -1 -1 0 641.8449933308441 173.0955168832411 672.8653722269199 200.84164102293704 1.7349882 1.6668521 4.050159 3.083415 1.7514708 47.19845 1.5467889 11.249164340648731 
Car -1 -1 0 366.54067242953425 168.26040292442178 480.6670825261376 219.05247679629343 1.7596247 1.6406561 3.652804 -6.601849 1.6004854 25.855942 0.02139583 7.926580382423666 
Car -1 -1 0 517.2111079572275 177.55989094668917 545.2309569177991 202.49905385460985 1.4819131 1.5693067 3.5509274 -4.8913507 1.7897105 45.376858 1.5146768 0.2766653597354889 

