Car -1 -1 0 307.48653406053035 192.38510086887294 468.68019505177966 291.45772954644394 1.406961 1.7666366 4.461935 -3.860415 1.830879 13.399574 1.5348923 130.75052982167438 
Car -1 -1 0 95.41228376908005 204.13297258852054 315.7863599182945 308.4631395348845 1.3612245 1.5974828 4.077042 -6.786352 1.9992815 12.678098 1.5683258 96.04400490839912 
Car -1 -1 0 432.22334873009453 188.74434979678077 506.5589516543332 242.45771538815637 1.4035861 1.5410792 3.4577482 -4.1094613 1.9176853 21.611643 1.5751479 64.32214944536048 
Car -1 -1 0 637.3426424883443 178.12916613609184 677.3975114610656 212.05162647005287 1.4893694 1.5892403 3.884551 2.21525 1.753982 34.240257 1.556418 50.369093249452995 
Car -1 -1 0 757.9907903221248 163.67424227429524 884.9338544950031 208.80022434099823 1.6510581 1.7296 4.303609 7.9383736 1.3151913 27.300297 0.01681388 30.09036886886471 
Car -1 -1 0 742.6503197111316 159.2412859109336 853.1937670314925 204.09420590970802 1.823904 1.6717227 4.1793127 7.8584375 1.270355 30.308033 -0.06377736 11.367581160361162 
Car -1 -1 0 714.7873889372285 168.26492883135262 804.4721372427581 200.94187183766357 1.6014608 1.6626618 4.2614303 7.502789 1.3765553 36.376606 0.08773934 5.720267227734742 
Car -1 -1 0 487.33843083690397 182.8240855137879 518.5823467891271 206.49688388171774 1.5075157 1.5189053 3.8750858 -7.2770224 2.2189527 49.538353 1.5855682 1.345577565668362 
Car -1 -1 0 914.6178372175453 155.11916756401777 969.9003652606475 180.41906209085906 1.4793224 1.5307162 3.5013547 20.223385 0.4423402 43.998695 1.4858313 2.703578154703273 
Car -1 -1 0 394.6315778818005 187.01008714582548 463.82333041821096 228.5982459343617 1.3870035 1.5649922 3.9405928 -6.7553654 1.9636364 27.40391 1.5929612 0.36041155457496643 

