Car -1 -1 0 361.0485102430425 186.88135602364818 425.6381002466576 223.4635950663903 1.3765779 1.5885258 3.5862756 -8.55188 1.448002 29.019777 1.555496 33.33474566996725 
Car -1 -1 0 476.1052845778735 185.35803458715068 521.8855941079086 219.6713260487427 1.393451 1.5094236 3.6294818 -4.613509 1.3999596 31.039347 1.5477442 26.083677157518142 
Car -1 -1 0 577.7684885791118 181.17620091479748 607.5776371819885 208.43353858499785 1.4675678 1.6057729 3.6894515 -0.83944255 1.2500764 40.573006 1.5395154 13.733271412700514 
Car -1 -1 0 406.02160588596104 188.82246242395604 493.5008147836081 245.67537307152145 1.3956778 1.5873878 3.8699162 -4.225458 1.5049195 19.832989 1.5647362 69.09634962825729 
Car -1 -1 0 399.9106876372778 181.22413401489752 435.13971019081134 203.85050213461426 1.4902251 1.581106 3.7038786 -12.943026 1.2273314 49.23017 1.527182 5.180186027323262 
Car -1 -1 0 421.61472629818184 182.01174805594636 463.62531308542924 211.98366810616167 1.583616 1.6247492 3.6679206 -9.068029 1.41433 39.84736 1.5302119 4.6587627233306845 
Car -1 -1 0 678.0355991062485 179.15831588580457 711.7710285204436 208.42625390250345 1.5670818 1.6283875 3.6569047 4.880331 1.2427537 40.35734 1.6222593 3.434682084318848 
Car -1 -1 0 454.4092937391211 181.205599101115 480.6765301588987 203.86814615146767 1.4503002 1.5509394 3.948762 -9.376885 1.1936721 48.104637 1.3343072 0.3879687488079071 
Car -1 -1 0 496.0284572765927 182.3922856401966 532.7387048374208 209.68285390049527 1.4875914 1.604073 3.8222437 -5.2569504 1.333689 41.09575 1.5711035 0.5382960280174306 

