Car -1 -1 0 820.774215362143 184.2667819023675 1112.9193779077204 282.21145517210334 1.4597471 1.6501856 4.011113 5.7321777 1.6620326 11.877464 -0.043443274 123.9269218729767 
Car -1 -1 0 644.0203579554387 180.58177446797768 700.4258392637366 223.31038928184248 1.3953192 1.5805597 4.0568533 2.2109046 1.6996087 26.358065 1.5379632 46.96354880317861 
Car -1 -1 0 53.55117982208005 188.12000083131497 356.72851615609164 284.0791248892351 1.4107018 1.5655866 4.0141315 -6.361838 1.6737578 11.645576 -0.0023971845 54.55255486593626 
Car -1 -1 0 289.7659812453448 181.30586240924114 459.1123960265753 238.56855657275688 1.4970883 1.6000602 4.1577024 -6.4128265 1.7406604 19.953032 0.019684553 85.6144164483451 
Car -1 -1 0 639.3230851451727 177.61043850791893 678.4030284449188 209.79967007120143 1.4713672 1.6008725 4.216922 2.384251 1.720823 35.72445 1.5595957 8.441597323025064 
Car -1 -1 0 0.0 189.4200477334223 279.2056470454763 320.22811006776465 1.4485934 1.5783865 4.0560446 -6.572722 1.6790135 9.128191 -0.059204377 29.76226181259253 
Car -1 -1 0 369.23423884622196 173.4910027189603 492.58880275269024 220.27528488326274 1.7092626 1.6495297 4.2379646 -6.691229 1.734143 27.284111 0.034941368 29.607002239380403 
Car -1 -1 0 552.0731718742401 177.13088994707084 575.8564564613592 199.1215206784654 1.4490838 1.5904324 3.7245069 -3.1839566 1.758003 50.203445 1.5010028 4.278639346588635 
Car -1 -1 0 621.1199644060979 176.01957544129127 648.3143525904362 197.62030920933404 1.5421745 1.5932271 3.954648 1.8519683 1.7886546 54.14565 1.4898491 1.881972785887133 
Car -1 -1 0 453.2912802282499 174.9905654481878 526.6761858192407 204.12902422925322 1.6370773 1.6892555 4.0465136 -6.8562427 1.7634255 41.67626 -0.074429065 1.1299845035980325 
Car -1 -1 0 475.9049721854794 180.4205446911313 518.1037057521963 214.07130520628283 1.4418321 1.5874597 3.8602154 -5.211142 1.8167224 33.77608 1.5124863 0.2848634719848633 

