Car -1 -1 0 711.6152316870053 184.05897121421424 896.379250530806 307.0007824961292 1.4632771 1.661887 4.477486 2.7416832 1.6725726 11.236883 1.5685712 151.86761797603126 
Car -1 -1 0 367.12424998699123 176.6447065976584 499.08277458482473 220.0405570179025 1.4382008 1.6175065 4.224424 -6.0317335 1.5745492 25.014902 -0.06206134 33.61945278661151 
Car -1 -1 0 135.15060110757344 180.2809739869108 410.93849354563025 271.57737737050843 1.4470452 1.5917338 4.012979 -5.643295 1.5843859 12.461279 -0.043062456 94.55638550706396 
Car -1 -1 0 803.0752474525234 180.89753246241378 999.7621602879289 250.52308928601312 1.4347262 1.6089392 3.78436 6.3832493 1.6258569 16.124624 0.11741066 67.03958116901426 
Car -1 -1 0 725.7062520184968 180.63718153461923 831.64091752947 219.21866895698753 1.4270115 1.5469255 3.703724 6.5069675 1.7384193 27.961338 -0.073660955 23.382732073933436 
Car -1 -1 0 410.86891976170887 172.6298349175517 518.8025110361316 212.93215963742426 1.612551 1.6403115 4.1157675 -5.8945565 1.6035817 29.696274 -0.0031167353 26.50368094398766 
Car -1 -1 0 679.4852240244246 176.51473860108726 751.6161803575574 205.34367139481452 1.5512311 1.6905837 3.701025 5.836357 1.7588327 39.9896 -0.045759376 14.78327840315713 
Car -1 -1 0 715.6958836062029 176.60331765912292 811.1937109113682 215.4968961665586 1.5723498 1.5924923 3.6253827 6.399054 1.733989 30.223305 -0.048617043 23.58925744104028 
Car -1 -1 0 321.4199814713183 176.48109865678214 471.63446370693185 224.93979190001127 1.4353776 1.6207694 4.284643 -6.5539384 1.5540082 22.563332 -0.107643105 18.763416744886882 
Car -1 -1 0 486.2395021708054 175.1143227977106 551.1807790329264 199.25211591060236 1.573627 1.6344466 4.052316 -6.0419936 1.7277666 48.214645 0.086762175 6.7867583101488815 
Car -1 -1 0 0.0 169.51679678251844 257.63958415868046 291.64012720712384 1.561059 1.5827779 3.5023994 -7.0898395 1.5184007 10.15909 -0.08424081 18.21326649542152 
Car -1 -1 0 632.0112383333354 176.42108873785864 656.9125910306842 196.79610794726767 1.4620013 1.5806668 3.7296205 2.5960355 1.7398996 54.32364 1.5394268 4.458154375564837 
Car -1 -1 0 428.5264111685723 169.8336737341873 521.2021298014264 205.92634256246106 1.6838548 1.6675044 4.237089 -6.4084373 1.5429454 34.67841 -0.08766737 5.271231573333777 
Car -1 -1 0 776.4172036339896 179.4845858116705 930.7638537938906 235.77069229872117 1.5177573 1.6171552 3.8290682 6.8319616 1.7131782 20.456305 0.00039230782 4.315438905476599 
Car -1 -1 0 578.2143437596068 174.01074972368383 595.7461881241644 187.91377473714707 1.4698312 1.5873953 4.0084157 -2.4377637 1.5992143 78.66279 1.6215191 0.27366507053375244 

