Car -1 -1 0 0.0 208.10163397277495 267.54784476325744 373.45807962527533 1.4600652 1.5803902 3.8205712 -5.9937396 1.9989212 9.110218 1.5577278 123.08268347031279 
Car -1 -1 0 207.52659773936054 198.9186127472109 368.0261220519681 294.516630903676 1.4686246 1.5177829 3.6014137 -5.989379 2.0354524 13.881422 1.5585315 101.3665700074685 
Car -1 -1 0 331.7766773404219 192.13575405348516 438.40258850976267 254.3776442869314 1.4209049 1.6474037 4.2294908 -6.035675 2.0094569 19.904537 1.5649496 82.85891645005485 
Car -1 -1 0 415.0582600287321 190.15030673101433 487.6351597996238 233.14069975479822 1.4035991 1.6347717 4.2661138 -5.919725 2.1143034 27.47643 1.6211827 53.341605934016485 
Car -1 -1 0 678.722835974066 174.37629999640828 756.4024839742588 229.05008393462018 1.4867129 1.6290122 4.190217 3.1593432 1.5372787 21.852623 1.5461946 37.64889477058511 
Car -1 -1 0 911.5233987806351 143.64598972740794 1144.1067113116806 216.28237764341938 1.5089525 1.6562307 4.138214 9.040342 0.90218353 15.829106 0.0056731263 119.59277964559895 
Car -1 -1 0 665.5664105146085 173.85284602185433 722.301037991052 221.15320637606692 1.6497672 1.6415236 4.247004 3.1186593 1.6906172 27.382502 1.5671096 38.5562731568543 
Car -1 -1 0 895.9205481942757 142.88042310916552 1074.2528252231746 210.17758901179167 1.6315094 1.6073486 3.7011929 9.445873 0.9048491 18.331625 -0.019238614 30.527936860603333 
Car -1 -1 0 486.63284921036006 181.56562698535956 533.2078207660978 211.58478314844467 1.6207224 1.5915997 4.255699 -5.7998924 2.1602457 42.465153 1.7162149 12.675094449411137 
Car -1 -1 0 789.6826092618353 161.51215809243695 940.3233968375732 207.9657340452917 1.4623148 1.686394 4.322946 8.253291 1.1052842 23.563217 0.0030978988 32.485825753348514 
Car -1 -1 0 848.4762292614028 153.18628393726175 1001.5014931736634 208.653715975543 1.5260941 1.6041567 3.6931405 8.974295 0.9849695 20.709423 -0.03022359 33.88156862927144 
Car -1 -1 0 651.3565321978062 177.51929746676953 696.1996003238432 209.1370023247749 1.5075606 1.5770965 3.8625932 3.2357798 1.7597318 36.99784 1.4660889 4.814873312347472 
Car -1 -1 0 454.8669920291048 186.4527408412781 507.44755393616634 223.10074305641047 1.5234686 1.5533818 3.7506351 -5.8662915 2.1879663 33.33833 1.6320865 2.0520085751156443 

