Car -1 -1 0 721.4623993297398 190.50083636350465 907.630482303464 308.1536082848336 1.4128476 1.5584092 3.4417565 2.9136493 1.7256305 10.995778 1.4656014 105.67144989832559 
Car -1 -1 0 657.5166131309776 182.36163621612988 739.0443850706586 242.49147822714275 1.4898188 1.6127527 4.309142 2.4337447 1.7922971 20.762897 1.5206347 92.01744246006766 
Car -1 -1 0 355.0471384485692 186.89135970799714 493.0419888437921 231.90609711586023 1.4281547 1.6181579 4.2361774 -6.228838 1.922992 24.465826 0.07691148 59.346458615882355 
Car -1 -1 0 0.0 192.64430581284807 283.4079133126826 320.7838731000207 1.4578185 1.5617957 3.793692 -6.459251 1.7368336 9.322087 0.037019294 71.06772604227098 
Car -1 -1 0 200.33237824448585 187.51220302587598 406.4652514657198 259.14720572751867 1.504559 1.6268523 3.9813914 -6.817627 1.8540775 16.35378 -0.01893613 40.38440053490194 
Car -1 -1 0 145.51054949831365 189.50548300247036 384.1856887798028 271.7355057568525 1.4480631 1.5847497 3.8599706 -6.5307083 1.789212 13.919223 0.037067454 49.539693484302596 
Car -1 -1 0 261.7412822113799 182.98337306514017 432.21065204746196 246.01361366448657 1.5317706 1.593483 3.8581867 -6.7620735 1.8088576 18.788706 0.08025041 32.71014895429386 
Car -1 -1 0 367.388585350094 182.56097611909192 482.84341248617244 225.53960288233134 1.5358901 1.5982913 3.9163 -6.830941 1.9099345 26.980146 -0.012360219 9.615538911654049 
Car -1 -1 0 649.6285086892559 179.79639980356492 697.4948991097632 216.96904311430762 1.4805809 1.5885304 4.1341405 2.7367847 1.8049225 31.615242 1.5348886 11.551516649175607 
Car -1 -1 0 41.34808444370541 194.20555009803684 332.9095624346878 294.26642287321687 1.4361967 1.5396127 3.7897592 -6.617067 1.8025211 11.545713 0.033891506 32.23240849759158 
Car -1 -1 0 633.3114724831077 177.15645566417757 660.7409206550808 202.31257862453157 1.6844661 1.6264696 3.5895336 2.6021318 1.9979925 50.758507 1.537193 5.458856173438898 

