Car -1 -1 0 632.0416236538872 186.46098423072564 675.0996121594447 218.8145461819568 1.4727906 1.6177776 4.115905 2.1820579 2.2056568 36.744236 1.4885038 34.22833667560806 
Car -1 -1 0 893.5515023102084 193.1703950671993 1229.865364572923 311.17455215926753 1.5026876 1.5672292 3.8118782 6.2853055 1.8185472 10.352037 0.04348949 37.99706480091739 
Car -1 -1 0 729.0208140696278 192.25753704954317 884.1189386691182 244.17547213311354 1.40868 1.5890126 4.1077776 5.728753 2.005118 21.232124 -0.0753938 46.61482697271879 
Car -1 -1 0 830.3952931993989 194.00345713375094 1067.7282205802148 281.7677695493676 1.4696546 1.5607471 3.6643834 6.1620007 1.8857229 13.343641 -0.038881324 55.46778945780408 
Car -1 -1 0 89.96821730082056 189.60863905825644 365.60834426771635 285.04770204608195 1.515796 1.6433741 4.010954 -6.58136 1.8320084 12.699824 0.048450533 44.266483527566926 
Car -1 -1 0 0.0 194.89740900399428 319.2592517202922 313.5766897935447 1.4838421 1.6251999 4.0897355 -6.462439 1.8199867 10.167316 -0.011256242 69.35189746818838 
Car -1 -1 0 213.3848048346743 185.25558978474004 418.64934383613013 259.5679610284353 1.6291857 1.6980104 4.213304 -6.84494 1.9420953 17.182695 -0.083981425 63.20482644897562 
Car -1 -1 0 760.4967631535052 191.0578594154579 932.8613279010198 254.92617523931784 1.4912024 1.5927219 3.8491483 5.956895 1.978488 18.354097 -0.08680473 42.78752560149982 
Car -1 -1 0 805.8029817154408 191.39599922871312 1005.8276281671365 265.1536933284575 1.4831499 1.584485 3.7645087 6.4357834 1.9153783 15.896383 -0.070699275 19.184717810861002 
Car -1 -1 0 402.63702980069394 187.70236805920626 502.56218893017177 224.23632970006778 1.4966085 1.6021217 3.9445946 -6.695761 2.1519246 31.031364 0.0060121487 23.4122040873434 
Car -1 -1 0 728.7547944535077 180.61231271439306 863.2996559862027 237.18335154764634 1.7524633 1.6777714 3.9296637 6.026512 2.0163093 23.576862 -0.063206695 18.24472960773 
Car -1 -1 0 614.3403865255241 183.11301027106512 645.8068403361908 205.5941527555633 1.4967499 1.5466387 3.855233 1.4374776 2.2638025 51.91942 1.4045175 3.010650493180269 
Car -1 -1 0 424.0444124511689 187.77066777079636 517.0479168421264 221.55140607602053 1.4973446 1.6076136 4.0019627 -6.4175687 2.2086618 33.566257 0.018681562 9.931361180318936 
Car -1 -1 0 263.0790367109797 177.7460078158702 442.1286861291676 247.52218371360993 1.8044263 1.6723309 4.31131 -6.908858 1.9445165 19.726364 -0.04675542 12.774778376915833 

