Car -1 -1 0 639.4640095906785 187.09146165740898 705.6610370147456 239.10562250003858 1.3975313 1.5780547 3.7540333 1.8659 1.8759332 22.337696 1.530677 88.69278620607226 
Car -1 -1 0 792.3232401187423 201.21187418151263 1175.5884060662786 375.0 1.3862203 1.5839267 3.8740344 3.1936347 1.7439439 7.11841 1.5070853 133.5771270962394 
Car -1 -1 0 447.50175574191775 186.57432176556702 493.18528148935616 219.98883638957383 1.5732478 1.6921417 3.9607787 -7.193285 2.3263888 37.60959 1.5502651 39.95275021105659 
Car -1 -1 0 625.6668765109025 183.48428047973675 677.7363086967877 225.87904397975916 1.4734398 1.5997746 4.208415 1.5779128 1.9217756 28.290829 1.522621 27.670252374150277 
Car -1 -1 0 881.9101773331562 168.03595385112953 1017.5244269030879 223.8631355526267 1.554414 1.5999122 3.462065 10.220612 1.4202635 21.752918 0.626451 66.59282111903447 
Car -1 -1 0 1122.1786642627114 164.05175846166057 1242.0 215.2064973393858 1.4287479 1.6525391 4.005003 17.98623 1.1829019 22.157782 1.5741838 23.771164613451138 
Car -1 -1 0 802.8044512823406 177.16372629315558 912.5445046489605 220.5024244376193 1.5654213 1.5745544 3.796605 9.615358 1.7425683 28.022863 0.5270324 2.0492402300457604 
Car -1 -1 0 863.0046535278274 174.973832908574 981.9668379696305 221.679028986049 1.4630003 1.5230151 3.4819021 10.524686 1.5390999 24.323656 0.5682986 1.0394108902845702 
Car -1 -1 0 187.2476769429332 191.99218630567225 227.6618033222491 211.5456039078319 1.4847198 1.631271 3.515623 -33.477222 3.128702 60.16297 1.4904815 0.7934577074369048 

