Car -1 -1 0 772.628623354623 196.35134867844488 1146.1659993018663 375.0 1.4064704 1.6025407 4.238699 2.9877539 1.7133515 7.2791567 1.538248 99.63345209703411 
Car -1 -1 0 652.7657647613953 176.40111537684726 716.5406885662707 229.74620521577086 1.7857091 1.7278813 4.3699017 2.6805735 1.9277196 26.66776 1.5286956 70.79211679825256 
Car -1 -1 0 310.9876919121427 182.7378248832583 459.940093141774 238.37704709480337 1.5581567 1.5832855 3.9076052 -6.555462 1.862225 21.352165 0.02767319 44.967541646135466 
Car -1 -1 0 643.4469129733845 182.70213517138964 681.2957116952967 213.5869628635725 1.4794333 1.5704755 3.5995793 2.7027197 2.017037 37.558907 1.5312781 9.04545616270369 
Car -1 -1 0 633.0019364448132 181.25347340103534 661.2930520690936 205.20061247866883 1.5434082 1.5785543 3.5881817 2.5507154 2.1423965 49.621998 1.5186987 5.3509147487424 
Car -1 -1 0 413.04207842711355 176.10707652379793 510.64650630810615 216.06129727735959 1.7808377 1.64911 4.1796126 -6.735501 1.934505 33.19443 -0.031166604 15.734125656460694 
Car -1 -1 0 379.73184555684276 185.70912887451064 494.9064104408787 228.06207577257814 1.4389547 1.5569875 3.7602744 -6.218854 1.9247965 26.212753 0.1534783 7.941176042354492 
Car -1 -1 0 344.2755942242023 184.0995792991314 486.13932748148557 232.24954069290757 1.4879878 1.602873 4.201542 -6.310891 1.871513 23.67144 0.06503853 6.028049650254187 
Car -1 -1 0 413.5295367290401 179.96068062484568 505.69788336638 219.49182088174715 1.6216407 1.5813456 3.5576453 -6.3762975 1.9350326 30.8778 0.08611819 5.409397058558069 
Car -1 -1 0 428.2413800134257 175.9308267820086 517.5406765963862 213.34550293963147 1.7851063 1.6570857 4.108201 -6.663029 1.9401882 35.4705 -0.03373042 1.3289258160433903 

