Car -1 -1 0 125.05554710497198 186.67773840374423 339.75595394573565 308.09315368860376 1.480974 1.5203514 3.40096 -5.445922 1.722799 10.906898 1.5508606 123.49224949700418 
Car -1 -1 0 743.9408921049135 180.5623237017505 907.4699022557835 286.6507498965326 1.4433279 1.5608503 3.5566664 3.3566616 1.589323 11.871559 1.5498023 84.62520511877594 
Car -1 -1 0 276.3838464391887 181.35372551553726 417.8721583936863 264.5465041592388 1.5163032 1.6143135 3.8514109 -5.44048 1.7213528 15.476039 1.576825 89.93153797890743 
Car -1 -1 0 809.7976122816561 183.9452596885442 1242.0 375.0 1.4825692 1.6153452 3.9379497 3.224598 1.6114283 6.368638 1.510246 110.42119000757863 
Car -1 -1 0 477.3711228423413 178.03438815207684 529.3739926012236 202.01343651742104 1.4187596 1.568036 3.6248965 -6.713315 1.7583038 45.400547 0.8721295 26.139229523610194 
Car -1 -1 0 278.17719625901736 178.62541691878153 323.0671077691749 213.77446315431692 1.4668903 1.5259216 3.7638135 -13.981719 1.7454633 32.802094 1.2612374 1.5749158839225126 
Car -1 -1 0 683.457863290961 172.12199692959544 733.9087732758526 189.10702722005854 1.4207025 1.6063452 3.9549391 8.436215 1.3594742 61.514248 -0.18971267 2.8315342070453204 
Car -1 -1 0 581.4439460167075 175.0406605961594 636.5212557109511 194.46033309788695 1.5140913 1.6226649 4.2329626 -0.03133285 1.6966547 58.450172 -0.54486895 1.3713608224373544 
Car -1 -1 0 634.2750325930073 170.01852077609604 674.8644390997811 186.78316068677805 1.5592177 1.5906167 3.7757723 4.249427 1.2954998 68.03942 0.073525995 0.27644532918930054 

