Car -1 -1 0 672.8905148430134 181.99075788837902 794.3056017686228 265.23860622347723 1.4821308 1.6525114 4.3983707 2.496738 1.7077425 15.577243 1.5182934 99.65100904083657 
Car -1 -1 0 111.41289034357187 197.15737755546897 387.13372429514635 288.2518394507887 1.4212525 1.5854219 4.0391674 -6.1497974 1.8745775 12.589837 0.037984684 84.03654548002714 
Car -1 -1 0 247.68628105121087 188.73593709561288 419.049288480076 253.64731199212162 1.4845171 1.567427 3.6423664 -6.7626376 1.8979896 17.86746 0.07453655 60.68513482770413 
Car -1 -1 0 648.043809745649 179.3463353158666 693.388945771572 218.26663951938696 1.5214853 1.5941395 3.6538734 2.5406053 1.8137529 30.649746 1.5644342 22.223434351484265 
Car -1 -1 0 0.0 198.4846586232363 311.0221590047796 313.8309334773226 1.4176545 1.5863577 4.020975 -6.500487 1.8043853 10.061034 0.01635982 90.94805882060099 
Car -1 -1 0 404.40707427166467 182.25649033158413 501.58333042320027 215.02796783428613 1.4708815 1.6409156 4.2613115 -7.2881565 1.9248345 33.883575 -0.06269562 9.267932553039255 
Car -1 -1 0 373.77918864834146 183.5789103445668 498.0332321320011 226.0496279491029 1.4999046 1.644189 4.2543902 -6.5132017 1.9218624 27.22792 0.16486382 13.41761604828774 
Car -1 -1 0 641.5676303749648 179.0112929134335 681.042291390715 211.72373518955828 1.5069175 1.5643458 3.5377223 2.5137663 1.8270352 35.71399 1.530709 8.139107041163427 
Car -1 -1 0 536.6532843659747 181.3542449300802 561.6186417099494 201.35547938075075 1.4891129 1.6314175 3.8251355 -4.842591 2.1899986 57.467915 1.3937364 1.8220186801943064 
Car -1 -1 0 456.09482987986064 182.09959880950325 531.5521300859277 209.51067863626656 1.5224483 1.6489569 4.1518984 -6.631036 2.0681086 41.64598 -0.05533176 2.4471666913661645 
Car -1 -1 0 518.0442308591074 181.83887035936667 543.8762811616206 205.69691591249364 1.4641913 1.5473236 3.575127 -5.141483 2.078548 47.500412 1.5027264 1.6564932691783105 
Car -1 -1 0 149.12826012905455 194.01604223954894 371.3995767314293 272.74181177726535 1.4702518 1.5356846 3.881719 -7.1100407 1.9336104 14.883003 0.07739371 0.7196464876913421 

