Car -1 -1 0 706.8788629428178 177.42508362420088 840.6441935918252 268.01501561019234 1.4284326 1.5700736 3.543437 2.8771684 1.5244086 13.354078 1.5392731 50.4177771690814 
Car -1 -1 0 677.6412371116523 172.84377315217787 768.5694064108725 237.3099169931623 1.5068328 1.6650083 3.9359026 2.8442636 1.5065937 18.85347 1.5456852 65.56076377065274 
Car -1 -1 0 654.006167472874 171.7713771108314 698.5076495167797 207.65778095936275 1.4401969 1.5803251 3.769661 2.793169 1.3967488 30.84732 1.5780265 46.06245817632639 
Car -1 -1 0 750.7202214324782 151.81989853098062 1083.8988646444868 375.0 1.7558439 1.7253904 4.283113 2.8424573 1.590826 7.815859 1.5546403 88.45743861511326 
Car -1 -1 0 0.0 180.54682144874218 302.2758726257082 296.5864637880391 1.473875 1.5951129 3.865555 -6.5627246 1.5898409 10.073958 -0.0027691636 43.730183249476475 
Car -1 -1 0 83.13148406629325 170.9639636909811 357.9227833549443 274.1993694289123 1.6219258 1.613781 3.7719839 -6.422446 1.5922315 12.226024 -0.04449635 49.46398751050431 
Car -1 -1 0 325.75004615988564 167.73491272406673 468.31346586057873 223.82748638073446 1.6087873 1.6545299 3.764158 -6.2610817 1.461967 21.530914 0.0049334103 29.821704356584945 
Car -1 -1 0 383.8761973238908 171.94770157993955 501.42283514422104 210.05275854013652 1.4870245 1.6508335 4.3385787 -6.720066 1.4516567 29.244434 0.123766825 15.576159935848771 
Car -1 -1 0 167.1945163962335 163.5346768736797 417.51225636197717 254.64912216737673 1.7388837 1.6738727 4.3321953 -6.2770677 1.561028 14.609283 -0.0009606574 33.72946307174065 
Car -1 -1 0 276.7819820240438 173.48176567066105 452.8212298725132 232.21208870795445 1.4701699 1.6164954 4.0965137 -6.384246 1.4875884 19.051575 0.07978844 5.899233251708249 
Car -1 -1 0 425.81659379691587 161.17152367308844 521.1849369903861 199.57530904055932 1.7728162 1.7114968 4.1907163 -6.387382 1.2335232 34.170673 0.0033013849 3.3295148886282124 

