Car -1 -1 0 805.1743326988988 164.8456417238132 1164.8816552468536 295.0622392512395 1.4573503 1.6163113 3.7213712 4.553256 1.3677227 9.05268 -0.0929775 126.69041153287478 
Car -1 -1 0 689.0734504039564 157.2247339224997 831.6308520919035 212.65715345487112 1.4465591 1.5594618 3.5188324 4.076505 1.0386992 19.786566 -0.103532426 104.04922892987058 
Car -1 -1 0 666.1846570327335 157.70793522202266 803.9447262142264 207.01452333467392 1.4470336 1.5780318 3.884036 3.8109465 1.0025318 22.203972 -0.1269361 24.09121584582308 
Car -1 -1 0 245.2314644547008 148.90705697767103 408.9245195454733 204.26070968387592 1.5148373 1.6327881 4.0667233 -7.993015 0.8594925 20.689938 -0.063588664 51.22098987575063 
Car -1 -1 0 16.330563586648616 153.57204483273202 306.41853504250025 244.44112454918596 1.4873011 1.6100918 4.075022 -7.7289515 1.1717033 12.745868 -0.06520031 58.37378257194068 
Car -1 -1 0 117.44452556603328 153.16540946977068 350.1915892852293 226.18186808697217 1.4860189 1.6062818 4.176009 -7.9542527 1.0853199 15.51489 0.01302745 41.27830173798197 
Car -1 -1 0 460.1006235354879 150.81269063224786 493.15161208406664 171.518203696485 1.6079346 1.6431696 3.729964 -10.776186 -0.11175597 58.330345 1.1029357 3.4629027024810797 
Car -1 -1 0 271.56310046793425 146.8911788174343 406.1871961139621 201.10439262437856 1.6711575 1.6213224 3.7884057 -8.63417 0.87083656 23.271297 -0.118788555 2.9465759807801293 
Car -1 -1 0 357.7103391335266 147.88472473049364 417.8638745341998 197.23919838725882 1.6710377 1.6425562 3.58213 -8.014174 0.8256309 26.332193 1.4041982 3.4194064779332924 

