Car -1 -1 0 566.0002892506652 182.25040267352514 612.1379773305179 214.23392717713566 1.5029 1.5413823 3.318053 -1.0881836 2.0054436 36.77921 1.2794623 44.468553773602444 
Car -1 -1 0 846.4879732572483 182.0187762808751 1066.0952362996547 261.4349338854102 1.4537835 1.5945629 3.7286367 6.84923 1.6539328 14.614896 0.19460575 126.61517060036155 
Car -1 -1 0 633.9692789804329 178.98990016138848 723.5162185367897 236.2891493484196 1.588387 1.652277 3.4670894 2.0467272 1.794018 22.293325 1.3114924 56.63709636448398 
Car -1 -1 0 606.5710592965796 178.4539712962578 662.0316527509772 202.15058348350894 1.5096788 1.5858735 3.6107452 1.6880144 1.9005437 48.58483 -0.7084852 5.27485073075386 
Car -1 -1 0 515.255857945338 179.770993678412 573.0125694890105 202.64795545783463 1.5455344 1.638746 3.9611819 -4.673628 2.061501 51.873524 -0.7492845 30.283373699147884 
Car -1 -1 0 649.5307207627443 174.11115375350704 704.7450579666644 195.85705425845336 1.4960611 1.6146319 3.996335 4.8748894 1.5895911 51.77105 -0.70553184 1.4674353978828314 
Car -1 -1 0 694.8144099344078 174.7844843555754 738.6497165657137 195.38795250705655 1.5178769 1.5460578 3.3780475 8.215943 1.6701412 55.194202 -0.74902654 2.4430311899939703 
Car -1 -1 0 796.3400582965317 172.02476239951733 837.1487667736058 189.2881044065062 1.5219561 1.6134324 3.8710797 18.809593 1.4488492 65.4491 -0.67319447 0.5493174107318508 
Car -1 -1 0 792.8732851737109 171.69137085519102 820.1702679407362 193.13921093958683 1.4807119 1.6158801 3.9302075 14.207068 1.4004463 51.9353 1.909549 0.25920799374580383 

