Car -1 -1 0 767.1334886877022 177.4353979163965 1024.7651848982866 346.2672544912465 1.5387498 1.6275257 4.01058 3.0972028 1.6069815 8.716173 1.6021912 113.90274027141031 
Car -1 -1 0 186.48995712877667 186.7409811168721 375.0216763497626 294.0319374714013 1.6165608 1.6506424 4.060511 -5.854965 1.9141498 13.429817 1.5732441 97.6080753455431 
Car -1 -1 0 1004.2506793440652 143.42663642167926 1242.0 253.05734645628672 1.495475 1.6958447 4.365942 8.510914 1.0940557 10.733819 -0.019952435 90.02465730805436 
Car -1 -1 0 442.44856454829863 182.79340825921983 502.6709456519298 222.31026917249702 1.4823048 1.5931869 3.9021401 -5.6265793 1.923682 30.053284 1.6200154 29.139162628410578 
Car -1 -1 0 400.22114178870675 185.01990672989845 479.1984735633379 234.322976459222 1.4686279 1.6137049 4.026635 -5.668048 1.9167911 24.539753 1.6053555 39.48092668780691 
Car -1 -1 0 468.8877773575626 182.7756159389364 514.73302640081 215.3359059615521 1.4368688 1.555608 3.611753 -5.617467 1.9400272 34.77109 1.5900586 12.598623633921841 
Car -1 -1 0 768.8243659129777 163.5847622166779 853.1860935430949 194.1138912528491 1.4931166 1.6354947 3.8650227 10.074775 1.0397772 36.29681 0.10070618 21.2475097793391 
Car -1 -1 0 1035.5923765668792 148.29121442041878 1133.5928903786128 182.51472169646257 1.6337267 1.6183531 3.7735505 23.211107 0.46117344 35.33111 -0.041673552 18.975563874172803 
Car -1 -1 0 967.4426766777245 155.9108464604319 1046.7989522744524 181.50959196709215 1.5165889 1.6118968 3.9562569 24.022835 0.51279736 43.667953 -0.05874577 5.499377081117335 
Car -1 -1 0 491.60986347103403 180.4814856119921 529.7170450745102 209.57772775052095 1.5104845 1.6125925 4.3716497 -5.5349345 1.9650682 40.805717 1.5571905 4.293556117047985 
Car -1 -1 0 982.2974709321566 154.7939428008912 1063.1913567059494 180.53013170007316 1.4418557 1.5725878 3.8086753 23.657269 0.4300508 41.372726 -0.08710307 4.142089291527885 
Car -1 -1 0 515.9334993631269 179.38495631154666 541.1138381790486 203.73826155496516 1.5172495 1.5855503 3.8993871 -5.4321146 1.9709162 48.08338 1.4378374 2.712984529873284 
Car -1 -1 0 0.0 202.9631000494613 284.9058978060804 353.9059244331525 1.4292045 1.562454 3.8711011 -5.914767 1.9100398 9.567391 1.5445315 0.7415344293074859 
Car -1 -1 0 708.1855281839515 173.5685336087808 744.9762008957318 197.18753189193214 1.4151206 1.64979 3.9420385 7.301018 1.4619632 45.326065 1.5647928 1.1523354993058361 
Car -1 -1 0 1004.1073290466064 152.4617462219609 1095.2595601220619 181.56622621935713 1.518028 1.6319023 3.8576393 23.412107 0.45441106 38.4681 0.009492044 3.1087398002007105 

