Car -1 -1 0 564.0978089810228 199.8765994575722 968.4730750619498 375.0 1.5353475 1.5988994 3.5210938 1.0400497 1.8450456 6.3379927 1.0966585 99.61248547406973 
Car -1 -1 0 447.2177876218657 206.26534056464712 656.9328401513565 353.8961210796361 1.5155933 1.6151564 4.1409464 -1.0606308 2.1097293 10.619491 1.0986195 108.87317317686829 
Car -1 -1 0 388.3593412976163 208.09089569290424 513.8915628396666 303.2626279947651 1.4717662 1.5266953 3.785317 -3.3394156 2.2882335 14.689589 1.0799624 89.85406125405423 
Car -1 -1 0 282.4327709480276 209.98386308135602 335.44601370360306 254.89161225718308 1.5080354 1.5972513 4.23794 -12.627178 3.1762974 30.17761 1.06755 21.330620945275808 
Car -1 -1 0 326.30002428904453 202.9657608321903 417.69718167486167 280.2015279576852 1.6647367 1.6385509 3.6366513 -6.360137 2.5442886 19.088642 1.0624865 86.81999778228811 
Car -1 -1 0 0.0 228.42915551952402 100.67049828896384 336.69283386878067 1.4739618 1.573387 3.4360628 -10.770326 2.6692188 13.6366205 1.0489798 57.228841230879 
Car -1 -1 0 75.87297016854023 209.70993513692238 148.66254791294003 277.1681895640838 1.7745429 1.6707717 4.0073147 -16.074635 3.0837643 23.480623 1.0382322 64.52214585456245 
Car -1 -1 0 140.7205816870488 215.65995424486863 174.36828657341437 247.46919621717637 1.5302235 1.590151 4.0091004 -26.656576 4.1771464 42.505035 0.98869485 4.023733350338974 
Car -1 -1 0 1196.7685417436496 154.95224818246783 1242.0 183.34522486141321 1.5848149 1.6359932 3.8479733 36.03505 0.58559 41.899147 -0.4882862 0.5243893252406657 

