Car -1 -1 0 674.2005820372839 183.9816353137257 743.2546694738221 237.60436736534834 1.4089782 1.5529963 3.4230058 2.858058 1.7653209 21.388802 1.5634449 69.58567911482521 
Car -1 -1 0 757.8542387021708 178.48834563185176 1051.8088658474799 375.0 1.6145666 1.5851665 3.4320436 2.7826371 1.6878532 7.6355047 1.5262213 138.5928754966884 
Car -1 -1 0 723.7350348555328 176.25803320260917 838.8487723802913 223.6551399844257 1.6726798 1.6994843 3.8828144 6.24477 1.8024912 26.558342 0.056085497 51.19687151914589 
Car -1 -1 0 249.66753662069826 186.84120116495725 439.24454358365955 253.55458032672047 1.4450041 1.5648823 3.834057 -6.070402 1.786315 16.789013 0.018466543 76.59837182992767 
Car -1 -1 0 0.0 186.82943230624895 304.27094388276646 321.33992254056795 1.4816699 1.6129212 4.0111914 -6.156472 1.6732706 9.01154 0.037261784 77.84442333844027 
Car -1 -1 0 304.6934366221478 181.6028670092443 473.04545457789135 242.90459202183538 1.5192239 1.5628761 3.940438 -5.7233315 1.759756 18.981552 0.0379602 67.46670835973038 
Car -1 -1 0 350.7103073626067 182.0059529705041 494.3898672285753 229.88813657116827 1.4888592 1.6239443 4.3133497 -6.141981 1.8056133 23.907803 0.120347545 18.088634165946132 
Car -1 -1 0 118.93833673929142 185.1323138931181 361.71797652752394 266.14187782193454 1.4616834 1.5833879 3.9287186 -7.079591 1.7160358 14.109904 -0.023264881 13.273019980057601 
Car -1 -1 0 328.6888075761118 180.2877112324135 471.195214062077 236.30079792359197 1.572561 1.5659308 3.7520437 -6.159543 1.8027196 21.420496 0.07392102 11.285319975411667 
Car -1 -1 0 632.6504629210684 179.48867160652276 657.4797787222 200.8637667989503 1.541899 1.6915255 3.939713 2.6847708 2.0680463 55.246628 1.5667119 5.677947573453769 
Car -1 -1 0 363.31849981636765 179.56054733207867 478.5399819941988 224.4538671134672 1.5815095 1.6257474 3.8069506 -6.85826 1.8353075 26.48455 -0.004192712 7.261091552238091 
Car -1 -1 0 412.61833433408185 179.87908608567164 509.11202724446395 216.4692781188118 1.5231905 1.6086316 3.8220448 -6.3855753 1.8356217 31.228277 0.029936537 4.933591248428458 
Car -1 -1 0 391.01239826304425 181.94454891136138 502.65539778030944 221.27992811572076 1.4987493 1.60921 4.0690804 -6.4201193 1.871361 28.729006 0.02045837 2.711607286545719 
Car -1 -1 0 428.3525142021797 171.75173228122313 511.2494484948668 206.25904765309403 1.786979 1.6232374 4.0792494 -7.349978 1.7298973 38.191036 -0.0069806534 1.6076875687424201 
Car -1 -1 0 678.1792688220133 177.82932630993596 713.1506919119789 208.4197255416325 1.6116521 1.6686174 3.9924722 4.8085427 1.9063511 40.706608 1.6156125 0.5840141303995047 
Car -1 -1 0 0.0 164.68156206400403 308.61831184132933 285.8293791034937 1.7334222 1.6458045 3.8320286 -6.937274 1.6164882 11.222681 -0.039905258 0.640246195195345 

