Car -1 -1 0 729.5097440280614 189.59580505499255 938.339994243008 331.01998842078143 1.4478992 1.6106414 3.643466 2.740947 1.7145207 9.65616 1.5544088 100.97572840280101 
Car -1 -1 0 666.8718852142966 177.5039908440933 741.6049794199471 243.38872291436365 1.6726682 1.6577404 4.05078 2.6031523 1.818819 20.641941 1.5841272 81.63906070166912 
Car -1 -1 0 276.4814102625494 188.5661522964796 446.07900182685415 251.01589083923443 1.4597065 1.5524812 3.7166529 -6.123189 1.8705866 18.068272 -0.0129715195 35.58109776439541 
Car -1 -1 0 641.426412107154 178.707589412257 680.8854765392583 213.9667991398509 1.6321647 1.6248933 3.6049843 2.5130024 1.9375618 35.824562 1.5487442 24.365989009886363 
Car -1 -1 0 654.241407426691 182.50015569657694 712.2506417094672 228.61641949233453 1.5193346 1.6126784 3.98658 2.6409347 1.9023808 26.633968 1.5387348 15.677175967949875 
Car -1 -1 0 307.80491182685074 181.6122119406148 465.3942213492227 240.15682475237065 1.5861089 1.6762334 4.0299344 -6.3073463 1.8488712 20.734385 -0.037499845 36.74121104103146 
Car -1 -1 0 112.88579452192167 168.06603881617824 382.6673901871787 274.8141966630607 1.8043237 1.699961 4.0320435 -6.390749 1.7233945 13.058041 0.0060500503 89.46783250120382 
Car -1 -1 0 199.22375334339068 185.22074131193733 411.7726509857384 260.1612147204457 1.5004535 1.5713747 3.923152 -6.43606 1.7817097 15.567291 -0.029194355 2.157208389320879 
Car -1 -1 0 381.3077370715847 181.66060363526057 488.61344702752905 220.44885671459738 1.5392728 1.6089971 4.112297 -7.18503 1.9164133 29.976248 -0.058546696 3.23128744544472 
Car -1 -1 0 474.3289791618832 180.7958853650798 540.5128100454535 205.00618592611983 1.5197468 1.6243484 4.00059 -6.609298 2.0466554 46.90025 0.08059664 0.3351579010486603 
Car -1 -1 0 472.416584877862 181.61283430557899 542.6796396980207 206.81762110454946 1.5148721 1.6439649 4.110566 -6.301819 2.0697463 44.84009 0.023234768 0.25660499930381775 

