Car -1 -1 0 218.72757059204983 188.01684380171866 381.5961503970762 285.2118113892053 1.5582943 1.5816054 3.715578 -5.797424 1.8918145 14.009846 1.5666918 139.1189765026017 
Car -1 -1 0 771.2704555798625 179.5089256814709 1072.6106325213866 361.89634753912526 1.4854516 1.5767981 3.7548926 3.0424464 1.576051 7.9192095 1.5360099 98.9631929771263 
Car -1 -1 0 717.1676684995105 177.53465846597484 862.1880401787038 272.90431828779606 1.4843321 1.5584772 3.4406042 3.1240394 1.5813558 13.180428 1.4923351 88.05095668396501 
Car -1 -1 0 338.46690554554255 186.9943995027321 433.8244575850938 250.48504432115197 1.4535964 1.5234848 3.5503843 -5.800814 1.8634965 19.118013 1.5399506 73.58530388751743 
Car -1 -1 0 699.6094854482211 177.92887482816738 790.7711893836237 238.6198004382034 1.4000049 1.6426669 3.8558316 3.4312577 1.54653 18.900105 1.5650222 26.59624184132422 
Car -1 -1 0 376.18775607078004 176.86948552444062 453.3239646603141 204.54646347245958 1.6181946 1.6309917 4.177759 -11.685427 1.8651118 43.41552 0.066639155 11.360050945286112 
Car -1 -1 0 329.6101661834099 183.40415137084292 375.08501588612614 205.88150404366746 1.5301012 1.654388 4.1458273 -18.97843 2.3377557 53.154224 0.822903 8.487758042908101 
Car -1 -1 0 730.0871989909868 170.2953604160124 766.1491299177477 193.75627341978404 1.4875419 1.6205556 4.1711097 9.256135 1.3253108 47.986603 1.9442408 0.6366179183435249 
Car -1 -1 0 757.3551094541581 149.04645432378052 881.6238543632227 210.49731475833943 1.844592 1.6311686 3.8790612 6.81266 1.1299524 23.336521 -0.5250066 0.2789357900619507 

