Car -1 -1 0 576.6496767052805 168.99759182354217 627.6848444689347 193.3486024592432 1.4936258 1.6641047 4.152068 -0.52929187 1.2570838 46.4877 1.1160052 23.044394868795383 
Car -1 -1 0 544.2886075594473 168.057453112902 592.415436199658 196.42767687150757 1.6631818 1.7153084 4.263467 -2.6025336 1.3819878 44.597336 1.1936214 20.3262396759263 
Car -1 -1 0 831.5146958635594 164.49432218029523 882.2494843643448 186.36326689043435 1.5417514 1.5193603 3.3408525 18.024763 0.95239735 52.69639 1.0580167 29.940264773980786 
Car -1 -1 0 623.4137054878526 169.13911225784287 680.9773897015791 193.04262892770504 1.4748509 1.7192335 4.43165 2.7073762 1.2456415 46.8828 1.0964115 16.662736753367724 
Car -1 -1 0 946.3460317300925 168.22266827027403 1010.0112862382905 188.23474768523556 1.5208336 1.6826595 4.115239 28.494678 1.1688716 55.834133 -0.0786079 3.215939391146819 
Car -1 -1 0 1001.0623977539037 167.29510518755706 1059.62614863093 186.37829670630285 1.5043263 1.689322 4.251716 34.413258 1.0661188 59.14065 1.3424008 3.1330163859346185 
Car -1 -1 0 762.7534273471421 166.35919672548278 817.8518972636415 191.57132039146236 1.6402677 1.5739923 3.7222915 12.214077 1.2177241 48.958305 1.1025782 3.7013770065420557 
Car -1 -1 0 788.2037678086939 168.4820720325252 839.4253455628776 190.29922470623492 1.4916493 1.5745838 3.5036218 14.464613 1.1927382 51.251823 1.1224073 1.9903682272462018 
Car -1 -1 0 876.6738095956665 168.81067839797507 931.2131263040282 189.15611291964174 1.4891837 1.6027899 3.8355746 22.169813 1.1932325 54.332882 -0.42436346 0.2932189404964447 

