Car -1 -1 0 47.85957569876291 199.67983503734106 316.9027676432684 327.60198283778465 1.4133291 1.6148422 4.054667 -6.0546227 1.8928821 10.862234 1.5821402 143.88475884547955 
Car -1 -1 0 754.6620419188248 178.4638766535297 1028.4850899836208 347.5598446903277 1.5479712 1.674396 3.86027 3.038393 1.6308122 8.695108 1.5337353 116.07986256048886 
Car -1 -1 0 318.2088407147575 176.71278743711923 435.21644616898936 250.74644987857062 1.7131485 1.7395747 4.305624 -5.982877 1.8267568 19.082434 1.561604 81.59604574361985 
Car -1 -1 0 543.2197860233433 178.27575224054084 571.5176813574265 202.0445553293492 1.457505 1.6488626 4.0288296 -3.3745654 1.8274806 47.204575 1.5481651 10.796254301791095 
Car -1 -1 0 391.87626436393697 178.3816046451025 470.22792897972596 228.9819297448352 1.6192317 1.7056127 4.292544 -6.2446747 1.832685 25.711214 1.5771135 20.57818604003568 
Car -1 -1 0 509.6425552526072 179.62453563124188 541.1036843640658 201.68437232806264 1.4724134 1.6707757 3.8843935 -5.947818 1.9725752 51.335022 1.6020806 12.451800167487773 
Car -1 -1 0 934.7330761637552 156.00577992836176 1067.6917084471404 200.12273775578615 1.5239134 1.6291721 4.153622 14.232925 0.9419323 26.486385 0.40224722 11.613545857079883 
Car -1 -1 0 638.2299069411523 174.34165037691284 659.2186708733 193.12323712327589 1.4463004 1.6109204 3.8020244 3.109185 1.5694429 57.797523 1.6071012 4.486982835835311 
Car -1 -1 0 459.9815560353231 181.36929332216218 509.0905066037068 212.88021494870085 1.4620135 1.6180973 4.047619 -6.2829924 1.9188507 36.650112 1.6179568 0.9487211126460183 

