Car -1 -1 0 682.2951846548946 184.2463104925417 779.4927501460079 253.02529764417693 1.3498015 1.5712357 3.9807286 2.6942568 1.6468312 16.816963 1.564122 82.82102082950536 
Car -1 -1 0 553.1824392353151 177.09351826364988 587.4843135807625 204.42636453683457 1.4601781 1.5985229 3.7213411 -2.186918 1.7123479 41.02536 1.6123743 14.85785661423633 
Car -1 -1 0 640.7768307610784 171.2424608115213 675.5981826689319 199.1518178786074 1.6450013 1.5744653 3.535723 2.9493842 1.5500156 44.36472 1.4723588 28.21872157015411 
Car -1 -1 0 664.5017083853096 178.36934215949262 723.0239321027451 221.12652434868977 1.3860828 1.5772738 4.044955 2.9466677 1.5999761 25.94873 1.5564126 44.23581784128086 
Car -1 -1 0 0.0 174.66069004644723 358.14780092700306 294.89079335644993 1.6171492 1.6574037 4.3507843 -6.172692 1.6460673 10.640662 0.036882617 141.41932576274834 
Car -1 -1 0 261.2864153451277 168.58428761545503 453.4757858489483 235.9673087433451 1.5957861 1.6345761 4.2075047 -6.1708193 1.4946693 17.950153 0.02156794 67.4254428087064 
Car -1 -1 0 385.8753456717592 180.94757009387706 504.0877329121618 223.18329032447258 1.4326985 1.5574294 3.8584664 -5.9061394 1.7374264 26.037344 0.18997474 8.867657804981292 
Car -1 -1 0 490.5993025086542 175.49968451906508 550.3660230560891 198.79514312538515 1.5100439 1.6390448 3.8389277 -5.8761616 1.6891141 47.90914 -0.0569318 8.497123230559922 
Car -1 -1 0 298.87530752070984 173.58250119469352 445.35497266652345 233.62112489309473 1.6316745 1.5699418 3.6804492 -6.664147 1.6533046 20.527224 -0.06127469 7.218713799359098 
Car -1 -1 0 354.12047413144455 180.90668156759295 498.3392619899121 228.79507475931308 1.4601848 1.6084616 4.220972 -5.858694 1.7311704 23.304924 0.08278079 6.904166571605183 
Car -1 -1 0 419.6679583114322 173.1901668970795 517.9132801180103 209.55069456404837 1.5752159 1.6918017 4.1314907 -6.2266803 1.5907028 32.258774 -0.066875935 6.355114331884553 

