Car -1 -1 0 697.4786962069793 173.39131649554764 829.6786109240276 272.11402866351614 1.6128976 1.569181 3.5099103 2.7473931 1.6243657 13.60391 1.5147871 126.21577812170239 
Car -1 -1 0 659.4580950982889 178.9599128459102 707.9301196987878 219.40013488672233 1.4059771 1.562166 3.4100769 2.7500298 1.6518216 27.328678 1.5942183 51.769729374198164 
Car -1 -1 0 112.22740864966819 181.62048708487455 392.0252646959522 280.8835231921952 1.5403414 1.6081117 3.9954588 -5.950325 1.7007208 12.279751 0.059024356 62.028470789527475 
Car -1 -1 0 187.97057139553655 179.81022183967931 417.4271396051804 258.77259425345557 1.5087774 1.6247878 4.0931363 -6.2592 1.6624815 14.952223 0.08887174 37.8854233695503 
Car -1 -1 0 333.6992765021281 181.08827380389016 480.0250089652364 229.20169498242376 1.4388189 1.599945 4.1454153 -6.2907524 1.7069268 22.67532 0.008690061 39.13776550187467 
Car -1 -1 0 379.0224434124098 178.06159852343535 500.5192474914287 222.7271559125097 1.4788841 1.5647919 3.8204556 -5.784155 1.6640176 24.862625 -0.0032087588 33.04922423289228 
Car -1 -1 0 702.7820797190733 173.8233081159525 802.6692536292402 210.8295482859497 1.6133977 1.6684942 4.1915784 6.3691745 1.6581739 32.41812 0.037732124 10.931379582441648 
Car -1 -1 0 377.19697822638113 173.69793817141058 488.7825433186023 217.8978215459314 1.6127983 1.5817208 3.803506 -6.670334 1.6461003 27.420158 0.1419643 3.20579440938733 
Car -1 -1 0 452.89385310083765 167.16044987590735 527.5947825373391 197.50527775908486 1.8187585 1.6215882 4.290299 -7.245322 1.4775076 44.065937 0.0041051707 3.525628472164605 
Car -1 -1 0 666.9215529606739 170.29803717378567 731.6729572466506 197.00680078517843 1.7382705 1.6671383 3.9830484 5.9532404 1.5719221 48.064026 -0.14070073 1.4509521357628117 
Car -1 -1 0 626.1539297733539 174.7247060534076 649.4915004676866 193.0356982947079 1.4887229 1.6412348 3.916009 2.360972 1.6522148 61.06481 1.5234025 0.6016426692784939 
Car -1 -1 0 257.8106050409042 178.67714972738693 427.0295238878177 234.03611488489628 1.4584138 1.6121542 4.0933905 -7.3077707 1.626384 19.996674 -0.004986397 0.5451069738203825 
Car -1 -1 0 411.6983963339639 176.2165535321715 499.85606537229626 211.10465124251 1.5159166 1.5928177 3.5999265 -6.8433294 1.6704054 32.329918 0.013353482 0.5688636346013394 
Car -1 -1 0 225.45127182822603 164.52950022722823 415.59872978599236 243.44307364845653 1.7916719 1.6768417 3.871974 -6.7921143 1.6026704 17.236866 -0.008532066 1.0245750029147263 

