Car -1 -1 0 298.5967085541929 186.4105205719745 445.0556341716505 275.21082823697714 1.4905858 1.6318394 3.9600625 -4.6474123 1.8044105 14.711428 1.5853643 105.82482533192203 
Car -1 -1 0 46.34867553983179 193.68465557064118 353.7686445897686 357.99587489136354 1.4963646 1.6493285 3.9282176 -4.7117586 1.814315 9.042013 1.5620613 124.18679990927147 
Car -1 -1 0 729.7871730963525 179.38764603398778 864.2929132076504 263.31289580464966 1.4474717 1.6203859 4.3641205 3.6883793 1.6029007 14.975042 1.5613201 93.62025016763404 
Car -1 -1 0 388.0896513343015 184.27653226194002 489.21126983139834 244.9268405714799 1.4336671 1.674341 4.373203 -4.608524 1.7867647 20.096085 1.5977541 82.31159704752386 
Car -1 -1 0 504.59936307121376 177.29337945292568 548.2057539304533 209.96765598164004 1.5312499 1.5557691 3.3683717 -4.1027584 1.7635849 36.02405 1.6456854 42.61203199179302 
Car -1 -1 0 798.1482197760807 181.42097749063998 1023.7904431013814 320.1773201322045 1.4670846 1.6002861 3.6654942 3.7678208 1.60447 9.714581 1.6015064 111.51615029123168 
Car -1 -1 0 699.8147567218576 176.87153775586535 757.5618321213659 223.19553116523042 1.501707 1.5905285 3.8282661 4.1614585 1.6555307 25.677393 1.6171321 25.670644897910275 
Car -1 -1 0 709.7105202087065 177.69122221532004 790.3561663544293 237.51769939248032 1.4758935 1.6409595 3.765488 3.791239 1.6229534 20.022717 1.609786 27.6584741887905 
Car -1 -1 0 685.240820843585 176.16949120961658 737.5827020474104 214.21745963743297 1.5217896 1.5765647 3.7759569 4.324702 1.6735746 31.113005 1.5287718 14.79581301249677 
Car -1 -1 0 522.7702615342293 177.21638913188087 562.2546519118421 205.31880226561518 1.4838614 1.5756401 3.7038875 -3.724605 1.740933 40.60611 1.657917 0.5800543683443806 
Car -1 -1 0 577.872027136236 173.6883253896382 620.3111013258105 189.45972984276509 1.6127625 1.6447597 4.2957597 -1.0648729 1.7003692 74.82353 0.055638544 2.48773760361098 
Car -1 -1 0 1058.801431282849 174.2567845440597 1193.9100642727574 219.8165266076702 1.479085 1.6037799 3.9207432 18.176874 1.5328939 25.614428 1.41126 0.8738632704141115 

