Car -1 -1 0 174.08346436997684 198.0127267283377 413.8725066885431 345.6516332329498 1.4670032 1.5970982 3.4112053 -3.8661976 1.8576643 9.480421 1.593795 120.550158632694 
Car -1 -1 0 660.4025194511877 182.5532567286592 717.1047282404462 229.29387636332928 1.4413631 1.5968308 3.842428 2.666407 1.8032144 24.985565 1.5857525 75.10271562955063 
Car -1 -1 0 836.0754479853658 167.51674247194305 1051.0456099249411 234.275073887876 1.5769284 1.7249136 4.564525 8.194982 1.4508545 17.962696 -0.024864282 81.24575612449175 
Car -1 -1 0 759.738403259064 168.95603059314348 888.1029797415924 211.21326300673232 1.5399506 1.6604474 4.3412375 8.033369 1.3978995 27.250336 -0.058562152 50.70928099691467 
Car -1 -1 0 397.757036512627 191.0247127414837 459.0020488289621 236.20018139811833 1.4154739 1.5013053 3.6163914 -6.4372134 2.1155767 25.948757 1.508358 32.37962274211154 
Car -1 -1 0 1033.0663040309814 153.31033504246085 1137.7614106817953 189.38842818981675 1.6424544 1.65292 3.8408582 22.198616 0.7527293 33.742996 -0.035980213 21.736899531363466 
Car -1 -1 0 304.02823212278264 196.5520603604742 411.5128863281441 264.7007158231611 1.4350824 1.5887904 3.663804 -6.266037 2.099109 18.354034 1.5287642 14.660000585580503 
Car -1 -1 0 803.7935750750354 162.4975552774241 961.1655110933906 222.87002359753768 1.6870537 1.6564262 3.9718704 7.8988533 1.3976521 21.091805 -0.05136816 35.67796868897908 
Car -1 -1 0 696.6468330373073 172.11713325809507 757.3891080541351 193.8905840559796 1.5688968 1.6965973 4.3146367 8.591814 1.5158012 53.053528 0.10161924 5.89254738579245 
Car -1 -1 0 996.4400840770244 157.58576498142898 1085.193850788128 188.05745205732933 1.5213294 1.6001577 3.5829878 21.97467 0.7590473 36.84587 -0.012483384 4.881736398520753 
Car -1 -1 0 473.80017305693127 185.1707422676357 519.2789273017348 214.5725882775181 1.5054165 1.5429752 3.8823862 -6.309826 2.2338135 40.652733 1.6880842 3.4727611415487742 
Car -1 -1 0 1082.12191088337 152.12592583881158 1205.6856912016906 188.92176833891193 1.5010345 1.6447464 4.1262007 22.474846 0.6554618 30.42344 -0.08236843 6.955439645615084 
Car -1 -1 0 946.82490298754 158.80513818665153 1002.252408073138 186.70429018903607 1.4874032 1.6749667 3.973654 20.439056 0.7384081 40.56585 1.7372062 0.8419195832679471 

