Car -1 -1 0 641.3860798044186 177.0734146861845 680.9899289357634 208.84622190727438 1.4732623 1.5555526 3.6697628 2.5135121 1.693632 35.818253 1.5287817 24.355502734720286 
Car -1 -1 0 696.3050243331855 167.59962666239988 858.2621062190764 289.1091038367708 1.7912822 1.744782 4.4519897 2.7485554 1.7138226 12.886528 1.542629 108.6157526084557 
Car -1 -1 0 660.8362447276329 178.52341962858634 726.6289762991605 228.94798738593357 1.5030069 1.6373941 3.9144514 2.702999 1.706541 23.927359 1.5470698 38.45979929248081 
Car -1 -1 0 0.0 188.82460173687144 339.02579190786764 307.91107237976263 1.4730551 1.6271286 4.2540083 -6.1790075 1.7128989 9.993517 0.013599328 63.658786350865356 
Car -1 -1 0 244.414057662455 177.30587834188483 422.1077144943832 249.84463077387696 1.6222808 1.5911969 3.6293795 -6.453544 1.7335546 17.14058 -0.05498165 40.067597289573534 
Car -1 -1 0 97.47220991990183 187.67615469076068 370.2563337772812 280.4798732968121 1.4308217 1.5693675 3.885614 -6.2968693 1.7028832 12.3301115 0.06740757 48.36634423841335 
Car -1 -1 0 375.49470494211187 173.26851249800652 490.0922203396601 219.3468273886288 1.6306125 1.6571493 3.760767 -6.4520817 1.6464367 26.548443 0.091453254 21.234136379926206 
Car -1 -1 0 677.6580059862417 182.85175527847153 763.6707046442701 247.1626581155721 1.439542 1.537748 3.3206487 2.7322598 1.7175832 18.371988 1.5243392 23.75835007665799 
Car -1 -1 0 412.21643288352897 177.1368057179154 512.2836375927162 210.41402636983992 1.5228233 1.6792394 4.407218 -6.9067354 1.7306547 34.13018 -0.020153604 9.806704726360632 
Car -1 -1 0 440.41417412668113 170.8698540434928 523.4062706414497 203.92800231101918 1.7469347 1.6843873 4.1826954 -6.847382 1.6420836 38.97687 0.0026424164 6.666890094321034 
Car -1 -1 0 633.3844158067982 175.45598651485497 661.4274969867496 201.8198369783621 1.6233416 1.6299815 3.7170768 2.411112 1.7983053 46.65684 1.5739882 6.431389756548878 
Car -1 -1 0 172.41431439334633 182.94205995999877 394.3672877263817 258.45577831472104 1.4656798 1.5874686 3.901498 -6.6659417 1.6867567 15.01499 0.0018337737 9.924666579148388 
Car -1 -1 0 279.60627401968156 174.19807130543848 461.66034445121227 238.29536032435462 1.6561214 1.678848 4.369054 -6.358352 1.6940527 19.520435 0.001313993 16.270740852417237 
Car -1 -1 0 537.0522331223901 174.85975272203763 562.3505338522189 196.69718613077526 1.6550828 1.5918349 3.2647038 -4.7347684 1.8177906 56.770645 1.3639419 8.446768752911339 
Car -1 -1 0 343.2801392726895 179.93323905571944 476.1204753812052 227.23681577477197 1.4834884 1.587311 3.9251227 -6.544629 1.7265934 23.843014 0.07316725 1.6490489350434914 

