Car -1 -1 0 634.8407047176337 177.6269399629491 673.6291541892382 206.9228858245598 1.4974873 1.6413997 3.9663553 2.3985631 1.7727089 39.574913 1.5075526 31.50254640463001 
Car -1 -1 0 716.7552825890621 182.86535262205263 854.655867759986 227.67104626026125 1.4073297 1.5956256 4.1984053 5.855113 1.7576175 24.190422 -0.12611318 35.67403612349093 
Car -1 -1 0 793.3808841571613 183.32947690709406 983.1819681651227 253.88506867257666 1.4769877 1.5657048 3.6649554 6.1826754 1.7254678 16.23968 -0.05104091 39.8264390581798 
Car -1 -1 0 743.8118638986404 183.06158344528913 888.2805628943429 236.20513520017877 1.4673665 1.5728798 3.7899776 6.0447598 1.7831774 21.316528 -0.11965966 49.823077629964686 
Car -1 -1 0 195.9287187989168 179.20690339659765 407.22638138050183 253.9110646772034 1.503916 1.6111628 3.8859305 -6.550665 1.6491482 15.587486 0.053023934 27.659045853253936 
Car -1 -1 0 0.0 176.08166387053467 292.11839163975156 335.34528273773253 1.6007912 1.647336 4.1903276 -6.055315 1.6414573 8.189839 0.037188556 90.24192834327624 
Car -1 -1 0 104.97272681916607 183.1416992994646 379.6888342058756 272.54235889172253 1.4800752 1.6237353 4.1252956 -6.469224 1.6788225 13.045272 -0.04017913 57.20600108409212 
Car -1 -1 0 281.58517250304175 173.77910825823858 446.5842103649577 235.48136041326882 1.6449847 1.6628467 4.0538387 -6.75492 1.6719694 20.154879 -0.030029578 38.476238913706666 
Car -1 -1 0 714.9733579883743 173.50188248109242 833.5263754854642 223.71927806290353 1.7629168 1.681123 3.8942456 5.96938 1.7875315 26.384912 -0.098674834 18.99335820524906 
Car -1 -1 0 834.671329325526 183.74796015084783 1089.1843876663545 271.1674607817196 1.4691122 1.546438 3.879479 6.2816687 1.6803772 13.162619 0.029485729 21.09764347583065 
Car -1 -1 0 883.2826803359881 176.1304596498043 1203.6214125087017 289.03434652519076 1.5487381 1.595947 3.829516 6.3305893 1.6022265 10.864889 0.061562993 63.9977292309954 
Car -1 -1 0 781.3769766318374 182.54786746812653 947.9585977537016 242.04614996517577 1.4512131 1.5761353 3.8092961 6.6192193 1.7185591 18.910198 -0.10812985 11.176515186401462 
Car -1 -1 0 0.0 179.7573879596982 294.6417627580101 292.97452534977015 1.5387666 1.6149058 3.8046417 -6.9436474 1.6495651 10.744585 0.015059341 39.49909778812747 
Car -1 -1 0 430.18110654488936 175.80251672212137 520.7555506026189 210.5581111985257 1.5831268 1.6537224 3.9217634 -6.2529373 1.7253067 33.905067 0.03146285 3.752866337227695 
Car -1 -1 0 312.7878154469884 166.91409678240697 464.7018089244264 227.47248779374263 1.8258845 1.6736075 4.268957 -6.8376474 1.6467915 22.651087 -0.027956288 6.851403623961512 
Car -1 -1 0 446.12392053888703 177.22670595145556 528.9481287423503 208.10237683991346 1.5058112 1.5950285 3.8468006 -6.120526 1.7322131 36.40853 0.08069255 2.0478531382885254 
Car -1 -1 0 431.49749853175695 154.80307750556074 457.85645272958686 175.8583538565795 1.7602558 1.6669246 4.0393753 -14.222071 0.2511686 62.403244 1.488296 1.3717981018490144 

