Car -1 -1 0 310.8757385452705 189.80411363059048 400.1188125102323 248.56553981750992 1.5250765 1.5832908 3.7080646 -7.189396 1.6705432 20.87312 1.4822142 91.57031339796002 
Car -1 -1 0 668.837579992926 183.0849887166215 730.2602119592963 238.5154889213475 1.5711166 1.6873584 3.2851129 2.9074717 1.510724 22.145618 1.7571559 58.79496497590756 
Car -1 -1 0 121.4904699920795 191.74823276288825 318.8536989589328 302.71864345087744 1.5858843 1.6347103 3.9339828 -6.476557 1.7184197 12.548704 1.4755516 113.49514375275662 
Car -1 -1 0 75.9773937048147 201.20611925847666 240.9852863752322 272.82526388421763 1.4450626 1.6216964 4.0617476 -10.681543 1.8801043 17.492077 1.5256457 10.182455334034726 
Car -1 -1 0 290.34735113125555 195.13283330247447 351.7781437701454 231.30040535873113 1.4183549 1.5053533 3.5941365 -12.286347 1.8725696 31.066875 1.4807899 9.469007959805598 
Car -1 -1 0 753.452854137101 181.96816422766565 790.1972579468097 206.63338579264507 1.649865 1.6459496 4.099695 11.555302 1.4326364 50.28879 2.017223 5.868714606134705 
Car -1 -1 0 206.58616485621118 192.84603500751257 311.0447089458363 242.80393486190178 1.4713215 1.614856 4.0711875 -11.415554 1.7465339 23.864635 1.5349853 9.006645219663882 
Car -1 -1 0 8.09952677581731 207.46268040564195 149.45025796627397 265.1411797548107 1.4034082 1.582031 4.0335884 -15.381803 2.1245813 21.205786 1.4505194 7.189345173688471 
Car -1 -1 0 358.7722812480351 188.21384050253397 403.51809624498446 217.73194665984894 1.6751773 1.6607523 3.9668703 -13.533445 1.8639832 43.238808 1.5094328 4.223613060273027 

