Car -1 -1 0 650.8165571364817 179.88687644020007 792.2156047101106 280.39216581767124 1.4983209 1.5792642 3.3360448 1.8291783 1.6398894 12.763606 1.4331199 99.4592524348526 
Car -1 -1 0 563.567891433058 175.6746785491905 667.409748990555 214.89368522647925 1.4198953 1.5988343 3.8990805 0.27134886 1.5372658 28.204117 -0.65318763 101.13773236027885 
Car -1 -1 0 736.5561198356713 169.30434805367165 849.0715735277427 216.69111881133625 1.4683902 1.5995724 3.8827 6.1837215 1.3583958 24.177763 -0.6572511 62.05906218691174 
Car -1 -1 0 817.6556874681386 165.67559715593953 918.6276118224638 208.58470226258095 1.4943591 1.6478208 4.0924335 9.735687 1.2443628 27.044285 -0.6694781 67.91020394714462 
Car -1 -1 0 896.1294297205443 166.50201090203652 975.5648256930956 202.9519781562362 1.4218526 1.5403335 3.5082967 13.516934 1.1740719 29.83308 -0.6634816 55.16201163988663 
Car -1 -1 0 948.3488627617882 157.65289373720944 1031.812387899557 199.95661389361277 1.7932568 1.7171202 4.215101 17.198818 1.148881 32.54679 -0.6515781 31.86261174991603 
Car -1 -1 0 692.3540603763186 173.04465266781716 780.6407684666495 206.32501033410313 1.4005277 1.5576305 4.03256 5.7058578 1.4095284 32.224815 -0.64933765 15.30006665099234 
Car -1 -1 0 235.87457440931803 176.25177104071665 288.84641027696546 211.96352671971027 1.5149436 1.6021416 4.170758 -16.021692 1.6815224 33.19837 0.9751866 3.7859630505476196 
Car -1 -1 0 1097.500824976041 157.69560065112003 1162.6650509574715 185.67179796967764 1.5411047 1.6453793 3.9891965 29.952778 0.7060846 41.49775 -0.5555352 1.432639731124912 

