Car -1 -1 0 681.9188114272162 179.84690111216042 863.666628538236 304.83373956396883 1.465884 1.5509976 3.371441 2.1563494 1.583905 10.418425 1.4633526 99.10869703226368 
Car -1 -1 0 581.3566062019311 171.29172703160563 692.4013823487057 214.99583697119522 1.4629989 1.5989647 3.7707417 1.0112574 1.4107015 25.879597 -0.60150206 107.40422700980196 
Car -1 -1 0 773.7142615816285 166.37736526227806 898.6603539220537 218.2968280903752 1.4347465 1.5687637 3.8568249 6.8547335 1.2557706 21.693428 -0.61600024 52.85457985221979 
Car -1 -1 0 862.6134031493334 163.81656605765411 972.5687206388416 210.5784249850856 1.4651483 1.6327426 4.0706143 10.498913 1.1819862 24.488949 -0.64999986 71.85338489663354 
Car -1 -1 0 944.6716974892764 166.47433726347464 1033.497137356886 207.15566827629883 1.4372389 1.5509533 3.5302584 14.307804 1.2118504 27.153942 -0.6259576 61.450382951373236 
Car -1 -1 0 719.5029677853149 172.36218621129402 815.9689241444689 209.68783673313942 1.4435955 1.5644963 3.9505885 6.529279 1.4245741 29.649748 -0.5856984 21.401252905849176 
Car -1 -1 0 1002.3940622889342 155.4348485218344 1093.2361001402478 203.5846818885849 1.8569185 1.7203536 4.2142286 18.113823 1.1851414 29.765244 -0.63200843 39.385691205572535 
Car -1 -1 0 1107.6434049923673 161.6694348262302 1172.9784903516481 193.7323907315235 1.5088397 1.625049 4.026851 26.395931 0.9825089 35.84605 -0.6739903 3.6855214210035645 
Car -1 -1 0 1089.38356945515 164.91794230341566 1136.9600558061481 187.68959451500396 1.5251366 1.5521784 3.7094216 34.937115 0.99361706 50.0342 -0.61976516 0.6830844006282982 

