Car -1 -1 0 767.9834455393193 192.1163454982942 923.721797888042 290.57770623248746 1.4096727 1.6326786 4.0512447 4.096032 1.8163626 13.183303 1.6027584 77.54638412480242 
Car -1 -1 0 729.9616142644338 183.65506398147446 822.5017600772458 250.6511141224217 1.5388587 1.5723912 3.4069102 4.2449617 1.8466849 18.84542 1.5517206 69.06788867105477 
Car -1 -1 0 481.1233386482091 189.34213727782836 542.1786301798384 230.20945572593592 1.4454376 1.7271692 3.8929768 -3.8715851 2.1564665 29.12197 1.6289499 46.39484051827057 
Car -1 -1 0 701.8930094526695 184.59959345595982 750.5445017687176 224.81789700789776 1.4812541 1.5449505 3.5716922 4.7004366 1.9902278 29.450783 1.611412 14.49069140286563 
Car -1 -1 0 713.0082050555183 185.87696977599026 778.4114937501466 235.84799522115014 1.4628706 1.6091113 3.8147526 4.4544168 1.9323429 24.072159 1.6120901 29.224265215885012 
Car -1 -1 0 571.937919050282 185.87073741229045 599.068953525265 207.7403683194037 1.5732015 1.6126022 3.8445966 -1.8416759 2.6243377 56.272003 1.6722941 6.293045345810807 
Car -1 -1 0 845.1888312956326 151.00553254576684 1242.0 375.0 1.7541 1.7273835 4.538703 3.8207202 1.6178442 6.771185 1.5684296 33.38086092521137 
Car -1 -1 0 1005.0839045474764 175.67788420926613 1083.4653416574765 209.2955930994884 1.4628141 1.5894805 3.9453368 20.239578 1.602986 33.777294 1.6645808 1.4167477382215174 
Car -1 -1 0 519.1457766706566 187.56560189186436 565.7687772240944 223.08607306957924 1.5318118 1.5205663 3.9955242 -3.182427 2.2851362 34.885532 1.6671548 2.1198299833390846 
Car -1 -1 0 1089.4376085128135 158.5666299979902 1232.3446186141487 233.40348404051915 1.6995816 1.6494938 3.5983508 13.819557 1.3751084 18.338943 1.8360701 3.5700316988932923 
Car -1 -1 0 1087.3998086195118 130.9077089096024 1242.0 252.7221387022204 1.7311505 1.5826559 3.631123 9.724079 1.135036 11.728958 -0.4290694 0.604930697693799 
Car -1 -1 0 880.6785695895553 179.24420981328535 921.3096825290962 201.96804661647028 1.4725443 1.583423 3.9340627 20.114681 1.9329076 49.942284 1.6750537 0.2545936405658722 

