Car -1 -1 0 640.1248840491925 187.10476304720157 698.785011305993 228.15407400681912 1.420066 1.5337365 3.4495087 2.2627373 2.0097613 28.039951 1.4262598 69.21497606896946 
Car -1 -1 0 819.0600204970028 181.26034682523837 1007.8441978295634 260.0643752572853 1.4597673 1.5705953 3.613508 6.4729023 1.6661165 15.748068 1.0786742 118.8577681473471 
Car -1 -1 0 623.3130024941541 184.90327220507066 658.9061920738616 216.4027790513368 1.4890771 1.5351577 3.9112039 1.5971555 2.1503 37.61139 1.5316396 21.012293281021698 
Car -1 -1 0 330.1809761835539 192.3297435228488 465.315513853837 239.64516978449925 1.454731 1.6013496 3.9675071 -6.8730555 2.1157923 23.673845 -0.00832968 38.832672635450145 
Car -1 -1 0 241.33814037895286 192.29410624245617 416.70072441612194 253.23973127869496 1.480279 1.6241817 3.9645743 -7.2595396 2.0127094 18.91381 0.01810532 15.639142881532997 
Car -1 -1 0 0.0 201.0897104180461 261.9329234161712 332.29052271021794 1.457017 1.6063178 4.007861 -6.831254 1.851192 9.225222 0.022259245 29.294058509753338 
Car -1 -1 0 389.39689459419236 191.5483792818395 488.61086756825074 227.4292208812242 1.4391463 1.5781018 3.825987 -7.1881123 2.2541022 30.627947 0.019663364 12.797531823400119 
Car -1 -1 0 190.45582701445505 185.41554567395667 389.04152963466686 263.74567116869173 1.6592927 1.6293503 3.7983332 -7.161111 1.9602573 16.424425 -0.025613695 7.806264921634413 
Car -1 -1 0 367.1086588903639 191.54330970152608 476.0438315637421 230.55453665429437 1.4435999 1.5689389 3.858088 -7.3442645 2.201438 28.393269 0.041893005 4.563834144445456 
Car -1 -1 0 492.21295907884206 187.99421212298955 524.6430026968728 215.8090601831582 1.4688048 1.5954456 4.0507393 -5.9007745 2.4026823 42.432457 1.5050673 8.606819208070819 
Car -1 -1 0 341.44586235234516 191.86076643614243 458.74898339966296 236.42713254154359 1.4970964 1.5626268 3.740505 -7.4807634 2.2048912 25.947166 0.07665946 2.937154948537973 
Car -1 -1 0 409.5532676865666 189.52711383802003 498.29501065636816 220.84392275946263 1.4539974 1.5545952 3.9820714 -7.615141 2.2957897 35.473328 0.091349944 1.8667089291302283 

