Car -1 -1 0 631.3210996584221 179.81186205385777 702.5641695643116 228.82731131232345 1.3938327 1.6112583 4.2188797 1.7534034 1.6395371 23.30734 1.4821439 84.47667632255985 
Car -1 -1 0 902.8631284902377 192.4980727992419 1242.0 351.42164197497556 1.4567678 1.6084266 4.0485587 5.5036917 1.6934836 7.7687793 -0.06090018 81.68659235517816 
Car -1 -1 0 613.5284011659529 175.90882835672926 649.7624149351049 205.20619290234117 1.4656769 1.5232186 3.9367971 1.1318421 1.6373969 38.538902 1.4945323 9.57444275701246 
Car -1 -1 0 860.8561130624715 163.6956973612066 1202.2577711510191 302.18886118126835 1.7631029 1.6423316 3.8686569 5.74808 1.646512 10.115335 -0.056834817 51.733057270055895 
Car -1 -1 0 289.11999348422006 183.81083499859122 445.0112947481173 238.99591642905708 1.4453921 1.5495944 3.808804 -6.668434 1.7629004 20.07008 0.03380321 19.439643296376143 
Car -1 -1 0 338.62919397751637 180.09681007546828 453.3992477656039 225.1439792626782 1.5006813 1.5424664 3.5280802 -7.4022164 1.7623018 25.190292 0.05828498 22.751614934469167 
Car -1 -1 0 215.70042493203957 183.49608336260044 408.417390402019 247.94340497088618 1.4674132 1.62508 4.0128903 -7.118362 1.7382612 17.533327 -0.008862603 43.70408752271831 
Car -1 -1 0 406.8295845607493 177.81719766676264 499.2384301344555 209.98950056586196 1.4958701 1.6465279 4.080097 -7.4598103 1.739789 34.63212 -0.0024458352 5.339061216424123 
Car -1 -1 0 610.247557809567 175.15599437925135 643.5576789569749 203.41265937876517 1.6189123 1.6279049 3.7684815 1.0061383 1.7642125 43.599407 1.4903028 3.574795496093648 
Car -1 -1 0 471.0433308710173 173.91102116441473 501.08578305979944 200.59829712622923 1.4931955 1.5791594 3.987933 -7.337641 1.5587819 42.654556 1.3579233 0.295673668384552 

