Car -1 -1 0 556.8355996936272 175.58424669963415 626.181968273026 240.97021487490204 1.5742328 1.6746488 3.313828 -0.4686849 1.342346 19.00817 1.5150564 64.8803818068385 
Car -1 -1 0 316.7878342460701 189.927089438612 482.9856910408532 292.99090707326735 1.3851947 1.6184953 4.444107 -3.232655 1.4792435 12.108152 1.5456989 100.91863392474396 
Car -1 -1 0 429.432333320953 179.35244512594375 519.5266153848759 242.96517000354854 1.478879 1.6342793 4.2089405 -3.3432777 1.3425691 18.82714 1.5576136 75.49841279131016 
Car -1 -1 0 286.78802437442516 175.75238090505655 390.9265511240569 232.94629655551344 1.5380191 1.5996076 3.6835883 -7.7809916 1.2835381 21.19715 1.6024344 30.337649375274236 
Car -1 -1 0 400.39626949698896 173.65651060029793 460.74766417840743 208.97360227459808 1.541146 1.6594226 3.9925828 -8.124618 1.0367332 33.401722 1.6173146 12.099205605326379 
Car -1 -1 0 520.4340095881179 175.84801075980647 555.0889389672354 209.26599460087454 1.5162714 1.568281 3.7546883 -3.2906945 1.0912321 34.545902 1.4981475 6.902867595061723 
Car -1 -1 0 348.7993398189525 176.54058449417698 401.7527046234016 204.9365870410184 1.4970846 1.6447306 3.859071 -12.782446 1.0397182 39.83983 1.5843954 10.25894979910985 
Car -1 -1 0 480.4646429102338 174.61948681788422 538.8642037071926 222.15611688018194 1.5901539 1.6534907 3.9575412 -3.452049 1.2356987 26.041397 1.5508685 19.53989034007741 
Car -1 -1 0 454.36123018519424 172.07760426240804 490.4107698078879 195.9585546744681 1.4764448 1.6739223 4.0094914 -8.663518 0.6641794 46.468956 1.5451746 3.2759775246134732 
Car -1 -1 0 624.5235872361441 176.13389327772296 642.3800581129432 193.39974452708302 1.5292184 1.5813253 4.1574655 2.4140022 0.72485244 65.77849 1.6128857 0.2521985173225403 

