Car -1 -1 0 335.1716058385771 190.9179139384765 440.35445991249264 255.6143155474866 1.4652689 1.6043936 3.823974 -5.805036 1.9974451 19.335785 1.5825126 81.04367484796902 
Car -1 -1 0 397.3062609951566 188.6052361305422 469.6428725928333 238.07870119440585 1.4562083 1.5136354 3.5478463 -5.8070574 2.0225155 24.157671 1.5842144 46.22820553314652 
Car -1 -1 0 208.6327315045741 195.784881087721 385.1817845019674 293.16644969011026 1.4857738 1.6181117 3.972452 -5.807313 1.993056 13.957391 1.5942277 85.76645401173275 
Car -1 -1 0 799.5842173099427 154.82576297553996 933.9818281529891 200.15316891179526 1.5744212 1.6852038 4.2565646 9.182836 0.9482207 26.005081 0.047586232 69.53681293769058 
Car -1 -1 0 439.86867623692154 186.66597624889317 498.74859739774934 225.55117204582362 1.4435133 1.601184 3.867087 -5.779131 2.057772 30.132107 1.6009176 18.696392519993935 
Car -1 -1 0 478.4836728037478 183.34465089343345 525.2631390778113 215.59879571891048 1.5380032 1.5830152 3.7783911 -5.5562415 2.1133628 37.62329 1.6555998 16.18921993640893 
Car -1 -1 0 661.2700323694764 175.28928922080243 709.4597908775521 212.07494273237043 1.5165999 1.5482568 3.9616163 3.3001337 1.6315019 32.02902 1.5242403 13.992031679064684 
Car -1 -1 0 802.5269857990995 157.32134203091607 914.7887938748102 197.91101944708043 1.5542364 1.641804 3.859673 9.765203 0.9594687 28.466908 -0.008982382 15.510865338844889 
Car -1 -1 0 772.4020132646814 163.55013399494575 878.4958786779495 199.17114885389248 1.4794157 1.6638706 4.0728273 9.282812 1.0930064 31.139252 -0.17418747 9.85279517573546 
Car -1 -1 0 1098.31923250854 141.13186627270295 1225.2440429202538 176.59760627562707 1.4747499 1.6466873 4.148927 23.53711 0.1556679 30.851208 0.011890458 5.518026429219858 
Car -1 -1 0 1126.22591960418 137.26828969966488 1242.0 177.6594499175068 1.5284774 1.6897526 4.010375 22.807003 0.18184711 28.254166 -0.052952424 9.28239402222145 
Car -1 -1 0 657.4564277990219 174.53529729257906 694.8691821503278 206.45758108757826 1.5715876 1.5589154 3.719429 3.4218333 1.6635332 37.589264 1.5576584 5.282232388457254 
Car -1 -1 0 644.6824567124282 177.00201537269845 673.3745666190639 201.19611341965293 1.5067261 1.4633458 3.7314796 3.219162 1.7906158 47.483883 1.5237045 4.267487400166224 
Car -1 -1 0 739.2191335156972 164.80406801170957 832.207735011516 197.24305474445651 1.4783705 1.6609913 3.923622 8.276596 1.1115037 34.030766 -0.16836292 4.768913900036643 

