Car -1 -1 0 318.75774214253727 185.85342411183336 502.8732528507976 313.08842972829876 1.4859321 1.7262626 4.4092865 -2.7756693 1.7261877 11.108551 1.544064 147.4025746420002 
Car -1 -1 0 504.86444756012327 182.5292927573275 560.468957509123 228.16585888558268 1.501438 1.5654255 3.4253602 -2.7277076 1.8761041 26.207218 1.598391 50.08016862797929 
Car -1 -1 0 654.252526729608 178.18176967563724 709.0933548838905 227.83405645263966 1.6760731 1.6280806 3.5101285 2.5819948 1.8847563 26.498375 1.5602705 82.17445114965594 
Car -1 -1 0 743.1284953496073 191.0954207111094 1128.9213266421375 375.0 1.4659826 1.7142851 4.077224 2.5350013 1.6897988 6.795416 1.5480025 87.75091680637179 
Car -1 -1 0 713.2493714700091 179.39015926242442 861.127198409012 289.3339276547917 1.5573242 1.5537007 3.600231 2.833932 1.6847838 12.253465 1.5484418 41.92938733338957 
Car -1 -1 0 641.9683762621412 177.13966737608092 679.9642805779216 213.33955736097488 1.7014167 1.5639846 3.8457313 2.5367272 1.928594 36.309673 1.550861 15.90320252009075 
Car -1 -1 0 550.1075446379521 180.92875087532303 583.6659115417139 204.31246595350584 1.5258746 1.5204897 3.831122 -2.9451318 2.113478 50.49091 1.7388754 5.707535449492678 
Car -1 -1 0 635.1176157030554 175.24974298162587 663.5328631810073 205.35578835737815 2.0191503 1.6418962 4.0261316 2.7583032 2.1944544 50.757034 1.536178 6.114984432253126 
Car -1 -1 0 643.2437158947514 180.34391304268877 689.1033843926065 218.91625024764312 1.5438823 1.5129466 3.374118 2.4029233 1.8866425 31.286407 1.5048003 1.726428518028814 

