Car -1 -1 0 676.6674227033163 181.51413330364394 764.6446278837221 245.91596067985625 1.4244609 1.6271236 4.2800646 2.745168 1.6743355 18.67704 1.5729887 89.99941432513515 
Car -1 -1 0 747.1328318382336 180.4281368547097 871.8416595413512 228.4923956135788 1.483357 1.6319925 3.7154298 6.4512625 1.7416834 23.5979 0.107811615 59.81379722371946 
Car -1 -1 0 314.3170267674289 180.00652413162092 483.8776139441665 235.9109310143968 1.4559119 1.6401699 4.268817 -5.724272 1.6640441 20.018597 -0.07491698 65.34252072987361 
Car -1 -1 0 16.649437859653958 180.74776655107357 368.6964330409202 289.58528825715035 1.4743531 1.6616683 4.2760677 -6.0009174 1.6011555 10.743775 -0.0074485005 127.13867138968926 
Car -1 -1 0 168.0098429259046 177.2707479337226 401.9217302481048 253.2000324247762 1.5089206 1.6117351 4.216522 -6.726816 1.6072161 15.245691 -0.0030446718 37.63269232054034 
Car -1 -1 0 665.9627752238886 177.11251522803246 726.3336005200409 200.7204007372906 1.5147338 1.6376244 3.732426 5.6712456 1.8004644 47.515766 -0.042185247 10.626622335734064 
Car -1 -1 0 423.65557865606667 175.6534668707748 522.264535411195 209.00097018246655 1.4578552 1.6305184 4.104841 -6.1408195 1.5883822 32.67414 0.07567058 10.554363386155291 
Car -1 -1 0 219.99198736541913 173.029856003766 400.62492882807607 240.70525567331177 1.567635 1.6140571 3.7825744 -7.216317 1.572185 17.693893 -0.09074849 19.590965725061896 
Car -1 -1 0 88.36551437140335 179.3763521595376 342.46906742217624 270.7018635354405 1.5231566 1.574088 3.727151 -6.986121 1.6497657 13.085844 -0.07270871 13.499784140338631 
Car -1 -1 0 462.4907843400452 175.6085978637214 537.7120769516496 205.81851727723262 1.50706 1.5844804 3.725425 -5.5803733 1.6523292 37.109238 -0.08221359 3.972235218235727 
Car -1 -1 0 735.125168616175 178.51461711699494 848.0718254970263 218.21968513350808 1.477158 1.6164117 3.9822345 6.9829187 1.7030915 27.943233 0.023968035 5.6186004486631225 
Car -1 -1 0 466.75231920021946 170.91172483750975 536.455859000363 199.17342326442144 1.6204796 1.62709 3.8993835 -6.282292 1.5091125 42.28295 -0.05062208 7.106997154576299 
Car -1 -1 0 627.5355946137526 176.5360811846914 651.3008907585947 194.07687582056639 1.4408106 1.4857188 3.4544234 2.5320287 1.7655594 61.83165 1.4465636 3.024751457563078 
Car -1 -1 0 404.8936062421453 176.55099007690617 505.78592087460544 213.10174677400056 1.467891 1.5758994 3.9554687 -6.3724594 1.6271579 30.127361 -0.08690602 2.4030336406420427 
Car -1 -1 0 704.0688018572561 173.6482336891176 789.5524345940588 205.5162835900925 1.5368798 1.6122677 3.9000187 6.7466083 1.5771253 35.70105 -0.028306523 0.608823088314984 

