Car -1 -1 0 346.8239752466327 188.47398738109842 459.22332693834755 253.98692921379055 1.4130871 1.615614 4.408325 -4.922719 1.5044599 17.942451 1.5551339 102.3850627037534 
Car -1 -1 0 232.55585108596068 189.1272102205437 342.2067835781024 245.08921562696236 1.3895171 1.5127492 3.44365 -8.685126 1.5067546 19.818167 1.5629537 79.23332439384103 
Car -1 -1 0 37.65217368557303 189.80372272247763 259.8227560181228 288.1321204694482 1.4412007 1.59535 3.7534885 -7.751603 1.5338521 12.615217 1.5385494 107.48361206649716 
Car -1 -1 0 0.0 182.24833389454716 136.49614491704557 257.37613742697204 1.5435662 1.6098983 3.5301216 -12.728059 1.4825991 16.587933 1.4987743 34.26827624317037 
Car -1 -1 0 347.0051413003095 179.88881538389288 399.01973579327364 209.09798462977747 1.586183 1.6757855 3.9589431 -13.290444 1.2969104 41.01702 1.571501 8.248934806578854 
Car -1 -1 0 572.8117943163179 179.8020936062039 602.7615139993535 206.14729417329784 1.4131703 1.5893793 3.5792584 -1.051995 1.1227818 40.350536 1.5694171 9.626874595040338 
Car -1 -1 0 259.36725759483073 182.59047574872798 344.6493007661667 226.70976975753413 1.5679445 1.6695374 3.874112 -11.558213 1.4746474 27.497654 1.5544895 18.503950890253552 
Car -1 -1 0 370.76952291114094 184.64618558635772 429.31196259815357 222.8096776776997 1.4705358 1.5900775 3.5377874 -8.431673 1.448591 29.516193 1.5057142 6.6593750938208744 
Car -1 -1 0 417.6594572010084 181.80563970294372 465.4071522099295 213.20314787388614 1.4865905 1.5959587 4.0320187 -8.246406 1.3251331 36.078465 1.5360714 1.5072271504575674 

