Car -1 -1 0 399.4832500132262 185.428636053635 477.31880198577403 234.25210950080205 1.4325039 1.5858693 3.807001 -5.6136427 1.8859673 24.091705 1.6032288 56.56376634249272 
Car -1 -1 0 325.7069161081181 188.81497773929303 442.56532826391583 256.8198966635336 1.4760708 1.6592246 4.0088043 -5.6643853 1.933364 18.6432 1.602079 59.181993771887655 
Car -1 -1 0 438.2093127480138 183.00553798741737 498.1483778152282 223.6936665954772 1.4738928 1.5608827 3.614502 -5.587271 1.9062142 28.890888 1.6109167 20.274090951912633 
Car -1 -1 0 1108.0256788127322 135.04308008156553 1241.2469634931285 175.56796657231217 1.6039774 1.6631217 4.0613203 23.029186 0.107418805 29.518795 0.064282164 37.07334342487247 
Car -1 -1 0 498.89665882360595 179.76451804471833 541.7510883943404 208.1664765217992 1.5459337 1.6002109 4.0836835 -5.1887746 1.9725039 42.421463 1.6809174 9.705100611016764 
Car -1 -1 0 1019.8846081779728 145.78050016286548 1112.5552154173397 175.02276141867225 1.4991016 1.5869739 3.8851976 23.903522 0.11118114 37.84268 -0.0308984 11.371834351413812 
Car -1 -1 0 469.3865290463054 182.6751035656216 518.6577237194797 214.94561386253767 1.4126396 1.6026967 4.095292 -5.5226803 1.9161686 34.92022 1.6039801 11.633340567755617 
Car -1 -1 0 1072.6851759892688 139.69042427376883 1191.5804650660666 175.630158908394 1.5677408 1.632985 4.1036234 23.369585 0.12109971 32.369072 0.03837057 6.352659475823904 
Car -1 -1 0 725.4425849978049 168.1783883017514 768.2599719528043 195.9699906753047 1.4420512 1.653032 3.9203427 7.4407816 1.1994427 39.412777 1.5873884 14.051845294865405 
Car -1 -1 0 785.5074276331443 156.96766096305095 844.6517837494201 194.55845476810327 1.5497142 1.6693039 4.10695 8.985066 0.89478546 31.846943 1.6323124 3.6600256667147955 
Car -1 -1 0 757.2294836366075 163.3671134229358 844.9360087689059 194.41390491837785 1.4844793 1.6502779 3.8383021 9.400496 1.0308707 35.549763 -0.12056523 0.7494396066516655 
Car -1 -1 0 519.800984383121 169.29928283388043 535.447717476725 183.86321808628782 1.5828942 1.6240432 3.9120119 -9.112439 1.1965462 80.43885 1.4857944 0.7861297765283113 

