Car -1 -1 0 660.0916643365724 174.02485643930254 726.8287491809247 228.33721625065044 1.6307812 1.592545 3.63165 2.6619022 1.6720804 23.5977 1.52138 85.15496367529086 
Car -1 -1 0 691.1237983693113 182.4670942819747 821.6009764789067 271.5912749371246 1.4772549 1.6385074 4.226181 2.7744055 1.6997824 14.561926 1.5357404 72.88864023340383 
Car -1 -1 0 744.6150802563234 174.49443198998162 1005.2361249640471 363.29656423410813 1.6678772 1.6587464 4.011973 2.7364874 1.6916628 8.43565 1.5961615 112.45980471110524 
Car -1 -1 0 642.8508399862257 177.7606681366836 677.8390822390818 207.4101813559424 1.437819 1.4970176 3.4152894 2.5832267 1.7030785 37.283806 1.5493644 26.066173149466348 
Car -1 -1 0 0.0 189.39468083407183 293.87557780069505 333.5877506949375 1.5107343 1.6349013 4.0686555 -6.191472 1.7307129 8.682561 -0.047613185 84.94160361353953 
Car -1 -1 0 12.350064610200013 191.83054661052478 336.6120989671674 293.08027196336957 1.4242842 1.5829493 4.1393347 -6.6407967 1.743162 11.293076 0.019408368 23.360768362893968 
Car -1 -1 0 339.0869329193031 181.70730584321862 480.1242468902554 235.37351833626929 1.5460291 1.6038691 3.8571136 -6.0920553 1.8309461 22.17574 0.12978756 21.488927586551867 
Car -1 -1 0 420.09471165636324 180.0196378001193 514.5457095887497 214.1164079130543 1.4809916 1.5934112 3.9238744 -6.3709693 1.8129001 32.561325 0.0324448 15.851574595709067 
Car -1 -1 0 360.6381921132623 170.47981298318004 478.606986461548 220.02349833311143 1.7981783 1.7192605 4.031388 -7.069869 1.7120075 27.158657 -0.0557378 12.058959312665891 
Car -1 -1 0 368.07211671339417 182.3383859488018 490.9127453390709 226.72724013501116 1.4634035 1.5544207 3.8538885 -6.2149563 1.8057556 25.11493 0.08068722 1.992596335054425 

