Car -1 -1 0 43.71299969398471 195.27159818476628 269.6048138724837 293.70913903541896 1.3986359 1.5714679 3.875557 -7.5677075 1.6016899 12.564001 1.5529106 89.10866297125253 
Car -1 -1 0 427.53242571709285 186.1642481602055 497.1726372259388 230.36170731439157 1.4225571 1.6325039 4.4696226 -5.025255 1.4591453 25.481054 1.5552773 74.95476248178008 
Car -1 -1 0 286.2765586664586 184.82705357684245 387.6742333782536 236.8997664093842 1.4062496 1.5918047 3.6920166 -7.8633413 1.3957541 21.264137 1.5772052 18.975758686586826 
Car -1 -1 0 48.277744100760856 191.00159220284488 196.89233959936044 254.0864513731853 1.4672645 1.5891926 3.7348156 -12.6012 1.6354923 18.985985 1.5057359 17.594506692280813 
Car -1 -1 0 572.642542425637 182.1869436926893 605.1105216524204 211.05195628731812 1.4711127 1.6549233 3.8360105 -0.96826005 1.3167515 38.56935 1.5526917 19.03368058099537 
Car -1 -1 0 215.54942702751077 189.78371131946375 451.9368665909375 331.9210902755752 1.4890567 1.6285714 4.1611423 -3.365283 1.5642232 9.746717 1.5690029 86.84066053930039 
Car -1 -1 0 358.4939997295022 186.60340268827352 418.4103950006017 223.68780154784966 1.414251 1.5396509 3.387836 -8.834516 1.4740863 29.26963 1.5267882 25.135422520537396 
Car -1 -1 0 387.6848446886966 180.36434451779206 425.13668753952385 204.74316744056472 1.5664258 1.6226264 3.8880048 -13.404128 1.2547091 48.175835 1.5141937 4.43618517520242 
Car -1 -1 0 138.88074015377583 185.64145157395907 274.95648710958307 230.86072427700697 1.5161692 1.6135993 3.8192453 -13.804771 1.5314155 24.93016 -0.0028034132 3.2929757981991625 

