Car -1 -1 0 152.9357251918808 195.81253682255672 376.4642958699844 303.7377259549328 1.4338384 1.7125237 4.4068937 -5.7687473 1.9113699 12.772413 1.6100924 121.19808797284061 
Car -1 -1 0 687.2836134008824 181.60924718704072 760.3509946545807 233.6903988758255 1.4270508 1.5251293 3.5816388 3.4281802 1.7186874 22.209259 1.5231367 74.4113260976993 
Car -1 -1 0 732.3362468432199 178.41997698925363 891.3763212795149 285.92430853676365 1.5163832 1.6276255 4.136398 3.2671163 1.6285906 12.46921 1.5813258 98.75569128875874 
Car -1 -1 0 329.9098449320337 189.75136126362437 434.3422331891773 257.3649144921872 1.4921014 1.5230384 3.5176826 -5.7310514 1.968795 18.58229 1.5899482 75.76465401755081 
Car -1 -1 0 803.9984338587341 186.8693145681869 1216.8621450800238 375.0 1.4167926 1.669492 3.9696856 3.2763577 1.5899334 6.9078045 1.5448296 80.80346579368234 
Car -1 -1 0 420.9816232692381 185.03944643624183 500.26714635610233 228.27457470665286 1.4477879 1.655879 4.2798104 -5.5967617 1.9524133 27.649755 1.7035699 34.21737278438687 
Car -1 -1 0 653.7303673679777 178.13793327408996 694.3913363609898 208.96498950220993 1.4598588 1.5416617 3.6774 3.2296667 1.7423309 36.6931 1.514157 24.803247804606087 
Car -1 -1 0 669.3889849602529 179.31137626173316 730.073019970006 221.64185485801622 1.4792037 1.6407146 4.136457 3.4094417 1.7483113 27.962994 1.5207056 18.339455652017918 
Car -1 -1 0 496.7470908717459 179.6757056988934 531.9982825333539 206.6885511583467 1.4901536 1.5719011 3.8721192 -5.588257 1.9123456 42.718662 1.5719781 6.1874647138843235 
Car -1 -1 0 646.3837693540779 179.6419133117484 685.9734136383219 207.42589034386916 1.5090308 1.5279197 3.4358447 3.2441826 1.9202421 41.89371 1.4122084 0.9313612484305696 

