Car -1 -1 0 682.7966285184109 181.4775834217592 776.1276419672254 250.82521522547327 1.476363 1.6157244 3.6726923 2.818777 1.709682 17.671553 1.5531335 106.71869241731167 
Car -1 -1 0 654.071990833407 175.81339995283076 704.8043371721926 219.94333132693401 1.6128466 1.6541121 3.8362494 2.6974602 1.7378309 28.550531 1.5757442 58.16279272484825 
Car -1 -1 0 206.89298486411406 175.99784280756083 423.3686696094903 249.58246550499354 1.5447931 1.6714171 4.2011557 -6.517387 1.619779 16.22097 0.07409809 110.53533524503787 
Car -1 -1 0 0.0 172.91101484576237 282.41767838334624 325.42634021796596 1.6061935 1.6800154 4.1582055 -6.323281 1.6069423 8.537897 0.047815565 84.32334347231968 
Car -1 -1 0 13.416077262843448 179.07890988710918 311.500028791705 286.3027170578095 1.4989517 1.6103379 3.6833208 -6.7782393 1.6034417 11.154767 0.083985835 14.770282126981334 
Car -1 -1 0 631.2309350895551 174.95195147641812 668.1841068171412 203.24638774807823 1.6377743 1.6246731 3.937467 2.4068885 1.7719951 44.115204 1.459583 9.307607996025325 
Car -1 -1 0 307.5778392407901 167.58232864954184 465.42037865581943 231.339258672571 1.7861391 1.7216142 4.079876 -6.4485216 1.6384541 21.140194 0.03240219 45.415604676928496 
Car -1 -1 0 396.56624689476854 173.41193657635782 507.22596195197656 215.2795915635671 1.6065152 1.6700842 4.1021886 -6.1943655 1.6294588 28.69195 -0.07154359 10.126092593032185 
Car -1 -1 0 636.6858958097741 177.13101796723834 678.2597722961236 213.01523465307585 1.5966035 1.603485 3.9989069 2.241475 1.8137617 34.610477 1.538381 2.658683912139806 

