Car -1 -1 0 716.8378742804356 183.48656514953532 905.7846746265196 311.01912536436004 1.503922 1.6148072 4.390312 2.8134909 1.6997828 11.084046 1.5554408 120.23244171530777 
Car -1 -1 0 297.1313171534388 194.96569778605416 467.4927941478814 310.1622557183875 1.4784248 1.5875076 4.0654182 -3.5636072 1.910965 12.078158 1.5662764 117.03081198043516 
Car -1 -1 0 691.3831098534347 179.59224842859422 797.0642189504701 253.70710748251292 1.5093594 1.6443614 4.400246 3.070715 1.691694 17.310673 1.5536472 92.75385065347635 
Car -1 -1 0 452.03579555129096 186.88726193499335 524.3756357816069 242.8600776603721 1.5080551 1.5282696 3.7889857 -3.6576138 1.9790487 22.307184 1.5910085 58.1479070436992 
Car -1 -1 0 678.0989381476506 178.95610358072494 743.2224576982563 232.00664675878141 1.513953 1.5683064 3.7394128 3.1238155 1.7234627 22.89796 1.5780482 43.33761419551131 
Car -1 -1 0 400.6216557576479 188.38385521247454 490.71785419435076 261.3414449651395 1.532908 1.4666791 3.3357985 -3.8815444 1.9466991 17.549461 1.5598427 48.66948381516042 
Car -1 -1 0 633.6427133990385 178.3669456269686 675.1968176579311 205.28490934243013 1.5565982 1.5962747 3.5459208 2.7170086 1.9105372 44.415154 1.3396894 14.416704070899627 
Car -1 -1 0 597.8994070833044 181.60976069257103 623.0827611917069 201.22052534542138 1.5011961 1.5584092 3.8987503 0.04436429 2.2428823 59.0854 1.4389334 6.13142729462258 
Car -1 -1 0 880.0812738582822 153.47229967718405 989.005840235038 190.90775500838132 1.4939262 1.5880395 3.8361113 13.380746 0.72046596 29.89227 0.16487846 5.2972982853026584 
Car -1 -1 0 560.1780052011105 179.37078056764497 600.0455964216778 195.29961975953125 1.5598584 1.5629615 3.9996696 -3.0049706 2.2465737 74.12579 -0.7211735 1.894735437558026 

