Car -1 -1 0 724.5029335952994 183.41242319113877 812.942010203924 245.81253507796646 1.5169014 1.577764 3.5215569 4.28877 1.83455 19.925255 1.54288 57.469729349331665 
Car -1 -1 0 759.1475104468958 190.18241872015201 900.296472019182 280.41398876089033 1.4262618 1.6597162 4.093261 4.152499 1.8188123 14.273213 1.6028733 75.85002634801918 
Car -1 -1 0 490.16908754439413 186.05627226998715 549.2090971020749 226.893839045451 1.5209824 1.6532829 3.776844 -3.6756353 2.1076236 30.101173 1.668836 34.835328372593125 
Car -1 -1 0 712.4271114962071 183.3206968923786 771.937426434297 231.15948521667042 1.4768598 1.6148647 3.831833 4.5329056 1.869534 25.102663 1.6396725 24.24936817279741 
Car -1 -1 0 700.4366957271586 184.11854016255407 747.779607197222 222.16445286443087 1.460652 1.5862343 3.5086088 4.790617 1.9654007 30.544981 1.6129274 9.172319960920461 
Car -1 -1 0 524.5236609859986 185.27747425339098 573.3544412162562 219.0309753028788 1.5188441 1.5516504 3.9425616 -2.9672418 2.1752195 36.055115 1.7232739 4.403773500280816 
Car -1 -1 0 680.6874058934455 182.27763516559565 726.463019513229 216.25298138360887 1.5219395 1.6799463 4.183716 4.5704975 2.0140996 35.584465 1.5625906 2.4674095920067267 
Car -1 -1 0 574.3508684523289 184.13756351932258 602.8835509923824 205.21000616956698 1.5534334 1.6189495 3.6967196 -1.6273758 2.4789019 57.229683 1.724034 2.597524344949226 
Car -1 -1 0 824.0813726575439 156.16578777416416 1242.0 375.0 1.8210536 1.8150344 4.627861 3.9218345 1.6938632 7.814516 1.5693252 17.39891580419369 

