Car -1 -1 0 668.0490620975353 181.5462682246895 743.3173074646389 242.42137178892537 1.4997891 1.5846056 4.082762 2.61137 1.7701511 20.401077 1.5708859 88.32337271381104 
Car -1 -1 0 44.86712608917431 194.093758004361 360.86305530970304 374.03239937873224 1.5326403 1.6224685 3.9373875 -4.4136686 1.84439 8.602744 1.5466127 136.26200868038285 
Car -1 -1 0 761.9659988769395 188.42235653236435 1004.8582106511432 360.94945099563137 1.5271895 1.5507025 3.3385777 2.8913627 1.7435869 8.358841 1.5722425 124.31402103658199 
Car -1 -1 0 452.31264396407613 183.93469092124636 513.8848255512783 228.9585613779498 1.5056586 1.6953043 3.809808 -4.6490026 1.9496553 26.992657 1.5539179 58.02212201099837 
Car -1 -1 0 718.4161123117669 186.34032569059698 852.6443840047149 287.02187698343874 1.49965 1.49637 3.296262 2.9869313 1.7713779 12.866447 1.5385602 73.4069684425073 
Car -1 -1 0 481.49918959572756 177.44603832615363 526.5848019182788 218.57401787889452 1.7261496 1.5851309 3.7213943 -4.706328 1.9454945 32.584198 1.5442691 28.63905605593859 
Car -1 -1 0 218.4853557526669 182.03450008406142 374.16608190579655 231.23454410409138 1.4420443 1.5545691 4.1264243 -9.579577 1.7357838 22.26964 -0.019180436 14.656621895332549 
Car -1 -1 0 658.0646941408013 179.7940511559278 714.3288611218748 224.79987732970338 1.5140772 1.5641253 3.499599 2.7588792 1.7871011 26.604359 1.528652 21.48120025280279 
Car -1 -1 0 644.8783933242294 180.11868899046894 686.6494423481581 214.47212349570157 1.5476305 1.5890418 3.5897193 2.6841736 1.9195704 35.11067 1.5228549 0.3787490427494049 
Car -1 -1 0 532.9938314946205 178.99757510194092 556.5736801652157 194.2926808745387 1.465898 1.6375124 4.0937433 -6.5916896 2.1070545 73.10802 1.2916889 0.2566453516483307 

