Car -1 -1 0 730.9490680869037 187.79053547646427 919.609373295391 314.57845348862764 1.5122097 1.6300972 4.412629 3.1010256 1.7926055 11.335724 1.5670723 114.01188807990614 
Car -1 -1 0 385.31214977447996 193.01483700324258 495.8878096048447 274.7114317385419 1.5243187 1.5756549 3.8079112 -3.6757326 2.0336685 16.317633 1.5805254 95.02431745303976 
Car -1 -1 0 700.7072830557712 185.21108276338424 794.5405986510083 260.2729873718862 1.5093551 1.5630497 3.6193001 3.1211767 1.8305146 16.930693 1.5869187 66.0578285681031 
Car -1 -1 0 276.7357084365011 195.22509262639207 437.18184712856055 316.897373918565 1.5502925 1.5497037 3.519885 -3.8818767 1.9677947 11.661386 1.5091023 92.12979381204678 
Car -1 -1 0 638.310946153434 185.1328383835775 685.5219169549666 216.94216683382237 1.544888 1.5970414 3.3374643 2.7272003 2.2263074 38.23867 1.3493135 20.484142678660618 
Car -1 -1 0 554.0388295416593 185.5993708973063 595.76570725894 202.19888081656958 1.456731 1.5502907 3.7832868 -3.2450962 2.6895356 67.961044 -0.7201357 24.362262963628503 
Car -1 -1 0 601.7525099019216 185.13766861446362 628.6091415582921 207.63568739915524 1.5250717 1.6151736 3.7538931 0.44602925 2.4604597 52.99299 1.6759433 4.040829116643423 
Car -1 -1 0 757.152346578309 183.66211473081844 856.3012961608754 222.10213794873712 1.5233485 1.6410576 3.8739908 8.21627 1.9948109 30.350216 0.16306762 3.849732382007087 
Car -1 -1 0 619.6718517589574 183.16020157013705 662.7011360377682 201.2038015875276 1.5080724 1.6680655 4.164098 2.8747005 2.4650156 64.8667 2.2718778 1.5718711076045064 
Car -1 -1 0 940.2146981524404 158.85330476228376 1084.4184734397265 205.24411668141363 1.4816146 1.6155413 3.894901 13.367075 1.0344648 24.143917 0.15552631 1.2647955787236007 

