Car -1 -1 0 703.5404005224735 177.3191310833442 862.5308061979666 282.3494487412297 1.4735823 1.6224244 4.357257 2.768653 1.5645597 12.505661 1.5490602 89.22083601944553 
Car -1 -1 0 74.1629550883066 195.79727129160867 405.0584594409249 375.0 1.4953434 1.6404077 3.8283405 -3.5433316 1.8036633 7.7715793 1.5577574 123.92004376646986 
Car -1 -1 0 331.9194663141588 188.90083536124533 477.06775521650013 288.06192318969937 1.486718 1.5789012 4.0148787 -3.6283374 1.8311462 13.477679 1.5683546 117.89732003094767 
Car -1 -1 0 776.8625419064961 177.48442697660153 1149.9127479044382 375.0 1.5272926 1.6263404 3.7173507 2.7746959 1.5818633 6.640402 1.5762689 80.86269582337735 
Car -1 -1 0 682.7299212963591 170.528984385742 778.5962704591011 239.19496262473652 1.5784423 1.6779411 4.416477 3.0115614 1.5249965 18.810318 1.5513353 49.46874938714931 
Car -1 -1 0 455.5256481540414 180.42993007713636 526.4809451352986 231.56981531658198 1.4988581 1.5493021 3.9001698 -3.80197 1.7686164 23.712957 1.6101594 43.8399005334422 
Car -1 -1 0 669.5843935846884 170.40164526449516 730.256706779797 219.95001741482957 1.5517054 1.5818846 3.577074 2.9794517 1.4749049 24.389814 1.5645632 33.930848217559564 
Car -1 -1 0 414.86884817012293 182.1411623151171 496.99619476802167 246.48004511962395 1.4955748 1.4956346 3.3772564 -3.9412231 1.7615943 18.965631 1.5526115 32.21449450421807 
Car -1 -1 0 623.1873318087177 171.9373183005516 675.3598098311784 197.28075530997685 1.5369763 1.5942435 3.8314514 2.473857 1.4813831 45.826775 1.0973191 7.030081854900371 
Car -1 -1 0 592.3264393623062 173.50891457327512 621.2408039113445 192.66934173824905 1.5472751 1.5932226 4.09662 -0.26969033 1.6042395 60.587482 1.3526659 1.0698234418097832 

