Car -1 -1 0 0.0 195.18451804207984 322.97803696361837 375.0 1.5130866 1.6331418 3.979235 -4.7639894 1.8233712 8.022345 1.553439 114.79745772051834 
Car -1 -1 0 736.8668735770284 179.35833669791285 883.1145455593515 271.7911593887112 1.4664237 1.6302667 4.172285 3.6307073 1.6099302 13.830237 1.5670334 90.43270013302126 
Car -1 -1 0 271.9415663469367 186.98660033612177 431.8025732512271 283.83496612335745 1.4996752 1.6339688 3.8499 -4.6677804 1.8051363 13.665645 1.5765667 100.61609773711592 
Car -1 -1 0 374.1783951714962 186.25853651214732 480.78798532717605 249.88929131156692 1.4048632 1.6376626 4.288776 -4.638584 1.7980917 19.004086 1.59369 67.02740998156911 
Car -1 -1 0 500.89118465196367 177.85943304415508 544.498052615634 210.729230323763 1.4892126 1.5192257 3.361223 -4.1568594 1.7435405 34.938374 1.6309714 36.06691411753284 
Car -1 -1 0 812.92632905186 183.51643955759815 1083.8636811310562 343.24226973644295 1.4656154 1.6206911 3.6088877 3.7360232 1.6208186 8.683193 1.5898619 93.43289823307511 
Car -1 -1 0 699.5381317597715 176.62869877784757 763.4842512303771 225.69214081804262 1.5267718 1.5939498 3.669345 4.072686 1.6649998 24.57954 1.5812826 27.811431928444623 
Car -1 -1 0 708.5749516204244 177.65202955089063 801.7330442009786 241.15385704319627 1.4781208 1.6415914 3.901087 3.7182102 1.6178046 19.04844 1.5622033 43.80068503435103 
Car -1 -1 0 686.3961315412673 175.43988249620938 738.678618443756 216.9534938258613 1.5917153 1.6104109 4.088713 4.2030134 1.7064644 29.969452 1.5765845 4.647269274329094 
Car -1 -1 0 1080.5784690203368 169.91641268616243 1223.7086727600706 217.34254256339528 1.4694088 1.6461873 3.8748727 18.148476 1.378393 24.375362 1.4544542 3.2023752434134467 
Car -1 -1 0 516.0710494926053 176.08438001110736 554.9777623341428 205.74440813736047 1.5229404 1.5972977 3.8584404 -3.994783 1.7082407 39.43175 1.6071697 4.439423733526888 
Car -1 -1 0 583.7162052494424 175.62980072543058 629.3869657957356 190.1215816156555 1.4557028 1.634632 4.5835614 -0.28556103 1.7431314 73.775925 0.05317523 0.9365598953909442 

