Car -1 -1 0 204.7687115422751 179.08574629850432 380.4977982209472 277.6544219842453 1.6615479 1.7222655 4.30994 -6.1512623 1.8064237 14.605667 1.55456 112.81672185603554 
Car -1 -1 0 335.76165766900664 179.42484058472255 438.7205447778335 242.96197551805182 1.646715 1.7064195 4.2016363 -6.3963127 1.8593748 21.24415 1.579092 38.437230344930065 
Car -1 -1 0 521.8871023883985 178.91681414096956 555.8095692346424 206.79567616399777 1.4234514 1.758328 4.097187 -3.857059 1.7761004 39.862774 1.4993374 19.78604185623556 
Car -1 -1 0 1057.8038925664569 149.70468964299155 1242.0 205.33228842284237 1.478524 1.6251006 4.195054 15.596666 0.86323917 21.049347 0.6132071 47.385639939416905 
Car -1 -1 0 434.9286673626187 183.3635953084939 487.26196428512185 219.35695589671369 1.453517 1.5619282 3.6446207 -6.5242 1.9466099 32.028442 1.5741653 16.037507541742496 
Car -1 -1 0 493.83870538282616 180.04540983442556 526.4419882687822 204.74986872044255 1.493027 1.6673917 3.9761055 -6.4011574 1.9793648 46.786213 1.543999 4.632449055620656 
Car -1 -1 0 633.5746072546602 173.79890444059743 656.2280364190126 194.98244594225025 1.5105734 1.5852253 3.8519473 2.5934172 1.5832735 53.570107 1.5950387 8.420768787948363 
Car -1 -1 0 695.8656409278809 163.5471024716258 761.2043668360216 189.5298310582624 1.7594345 1.6491494 4.202119 8.171213 1.1292126 49.760162 -0.03657242 2.7962847135285434 
Car -1 -1 0 853.7847518183431 153.2094632138464 892.003288360114 178.54685298730746 1.9246463 1.6306354 3.5322607 20.609264 0.4324329 56.59596 1.543875 5.15545729611973 
Car -1 -1 0 715.2751553888194 167.8790752701724 779.4896839462867 192.69232204736107 1.5683938 1.682463 3.800432 8.841816 1.2539389 46.478035 -0.015791861 0.9390067295887636 
Car -1 -1 0 1141.9910131792617 144.12411502362502 1242.0 172.07591586351293 1.4551926 1.5713387 4.307681 31.117538 -0.042580336 38.550762 -0.07024142 0.5028475385678522 

