Car -1 -1 0 708.1008419105447 186.91625041510392 849.8462074163601 281.29126057351266 1.3531389 1.5576597 4.048884 2.8507836 1.6458275 12.984606 1.5592138 100.88942306653806 
Car -1 -1 0 678.7832844995507 180.21135426100085 748.2320669842721 231.01351569483077 1.3750949 1.568831 4.110757 3.0972965 1.6223468 22.187603 1.57734 63.11497680626339 
Car -1 -1 0 552.8930939692616 176.59949866671496 586.4917900595534 206.09627035459903 1.4271505 1.5632848 3.5289025 -2.0103605 1.6290911 37.131138 1.562321 23.956947061265453 
Car -1 -1 0 180.86852060609317 167.17805977817557 425.4918114209755 260.02774403348724 1.7150934 1.6445403 4.1390057 -5.9226103 1.6102489 14.239904 0.043684263 76.35557762090184 
Car -1 -1 0 650.0485723390518 171.0680537801953 689.9227179231024 202.76841911487247 1.7046121 1.7217009 4.264588 3.3731716 1.6085769 40.96821 1.5253193 26.285136996281498 
Car -1 -1 0 351.9761678443161 181.7059285751965 491.29415881885006 231.26256106691838 1.43821 1.5614858 3.8484368 -5.7188673 1.7217962 22.192753 0.07509683 25.250621231698553 
Car -1 -1 0 309.9313915266101 181.52170106312005 483.15890263910217 239.61512828020062 1.4741507 1.6270921 4.202203 -5.6993046 1.7209048 19.570015 0.076085344 27.655266361258573 
Car -1 -1 0 488.8669522328516 175.10397757103314 550.5124320830596 201.02060544400945 1.5445724 1.6493616 3.6761932 -5.4606223 1.6853008 44.1509 -0.08566015 19.310945870342035 
Car -1 -1 0 395.54786244309935 173.79213875824195 510.96791436630514 214.38946644022087 1.5429955 1.7014325 4.2784653 -6.092621 1.5814093 28.508242 -0.08857719 17.2476391656889 
Car -1 -1 0 223.53062628941595 174.00472420865145 411.7672777006907 248.94725046985542 1.6398332 1.5668018 3.7547889 -6.65507 1.6680381 16.75109 -0.08185421 0.8558570993423923 

