Car -1 -1 0 360.6952505329565 183.63113915338567 520.3158039582901 282.837099319971 1.4438026 1.6696969 4.4851956 -2.8691926 1.6763067 13.281824 1.6249679 136.3186557534073 
Car -1 -1 0 712.2718291277494 185.45922214193996 851.5132581295398 282.0892041461953 1.4636202 1.6148317 3.80342 3.0043 1.7301344 13.341874 1.5556569 85.6995731703998 
Car -1 -1 0 797.5315059607572 180.40952162799547 1230.9455677307521 375.0 1.5913873 1.6515085 3.994147 2.997261 1.679611 6.4186106 1.5824817 114.29697152050117 
Car -1 -1 0 512.0387580322247 177.22862566712286 559.9091382688046 218.9105497108224 1.5113692 1.4654211 3.178874 -2.8143945 1.6915259 28.107283 1.5957936 41.35731925558864 
Car -1 -1 0 685.4290410674174 185.56733558477868 776.9469218985345 248.2188429491154 1.3561873 1.6034936 4.3687553 3.01382 1.7242442 18.698324 1.5630406 36.145831530006205 
Car -1 -1 0 665.3354590271775 179.8809784528336 709.1071039463679 214.01032290067172 1.411695 1.5038754 4.1496744 3.4659963 1.7512542 32.78434 1.561164 20.892806476220347 
Car -1 -1 0 447.47767867375273 176.94617151870372 534.5815646814046 243.81419670033117 1.6034373 1.6150389 3.7512617 -3.0813193 1.7244527 19.436113 1.6041629 35.36220938735308 
Car -1 -1 0 653.7800478270975 175.5220864332617 676.6876272160155 197.25968322984474 1.520122 1.5262828 3.477006 4.034952 1.7213578 52.655804 1.6070218 7.992308555033005 
Car -1 -1 0 535.5310121286143 177.4065552059659 577.2346787985656 210.74636398058357 1.5175374 1.5916262 3.8128483 -2.5485992 1.7525966 35.313644 1.6169312 4.0298399677016254 

