Car -1 -1 0 664.4911552195579 169.49058008472159 809.2426286164151 277.36524000379814 1.677701 1.6447282 4.2090893 2.1573677 1.625392 13.38372 1.4929316 148.46381534685335 
Car -1 -1 0 264.84372838465623 188.66405524696032 469.6214416315842 327.0230159830453 1.4052796 1.5505828 3.604868 -2.952406 1.6544566 9.55753 1.5550922 123.26318866932071 
Car -1 -1 0 613.1890432157263 174.15804544274795 643.3074177555554 199.38106343187155 1.5683362 1.6378784 4.213046 1.1804743 1.6575856 47.23445 1.5162811 13.562195041872524 
Car -1 -1 0 181.33057548510467 180.4523723043508 383.52389185739827 251.3255982960218 1.4863718 1.6108316 3.855979 -7.2674093 1.668832 16.335533 -0.09833382 91.32471271973878 
Car -1 -1 0 285.13312660297163 180.3119269613803 437.0057383514474 232.49756344224943 1.4431276 1.5465493 3.920177 -7.166853 1.6700261 21.07753 -0.05215036 7.177505415620211 
Car -1 -1 0 676.6213613565424 175.9874111923838 711.4084724598254 202.45715831542708 1.4719882 1.4963315 3.539223 4.91492 1.6636999 42.34821 1.5313694 3.2578188883731602 
Car -1 -1 0 305.088075749656 178.30272286024646 435.60257189865285 226.13032087500744 1.497604 1.5597347 3.759836 -7.801311 1.6834897 23.707815 0.06909229 0.9645156053707394 
Car -1 -1 0 399.83390263714733 179.13237970347814 496.47857448847327 214.84801983245845 1.4626546 1.602136 3.912765 -6.854739 1.7410566 30.954916 -0.1258129 0.3250833749771118 
Car -1 -1 0 403.166703575744 176.6526132515594 487.1409360583451 206.8718998728622 1.4840934 1.5772982 3.8773527 -8.256647 1.6801174 36.435257 0.0053818827 0.5186103162057906 

