Car -1 -1 0 439.4289245175182 179.2363092460934 512.8487117961105 236.52962493914734 1.5748744 1.5871103 3.2853284 -3.8179932 1.4105134 21.402557 1.5707555 84.44492977511915 
Car -1 -1 0 256.1400224038699 188.83411118721347 448.70586556457476 304.63031163520924 1.448361 1.6121778 3.7705395 -3.6442165 1.5132 10.995262 1.5698264 107.9951940970011 
Car -1 -1 0 701.2365806495075 189.30418594687745 812.6690478334285 267.5335850405188 1.3817728 1.5240743 3.4381738 2.9092963 1.474632 14.602211 1.5633456 99.55478289128804 
Car -1 -1 0 0.0 182.31869191996438 222.81555379187716 296.4195905993932 1.5659696 1.6205571 3.7687283 -8.074532 1.5262098 11.769878 1.5458481 123.57232949018172 
Car -1 -1 0 651.2003484628019 181.51942763149376 704.8305890903307 220.44699743776457 1.4261084 1.5973792 4.069093 2.7224305 1.2906958 28.393507 1.5398635 42.13414161780146 
Car -1 -1 0 481.00355459946275 181.34837917166493 533.3402576125318 219.88555829195033 1.4840701 1.5642343 4.0658736 -4.061879 1.3351393 29.723 1.5796647 34.13014183009895 
Car -1 -1 0 380.65545712168216 181.36249594408275 442.1404047825254 217.11458476443525 1.4507606 1.6055226 3.8009944 -8.382674 1.294404 31.07454 1.5758774 32.75231259499606 
Car -1 -1 0 584.8317924915463 179.7668495033894 608.7583815874586 203.05072103547164 1.6252925 1.6710515 4.193308 -0.78994393 1.2449446 52.299824 1.5401696 9.525265288538245 
Car -1 -1 0 528.4786113902926 180.72935447911456 551.1702026021266 201.5376729601305 1.4529444 1.5534036 3.6238093 -4.8491316 1.1396847 52.056374 1.5002759 5.645203984940526 
Car -1 -1 0 622.2025548118642 180.77221731242332 645.7379816730488 200.77836201125095 1.519628 1.6025288 3.8001013 2.074853 1.1821098 56.52516 1.5421125 6.673412481598272 
Car -1 -1 0 263.72081848233256 186.38940013071903 369.45747094272883 241.53493679888612 1.4193797 1.5624242 3.5167582 -8.092556 1.4554602 20.3378 1.57336 7.598449816782889 
Car -1 -1 0 502.4925657599967 180.11566095467677 539.8599991223361 209.46834036850262 1.5797278 1.6954076 3.7769282 -4.8070216 1.3052496 40.585274 1.5602951 4.20064362339944 
Car -1 -1 0 427.0882027091006 180.9886424628878 468.4612098730548 208.41440188941914 1.4844846 1.5702423 3.9415197 -9.012882 1.2556851 40.89953 1.5458449 2.0853723768044143 
Car -1 -1 0 456.98807623755016 169.56059563453178 490.33524788403895 192.20571027671247 1.4910791 1.6495283 3.9200077 -9.114264 0.4602609 49.31324 1.5460651 1.1207751833861053 

