Car -1 -1 0 39.62629350319441 195.40834157584982 404.7930728431275 375.0 1.4246036 1.7314852 4.5256577 -3.6977894 1.7453191 7.968317 1.5358175 135.51726980831506 
Car -1 -1 0 359.374017564424 189.50344301610718 473.60208497407206 270.52891921365296 1.447413 1.523205 3.4489532 -3.9649653 1.8410369 15.329246 1.5644721 88.01969323946317 
Car -1 -1 0 646.4621419483318 179.36372744499988 695.4095142033622 218.00769768678416 1.4478198 1.6430225 3.9642773 2.4587643 1.733654 29.692474 1.5618783 58.37357039253675 
Car -1 -1 0 783.4872504230199 167.80469267660987 944.1312095449786 217.80315077040692 1.5062338 1.715417 4.4401226 7.900354 1.3541203 22.66793 -0.033310365 55.663182858597956 
Car -1 -1 0 356.46865788980693 189.26805249553587 442.7637558895068 239.2187332301031 1.3665758 1.4738988 3.85263 -6.574833 1.934 22.985092 1.6166188 18.112145713728705 
Car -1 -1 0 733.5939169382514 167.62001851651624 840.467424606364 203.09536900939642 1.5220695 1.675235 4.288014 7.7924232 1.2975054 31.901033 -0.049876392 22.24911838564497 
Car -1 -1 0 767.6939387325382 158.80186938069366 893.4674143220458 209.4237188788751 1.7398392 1.6661199 3.9607878 7.833471 1.2568767 25.769516 -0.07063212 27.03844246600253 
Car -1 -1 0 443.2502920843756 183.12395349474463 491.6773436316442 220.73353284215452 1.6005772 1.6037261 4.011934 -6.5975432 2.1112504 33.84735 1.538102 10.523422247701665 
Car -1 -1 0 1015.4940948073257 151.70590164525825 1122.1193570475896 183.56389152848283 1.5095499 1.6547966 4.193087 22.29945 0.50747424 35.119244 -0.049493108 3.7869238803686396 
Car -1 -1 0 947.4535010731659 155.8688986494731 1029.3063880992413 182.95716851909535 1.5262818 1.6212221 3.8492324 21.75595 0.5692603 41.53336 0.035545487 3.336412090258705 
Car -1 -1 0 974.7968570810759 153.77686667055053 1063.672536401009 182.69687010078403 1.5037504 1.5898181 3.8752458 21.775993 0.5117985 38.426388 -0.059469413 4.247252349042061 
Car -1 -1 0 481.8039411390012 181.96296963599949 515.6409692147329 207.9727836493503 1.5069444 1.559345 3.7584743 -6.86977 2.0989547 45.009285 1.5634385 0.9024992015683826 

