Car -1 -1 0 812.9173461483962 186.74665128826848 997.4532449185365 252.84120612659387 1.4112755 1.5608191 3.631853 6.7511926 1.7498052 16.683254 -0.06621233 100.21470511607959 
Car -1 -1 0 709.6302439951031 179.00958279639755 820.2465723187249 220.3535127563738 1.5770421 1.7279539 4.007827 6.12191 1.8298684 28.715996 -0.027886946 55.88703472049444 
Car -1 -1 0 896.7169977281741 189.1308271160742 1242.0 320.7127521250944 1.462504 1.6898345 4.360619 6.15908 1.6894994 9.15356 0.029542485 122.076285824783 
Car -1 -1 0 784.0682305000963 181.7732964402742 942.6942777547616 242.24664140749957 1.4954038 1.5804398 3.600352 6.5834503 1.7400689 18.942783 -0.033302166 41.594743991977666 
Car -1 -1 0 173.3473997370376 182.3472955780112 426.16787929174774 263.89915305561397 1.4429352 1.6132895 4.165207 -5.799244 1.637266 13.872768 -0.043940194 81.72206530207771 
Car -1 -1 0 42.507711191138874 182.00489474888104 360.33935950896984 279.3862085980639 1.4210857 1.6192999 4.1493964 -6.330423 1.57763 11.514282 -0.009376042 128.25127983055935 
Car -1 -1 0 298.67406918488166 177.2612022102975 475.2933493929284 240.97639053016735 1.5574023 1.6081843 4.048452 -5.637986 1.6760048 18.584625 0.014193933 70.34443919739441 
Car -1 -1 0 644.1831363131722 178.8179858973655 673.9840461334909 204.6342661168383 1.4462879 1.5448666 3.9025953 2.9303827 1.8202163 43.282463 1.5773919 14.178830320194619 
Car -1 -1 0 341.2397237796142 171.18467558327137 484.9279049725912 224.24110672226877 1.6587849 1.6830826 4.264387 -6.309251 1.6065941 23.522675 -0.058195315 33.65578348064081 
Car -1 -1 0 445.42714132046353 175.3522797993576 535.8187435630289 207.91178496050978 1.6161175 1.6477252 4.301367 -6.045844 1.7473574 36.933495 0.06913248 19.902131267331605 
Car -1 -1 0 333.08439038158497 180.1325841754744 485.71929651905737 233.20360899293033 1.4521344 1.579157 3.964866 -5.734388 1.6724868 20.920046 0.06872689 13.193503509307796 
Car -1 -1 0 392.7073465831769 177.45662332587727 506.3555859245472 216.13566831431788 1.4724464 1.622887 4.120323 -6.262518 1.6597139 28.512989 0.016008148 7.578756167352944 
Car -1 -1 0 576.1492655055062 178.30465430975445 594.5538191943749 194.75665775094808 1.4667826 1.5032306 3.4317126 -2.2335246 1.987668 67.21629 1.5994318 1.3102278540072443 
Car -1 -1 0 306.88088613950606 163.09205547740683 380.46652538583004 191.5357759234588 1.4713457 1.5412006 3.555047 -14.13399 0.96637654 38.52131 -0.25718215 0.30963054299354553 
Car -1 -1 0 457.1908750664074 174.30936696117186 526.433611296481 200.35011094695165 1.5537789 1.6054766 3.9132128 -7.162922 1.6445923 44.08991 0.067785256 0.9880952267917053 
Car -1 -1 0 463.1078006520041 175.6421302134459 536.1548693947499 204.932932584671 1.5830374 1.5728036 3.797469 -6.047183 1.7404978 39.948692 0.007391037 0.26387593150138855 

