Car -1 -1 0 724.9774515936119 188.5749321083285 901.3452855298987 303.34415141381555 1.3542248 1.5779854 4.021452 2.8797603 1.6394031 11.076855 1.5722492 102.47650258259765 
Car -1 -1 0 686.5916209273844 181.0168767244548 765.3451105376986 237.16761676573677 1.3726411 1.558447 4.0008755 3.1532726 1.6240474 20.221367 1.5699508 74.87916301374979 
Car -1 -1 0 655.7990629224167 172.06326647684938 693.8990716172057 205.18479530821855 1.6958416 1.6287845 3.8838396 3.4691887 1.6553553 38.90088 1.550913 35.544274397853314 
Car -1 -1 0 550.9778184453646 175.64369763389914 588.8471938356815 209.1137565749804 1.5336552 1.595437 3.7299712 -1.8882833 1.677197 35.250504 1.5844901 26.410622618665705 
Car -1 -1 0 107.84712153562239 168.62028482696226 402.01183055070504 274.488930088459 1.6805551 1.654728 4.2452435 -5.922247 1.6133492 12.359612 0.037302114 94.87561531641002 
Car -1 -1 0 277.3481213063544 184.4158321292916 472.41059096693635 248.64169130531954 1.466627 1.636026 4.226566 -5.6185255 1.7621195 17.608526 0.0067424374 42.778875228178045 
Car -1 -1 0 332.1475991846808 183.09256960485868 483.6251239108468 238.51267786431367 1.4565126 1.569423 3.794153 -5.614563 1.7585572 20.305513 0.10562172 27.634585368829175 
Car -1 -1 0 392.7129382714434 174.31173342704366 510.2604230482626 218.58354212726096 1.5734367 1.6665101 4.031164 -5.762434 1.6292107 26.656471 -0.058756035 16.836833541780504 
Car -1 -1 0 166.32361053549874 172.79432176402426 388.046547882962 259.5450069396889 1.671421 1.6038579 3.8288739 -6.6971455 1.6702712 14.857227 -0.08164958 7.145340793146834 
Car -1 -1 0 530.4029866750732 165.43532057642472 576.7548648345396 181.70883011541835 1.5418489 1.5994778 4.3871613 -5.348651 0.8389588 69.270615 -0.049755946 2.385698636588966 
Car -1 -1 0 641.395522528866 174.4985459851617 659.5246573435128 189.48131413216015 1.4570665 1.5861022 3.9507856 4.143096 1.6273916 72.674904 1.6881821 0.36693087220191956 
Car -1 -1 0 700.891179428827 173.86122255594762 753.8344224146929 192.98939460150345 1.4928284 1.6067894 3.8784156 9.346135 1.5742917 57.385628 -0.088678986 0.34157422184944153 
Car -1 -1 0 692.9522703562167 169.99876078395684 738.8590367892104 184.29425026401378 1.4548283 1.6208397 4.491896 10.918066 1.1642549 74.25492 0.0065991823 1.0857968685344013 
Car -1 -1 0 485.1111288305864 175.34830859460982 552.878103774781 202.3809500384643 1.5425622 1.6430097 3.8720489 -5.270917 1.6922841 42.33215 -0.082636416 0.29226863384246826 

