Car -1 -1 0 661.4857216005053 176.2469292604924 727.7592395243781 226.342337178334 1.5714802 1.6531653 3.870205 2.845563 1.6977258 24.874508 1.522408 85.03850792953573 
Car -1 -1 0 350.2117372359397 191.53951474935758 440.8000101549255 249.17898069230998 1.4701371 1.5652308 3.490405 -6.2140284 2.0677238 21.311459 1.5958284 77.8324582482614 
Car -1 -1 0 404.59952705999234 189.05998211290827 477.12804681796126 234.46576616700253 1.466029 1.658487 4.140519 -6.179553 2.1164527 26.872314 1.5908295 57.75939845260369 
Car -1 -1 0 458.05847358849576 181.9341408286999 506.1900498640946 217.8561385322783 1.5895779 1.6358907 4.259625 -6.136445 2.0588143 35.148445 1.559861 24.556465018508067 
Car -1 -1 0 17.72388465007667 201.2068371881006 129.16382055337658 247.08816448045144 1.5243291 1.6272209 3.6445382 -20.69984 2.6981478 28.048641 1.5695142 42.70104975873433 
Car -1 -1 0 0.0 203.48992296276165 76.96432636832428 248.24340652952284 1.5033778 1.6514119 3.8002818 -23.442272 2.8104124 28.840614 1.5157547 8.199587624043879 
Car -1 -1 0 629.0680462500803 174.86039136592623 646.785372495256 189.502474639411 1.4513491 1.6515746 4.045224 2.9400887 1.6633976 74.173935 1.6520822 4.1659271074446975 
Car -1 -1 0 486.1905769440204 180.73891516097083 520.9434972334288 209.66769902104605 1.5613749 1.606281 3.8338606 -6.1159906 2.041131 41.95371 1.529941 0.8693752979826138 
Car -1 -1 0 564.6847599122184 178.07217363543597 594.9355364292071 192.68833429557867 1.4597919 1.6538928 4.150689 -3.0948272 2.0248055 75.89279 1.9420751 0.5780873623281544 
Car -1 -1 0 532.2128062654504 181.8612365069732 553.7945192617451 198.67925407567236 1.4720654 1.5944736 4.132028 -6.1910706 2.3399854 67.451706 1.5813415 0.8316862724794569 

