Car -1 -1 0 377.460550840312 184.6914277656156 484.564738747596 253.31962578297532 1.5119481 1.6779563 3.9230046 -4.45115 1.8491645 18.568092 1.6018133 98.56440563189113 
Car -1 -1 0 758.8851821697536 183.23071926841564 898.8249524028593 277.2446046256872 1.4673607 1.6240141 3.8734303 3.962729 1.692249 13.667053 1.6145691 98.87936370398546 
Car -1 -1 0 827.9177392834578 180.55109765939713 1119.9253800849485 354.9578984586716 1.5849762 1.5849882 3.4173174 3.929691 1.6937165 8.452193 1.5275862 119.64234001778685 
Car -1 -1 0 442.6794335303033 182.33803136092473 517.735004053709 231.94652492638525 1.4781156 1.6176962 3.9536893 -4.254094 1.8239138 24.289309 1.6264329 39.2100422455168 
Car -1 -1 0 725.2872794871837 178.9668200506561 812.390902874799 242.04828427083058 1.4798281 1.6189733 3.7578857 4.1242347 1.6586936 19.204544 1.6085703 50.42747618009338 
Car -1 -1 0 481.0318877214002 181.79828727399354 537.256457741691 220.5848251466191 1.4211646 1.6054273 4.2980256 -4.037417 1.8150592 29.60674 1.5963718 22.495892541314014 
Car -1 -1 0 543.0435361957291 177.4748831808146 576.0498752861116 202.4062418752485 1.488391 1.5689802 3.6647735 -3.1245763 1.7929025 45.661774 1.6471007 14.702426959563025 
Car -1 -1 0 701.9207354805487 177.5896644429098 767.7850695892622 225.734064758101 1.4600008 1.6086793 4.1161923 4.136574 1.6335723 24.367794 1.5964224 23.38366686907505 
Car -1 -1 0 689.4940998835265 178.20176217071207 740.4283600007519 218.31672898529766 1.5017397 1.613339 3.7146697 4.226651 1.7334466 29.387081 1.5940585 0.5014303103892348 

