Car -1 -1 0 751.6331954853504 174.8691860114649 1013.5159095220007 354.01695244460285 1.6968906 1.616967 3.9895995 3.0098252 1.7273825 8.898753 1.5397757 139.94274019744628 
Car -1 -1 0 705.3873174309329 176.40348597256494 780.0571484490221 209.46833520063234 1.4597132 1.4950167 3.561764 6.248186 1.6372386 34.17572 1.03005 55.89427323581596 
Car -1 -1 0 227.5149145046097 183.5616366872434 444.1904245870106 256.3313617085209 1.4695859 1.621717 4.1158457 -5.8662214 1.7167308 15.746269 0.047511693 45.63711464518533 
Car -1 -1 0 622.9520402890387 175.45264629738594 657.2161428869673 200.73523944840483 1.5510557 1.5736643 3.6068664 1.9296544 1.7255459 46.55211 1.4285705 23.350079652383222 
Car -1 -1 0 135.38947527259592 174.46555740303114 363.7191322100106 270.81076129681406 1.6463038 1.5754614 3.401824 -6.476593 1.6777105 13.209751 0.038093157 32.22791796833787 
Car -1 -1 0 244.3944055742893 181.93888317752345 428.6814645499433 243.86265335258247 1.4739869 1.6065445 4.0594006 -6.8186855 1.7148023 18.27528 0.023487756 15.234858211472456 
Car -1 -1 0 345.6735805907443 175.0319556948996 467.8299895571104 222.45821975949656 1.6037169 1.6430972 3.816546 -7.059413 1.6828557 25.348354 0.025380386 20.232545658912343 
Car -1 -1 0 0.0 170.76595107950322 311.3450704346806 287.80253552297086 1.595876 1.5586181 3.6157694 -6.5257034 1.5674039 10.63508 0.009476971 21.1072634681394 
Car -1 -1 0 520.3710641074073 176.97876287039796 543.5821318727857 195.5308592544552 1.4801544 1.5877274 4.0001144 -6.5476785 1.8388231 60.62474 1.374145 2.34658501246794 
Car -1 -1 0 609.5162767072317 175.15085807215763 633.0492692988018 195.57865112847156 1.5153443 1.5912366 4.0822716 0.8782054 1.7004087 56.063347 1.5282724 0.6514275143403512 

