Car -1 -1 0 694.2270417505475 183.00403279921747 785.9814508734972 247.10457844225442 1.3904018 1.5821153 4.157317 3.1949182 1.6783354 18.388905 1.5697253 101.87783035669146 
Car -1 -1 0 549.5119711637724 177.89883740864772 584.4977657402802 211.67195985399223 1.4510012 1.5292617 3.669423 -1.9412804 1.6977332 33.422935 1.5277326 33.18881427545829 
Car -1 -1 0 746.3297273770019 191.55749517705965 974.4503830063442 337.9044910123267 1.3592923 1.5759856 3.9859366 2.887574 1.6501613 9.217466 1.5845158 91.21490474292881 
Car -1 -1 0 657.4264602955377 174.43254154695236 698.1833492123181 208.2120685200635 1.6287966 1.6348935 4.1662235 3.449056 1.7145121 37.08364 1.5543339 47.0625227657851 
Car -1 -1 0 13.185455900409702 168.68075552393262 370.4097459678313 295.57964428795043 1.6890819 1.6666588 4.241718 -5.8732123 1.6335341 10.48127 0.020807102 136.4470957311912 
Car -1 -1 0 241.5799208128394 183.4893576715848 457.2715822525664 256.602517103678 1.47444 1.6194481 4.1048574 -5.5473323 1.7187514 15.691426 0.036199376 66.58186845959702 
Car -1 -1 0 307.9949664271743 183.21868275076793 474.3043061534994 243.86309415159909 1.4423006 1.5508894 3.7580361 -5.5091767 1.720592 18.42828 0.092114076 33.93965833212592 
Car -1 -1 0 480.9678757365035 176.62706624859413 551.56500981843 204.49794331167487 1.5173594 1.6764504 3.8207502 -5.1885424 1.7340375 40.48767 -0.05853641 31.923975055994013 
Car -1 -1 0 373.45668379373785 174.3877751098197 500.519104907862 222.63892231549497 1.5848336 1.654139 4.0142875 -5.8278975 1.6394229 24.720476 -0.06729119 25.64043672451754 
Car -1 -1 0 112.95532153566741 174.63934728987272 363.03516390579216 271.9738130365665 1.6380426 1.5760432 3.7019708 -6.5699625 1.6725175 13.053948 -0.049664363 2.154867888306737 

