Car -1 -1 0 712.8132139301895 180.81558634795547 926.0199661976204 326.62555368102386 1.558886 1.5784264 3.2755892 2.5714207 1.6840066 9.620583 1.4537235 113.80512804516067 
Car -1 -1 0 575.707704273793 183.97406358812825 628.6566788321103 225.13919225738036 1.4653986 1.590036 3.6134727 -0.3535961 1.9359753 28.625223 1.4140654 91.51399561185725 
Car -1 -1 0 215.91244574035596 196.3512262487428 359.97262718922406 304.37495018739247 1.4372865 1.6237631 3.8202362 -5.3845577 1.9122968 12.538687 1.332966 59.71139995673031 
Car -1 -1 0 553.2714174586314 183.9493928823705 587.1186327168099 213.13179568584505 1.4402018 1.536896 3.3449998 -2.1483507 2.0626044 38.712334 1.4319303 32.83410122002623 
Car -1 -1 0 634.979970805371 175.00824293477993 747.3636317124336 255.64717392662146 1.6340543 1.6014805 3.6328363 1.7556077 1.6895388 16.654072 1.3920679 95.49419139358707 
Car -1 -1 0 308.5107605991132 192.3105121241253 403.85576672329586 263.8905325552635 1.4902861 1.5827041 3.642962 -6.18827 2.0269322 17.9832 1.4230489 30.10751013711053 
Car -1 -1 0 410.19518697160106 188.50040303055582 452.8181384312549 225.03128510344433 1.5240834 1.6798332 3.6842105 -8.26784 2.2981718 33.73887 1.3993077 8.494153111630553 
Car -1 -1 0 534.5066644146269 181.98261445835288 561.9085191738044 203.63785976555872 1.523469 1.5670056 3.7060533 -4.657511 2.2368977 54.410324 1.3488419 0.7290056664675767 
Car -1 -1 0 658.8147232019696 179.44896468000292 762.302246903801 221.71164316105853 1.5861921 1.5710163 3.7500331 3.9692435 1.8576376 28.566029 -0.19392845 0.8675305881417158 

