Car -1 -1 0 757.5258500119219 180.73883655906397 903.3474411318465 277.1635996792498 1.5592594 1.5833969 3.5283775 4.035588 1.7291695 13.754766 1.5319109 103.45891087601619 
Car -1 -1 0 727.6011846562939 182.0344174744691 817.8525306244966 247.18648687252835 1.480697 1.6400245 3.9069545 4.159932 1.7470207 18.944975 1.6136662 55.44172803265014 
Car -1 -1 0 842.5017776952561 192.14675882194214 1181.0500986927825 375.0 1.470963 1.6060767 3.9547403 3.9858181 1.7378671 7.98897 1.5908661 93.15109959544706 
Car -1 -1 0 440.42808307164427 185.46266903444914 520.5316654916487 236.68854629365586 1.4810791 1.6302918 3.8358614 -4.160893 1.9321747 23.82702 1.6666939 60.0413846113765 
Car -1 -1 0 557.52132952627 179.47555975519995 588.806422681168 202.13727759052304 1.503394 1.6786554 4.0303917 -2.5388427 1.9920187 51.163826 1.6579893 8.330791260116296 
Car -1 -1 0 710.5765680615389 180.99015375111165 770.7450795257465 228.5518512125906 1.4417665 1.5735669 3.6042786 4.3471766 1.7371318 24.34877 1.6293552 21.94516258786434 
Car -1 -1 0 487.9018735763673 181.91825592468882 545.0217718651091 223.25845808512213 1.5392566 1.5631311 3.8966506 -3.7640638 1.9381635 29.749374 1.6509402 11.0211956772555 
Car -1 -1 0 507.9625239238951 182.32058583322552 555.434013026212 216.01421952182602 1.4894612 1.5127128 3.6906652 -3.7078 1.9724336 34.89318 1.6835409 4.4931434560693395 
Car -1 -1 0 693.6001411535757 179.84993684484985 743.5321292145928 219.6865332047425 1.489818 1.5538075 3.854198 4.406421 1.7957954 29.612457 1.5946226 17.168641127332215 
Car -1 -1 0 685.914470068125 180.41705447849756 720.8741134892557 208.9584291397446 1.486079 1.5406587 3.565866 5.199313 1.927453 40.314034 1.585917 1.4990210901952052 
Car -1 -1 0 936.873999210306 175.79178375659566 998.7402743281352 204.4908904706226 1.4845138 1.5857728 3.7312067 19.573414 1.653327 39.5844 1.5857096 1.0232064589425736 

