Car -1 -1 0 682.4600747799859 197.15291419729988 898.0643686828972 332.9878174087042 1.3925748 1.5705593 3.8910644 2.2766414 1.8037386 10.16828 1.4210409 122.31548235296734 
Car -1 -1 0 565.0835597837324 189.21425743793534 625.4327904116385 236.79164517061835 1.4377537 1.6233476 3.9029183 -0.5764225 2.0571008 25.264774 1.4217645 65.27727219781929 
Car -1 -1 0 384.18278854163424 191.07303473586992 426.0348951126561 224.4073900703768 1.6215398 1.6754868 3.995491 -11.127146 2.6714153 39.483856 1.4311478 29.981763133156274 
Car -1 -1 0 0.0 202.94368970221194 250.5216778733401 365.0713471001538 1.5916424 1.6472087 3.6637816 -6.278922 2.0807676 9.769857 1.3704445 108.06014662446292 
Car -1 -1 0 1079.3487088520085 171.22527492930726 1193.90761958674 254.73884757401518 1.4011483 1.6116178 3.8688164 10.253715 1.3738223 14.152281 2.1818397 47.37592879487834 
Car -1 -1 0 552.1995756264291 186.51768299099956 599.8816636939182 225.73596613704504 1.4890491 1.6063081 4.1306896 -1.5065958 2.1184177 31.069702 1.4141364 15.57396055619685 
Car -1 -1 0 779.4127806860686 171.1890600471628 885.3328802820672 218.29262444551966 1.5614848 1.5508302 3.304719 7.836915 1.5062919 25.413908 0.5209185 35.26819020610344 
Car -1 -1 0 407.9852306642383 190.28469252016825 442.04093459356704 219.03565724454288 1.5929437 1.630723 4.1027346 -11.38998 2.7254422 44.73073 1.4237742 6.922576270856469 
Car -1 -1 0 975.7535744683455 167.16280619748207 1084.5256251046762 210.26301022906367 1.4768925 1.6605978 3.9476616 15.425575 1.2818751 26.716524 1.5483578 4.153271065570798 
Car -1 -1 0 709.7974850210418 180.08689427947232 806.6499324881383 221.77782077406476 1.7055337 1.6441375 3.8624346 6.5231566 2.0399024 31.720388 0.4909888 0.3706277012825012 
Car -1 -1 0 764.1033811625256 179.23611076533956 867.6136700108292 220.51947413834893 1.4762001 1.5343106 3.575921 7.942738 1.736167 27.836096 0.5205588 0.3304557204246521 

