Car -1 -1 0 672.7472138474251 177.4712097284725 758.5742689352758 251.89396736935768 1.6823748 1.6756117 4.16209 2.620192 1.8152266 18.665863 1.5879078 97.44359308081167 
Car -1 -1 0 755.8054942311866 192.02819231347652 1054.9257852741011 375.0 1.4483533 1.6090498 3.6766424 2.747229 1.7001288 7.6244254 1.5559562 125.3299506059828 
Car -1 -1 0 233.07971297465738 188.71429307268602 424.74745323311555 259.4894545158903 1.4636452 1.5577357 3.666607 -6.1583695 1.8350425 16.08957 0.015141837 47.811272468956005 
Car -1 -1 0 658.0388375376631 182.87631839117898 720.8905967944899 232.55456895603248 1.4933732 1.6255652 4.2597294 2.6424198 1.866111 24.69414 1.5575742 29.517542567499444 
Car -1 -1 0 269.66261651684744 182.29848992981974 447.24386433798907 246.92467698611966 1.5622177 1.6737286 4.0482416 -6.387722 1.8197007 18.698605 -0.068030484 33.54672118297412 
Car -1 -1 0 632.9690072764021 179.99249830800218 659.6562376446271 204.28280147003997 1.5016651 1.553417 3.746451 2.389337 1.9910216 47.58614 1.5664841 6.219496734033726 
Car -1 -1 0 17.508902948214125 164.6784870120982 350.38773054015167 295.3617608647176 1.8474323 1.7061194 4.093645 -6.3251543 1.7318573 11.058799 -0.0027207118 85.36235539856024 
Car -1 -1 0 643.2342448938856 178.8879160166469 688.9760410381766 217.23836045719824 1.6646292 1.6626663 3.5774927 2.5882435 1.9620287 33.729515 1.5131893 14.529273808129679 
Car -1 -1 0 473.8068638139334 180.7627983568517 543.6656016155847 205.8775120396854 1.5128744 1.6276845 4.08286 -6.2420692 2.0151093 44.92431 0.040461525 4.050506827918485 
Car -1 -1 0 131.90761587804693 186.93003138259354 385.96833051377064 273.64004815436556 1.4958676 1.5820171 4.0086193 -6.4548764 1.7780874 13.598054 -0.03899345 2.4109812758513423 
Car -1 -1 0 369.37480694925637 182.4178564004194 479.0428083219314 223.31779316107173 1.5029322 1.5954535 3.898832 -7.099485 1.8857176 27.920597 -0.0839427 0.636742115020752 

