Car -1 -1 0 0.0 195.2846091723226 336.8814609726325 372.7218348555315 1.4873958 1.6957607 3.9182572 -4.7900543 1.8131726 8.512566 1.561558 129.07488972225377 
Car -1 -1 0 472.3833553297045 181.34645402387125 525.1224935595974 220.7300655005997 1.4887831 1.5062277 3.3380928 -4.5038614 1.8585966 29.7155 1.6209219 62.704470910654386 
Car -1 -1 0 260.0397379142024 191.00668354942445 431.2116217324821 286.07053893358244 1.4293511 1.7046657 4.354104 -4.8114905 1.832875 13.860217 1.5683116 96.81739094804192 
Car -1 -1 0 789.6265741005686 188.53830570052284 1082.633809547072 354.5597055453447 1.4401666 1.6263311 4.1850767 3.54023 1.6761833 8.756825 1.5604424 101.56454655659314 
Car -1 -1 0 733.7057756975327 183.2943722922542 875.678030238798 277.5024585306769 1.4967977 1.6477847 3.8762074 3.5527258 1.7251868 13.8395 1.562889 63.34302623475913 
Car -1 -1 0 713.1461179232205 180.81299295641443 798.3676951647809 243.82810178153844 1.4909247 1.6066862 3.7161603 3.8238254 1.7257799 19.41795 1.5901848 52.77852652012393 
Car -1 -1 0 496.1655393719411 179.99791702812956 541.9356737848591 213.70499032024887 1.4809666 1.5304966 3.6527982 -4.2535095 1.839636 34.359314 1.6268766 18.636140215559717 
Car -1 -1 0 687.8885732849667 181.11610347416 736.5980010675659 218.99678662445513 1.4658813 1.5165143 3.379717 4.26492 1.8330896 30.36641 1.554121 10.561590170949666 
Car -1 -1 0 695.6804847271511 179.38305818023485 762.2068844485119 228.33743975875927 1.5177308 1.6161747 4.0172615 4.0305805 1.7614238 24.91875 1.5663457 19.420456641627585 
Car -1 -1 0 620.007361574583 176.12958436773448 665.2466599397728 192.852529835213 1.5542202 1.6825874 4.228525 3.12674 1.868745 68.35315 0.04217147 12.131766352950457 

