Car -1 -1 0 729.6919292538653 194.70953732018336 938.3675750239819 352.8943375954248 1.5606482 1.5672085 3.6405077 2.6787386 1.9023602 9.452625 1.5599561 86.41212582910762 
Car -1 -1 0 230.58189216897145 209.97930690125918 444.67680428595907 353.03404340788495 1.4790679 1.6799055 4.046852 -3.6769562 2.127384 10.55967 1.5499668 127.65888762299646 
Car -1 -1 0 377.8267207972907 207.64080764490373 490.56650570985136 290.19127051166447 1.4302042 1.6221719 4.00476 -3.7835712 2.309185 16.215675 1.5537825 70.72034029617042 
Car -1 -1 0 682.5174702381066 196.93866941278603 800.518249838938 286.18121992769005 1.4768777 1.5824137 4.3732524 2.6295571 2.0628462 15.3442545 1.5393574 76.0692252894448 
Car -1 -1 0 470.24433971974287 202.65804932501317 523.7420095066801 250.3135336183967 1.4523661 1.5288292 3.9718654 -4.0651016 2.631956 26.53695 1.5229756 25.134805141843678 
Car -1 -1 0 668.2100181022039 193.97945493954822 745.1811247777338 254.85345687691273 1.5126221 1.6128614 4.2618513 2.7923617 2.2073946 21.576706 1.5421085 35.518720990393184 
Car -1 -1 0 655.0086606376811 193.19242028086774 710.430155552171 241.8497417620994 1.6068999 1.5705042 3.7123528 2.6976209 2.4294944 27.294905 1.5281787 22.128641018470034 
Car -1 -1 0 626.5817668742576 195.7694941378815 660.443005366011 221.2596456055604 1.5184584 1.5488776 4.0302234 2.2557387 3.13758 48.875046 1.4253643 6.084950455981046 
Car -1 -1 0 435.34728835204976 203.71914878159606 503.8073759182863 262.90261499137 1.4940782 1.4915464 3.4512093 -4.143335 2.500655 21.783997 1.541292 13.354138270690129 
Car -1 -1 0 829.9326095479087 174.2028782976535 923.5864238967564 206.46121945591602 1.4846144 1.5930346 3.9281855 12.651689 1.5507972 34.34881 0.13499913 6.580184016353581 
Car -1 -1 0 552.9211154145353 196.73588734883776 591.2128693601127 213.14175807630002 1.6090982 1.5942992 4.011571 -4.0474176 4.262481 78.25269 -0.7113761 4.512846248953084 

