Car -1 -1 0 747.7424296340296 185.6858020284991 972.694735817525 333.07383951940955 1.4770774 1.585588 3.3830647 2.9580705 1.672395 9.25715 1.5255677 105.34589844892453 
Car -1 -1 0 133.51760498935604 172.86054722072075 381.8871693759817 264.857344038098 1.634119 1.6938477 3.947033 -6.579788 1.6342542 13.8617325 -0.10284991 91.5106253046655 
Car -1 -1 0 403.63230036814815 172.19445841497034 506.47588583228395 206.9593069765971 1.5308697 1.6927919 4.2905846 -6.925603 1.5018266 32.626617 -0.0034125433 33.432959922248905 
Car -1 -1 0 709.5366328947645 169.71132967677272 843.109037576015 218.45509563292725 1.758925 1.7306693 4.5736732 6.176269 1.6455212 27.020947 -0.052509144 51.28032643949889 
Car -1 -1 0 0.0 161.51294462447692 316.4843509779566 316.32783894318726 1.7565141 1.6038702 3.8536437 -5.918789 1.6278396 9.028297 -0.02078277 114.07106012572449 
Car -1 -1 0 769.6441538097608 175.18125600822358 942.5897858469444 239.11525150041078 1.6008022 1.6802297 4.078457 6.431105 1.6660554 19.186588 0.10253729 42.91825011639907 
Car -1 -1 0 809.4500229043007 183.90982726473027 1007.5324667226565 249.6419698004932 1.408067 1.5776176 3.9024363 6.757427 1.6753249 16.592136 0.031543553 39.21387243666763 
Car -1 -1 0 438.0821456885905 166.01247536327648 523.1686100328811 200.76104242374092 1.7612742 1.741712 4.2741632 -6.6680126 1.4145029 37.68148 -0.11456475 23.945756781375703 
Car -1 -1 0 519.2331900771172 173.51069018221696 543.8008752077901 193.46963563481427 1.5112276 1.6144841 3.7552388 -6.095552 1.5645174 56.654915 1.5453913 4.883468920109052 
Car -1 -1 0 334.3885620492983 176.16007613270799 456.783869129576 222.43801872933656 1.5628084 1.5910075 3.879123 -7.460275 1.6835115 25.420576 -0.06638662 0.8526583797942628 

