Car -1 -1 0 345.4882622846033 172.83721943385615 476.1524892182974 258.8615869428991 1.5097208 1.6826961 4.014524 -3.8642237 1.5094262 14.698551 1.5356045 131.57086766958145 
Car -1 -1 0 684.9848413112335 163.96684663071886 810.0689962139211 258.3623983600103 1.5525334 1.5714445 3.680997 2.4683325 1.4063654 13.731498 1.5393503 81.28067816575405 
Car -1 -1 0 657.8780605098707 164.02666105787452 745.7960904788009 225.85167074292988 1.4880685 1.5920928 4.382597 2.3761413 1.2756028 19.599983 1.5135347 58.62323477270362 
Car -1 -1 0 748.9696223461838 171.02069878004892 978.1093164326818 318.4153505632903 1.5093144 1.5836097 3.279979 2.938797 1.4905415 9.068518 1.5172672 93.59693537035595 
Car -1 -1 0 418.18265474785284 169.1163674266721 503.37580741814315 227.25793930900525 1.4811507 1.5970595 3.9192805 -4.078657 1.3859348 20.341509 1.5698345 42.64680043215755 
Car -1 -1 0 648.9808873870527 161.29458531734593 710.775539803605 206.64320824089754 1.482806 1.6284987 4.133959 2.4170187 1.104837 25.692863 1.5277895 7.178222751619764 
Car -1 -1 0 641.0292214683149 161.2067758398204 686.564302981752 198.25773909953801 1.5211573 1.5899452 3.665106 2.3095713 1.0429709 31.482231 1.5362515 1.4431648347473884 
Car -1 -1 0 577.0686949950095 162.06984891642986 603.2702717287507 179.39900647452117 1.5696595 1.6266174 3.649293 -1.8374543 0.59284043 67.33045 1.3049802 1.4050701469937243 
Car -1 -1 0 479.31306330927606 165.83524122613252 524.5230546920826 203.0186661369171 1.4832933 1.5044805 3.7438393 -4.5178843 1.2033061 30.683182 1.5313332 0.33243370056152344 
Car -1 -1 0 0.0 113.28088177647072 145.44987122684606 181.19001746640384 1.5363679 1.5463158 3.827332 -13.464108 0.18859294 17.259363 0.086385846 0.25555965304374695 

