Car -1 -1 0 303.41523061136365 187.98456110870117 389.0878500020447 233.21146263336865 1.361865 1.5878131 3.7121446 -8.511729 1.460618 23.757387 1.5381494 22.928072683058456 
Car -1 -1 0 449.43741206921 185.3403034188011 511.9227027895381 227.88082693353522 1.4266279 1.5249311 3.5583715 -4.485472 1.4314332 25.920095 1.6020892 39.88413327243867 
Car -1 -1 0 333.4902831906589 191.24230412038554 461.9464202101238 272.00325206363567 1.4133673 1.5899838 3.7930021 -4.1347513 1.5532395 14.7747 1.5543582 89.80304968198199 
Car -1 -1 0 125.96151411588374 182.70773292447274 303.42087784877737 266.4205842476306 1.600327 1.6598157 4.0911484 -8.368525 1.5523826 15.78891 1.5720811 91.18490421210821 
Car -1 -1 0 398.15602393136993 179.6418771707116 450.58532952734345 213.70469274755095 1.5439081 1.6156831 3.7491226 -8.697691 1.2912729 34.469948 1.5543844 20.061869168906867 
Car -1 -1 0 93.47385591972017 188.94409093484754 215.55410013295096 244.08875144198936 1.439677 1.6149763 3.8047652 -13.076929 1.559143 21.035648 1.4277098 16.154348471465404 
Car -1 -1 0 485.596169960774 181.20037850822683 527.7221403462473 212.3781845039761 1.4805572 1.5482625 3.800231 -4.9853377 1.2898796 36.043774 1.5798843 19.233777235356776 
Car -1 -1 0 579.9742812619517 180.41242765447774 610.3296985407724 208.09040063844597 1.4636161 1.6052899 3.6055713 -0.6341444 1.2096183 39.817184 1.5722499 8.353630427919164 
Car -1 -1 0 377.61174701125896 179.30431043743417 422.28540294976125 204.46954942256113 1.4791254 1.5702002 3.6999936 -12.66495 1.1316745 44.12668 1.6036917 6.929965513970912 
Car -1 -1 0 514.2370339255292 180.69633881633595 543.720997196897 205.08079142323777 1.4694097 1.5768818 3.8799493 -4.9724374 1.1970726 45.368053 1.3909658 2.3545296518319527 
Car -1 -1 0 238.85865602967945 175.83792613384458 350.2380468304697 217.59370107138724 1.702878 1.7085277 3.9438248 -13.087654 1.320435 30.233017 0.03190609 4.787945639428052 
Car -1 -1 0 438.56116022062446 182.09453209425737 481.71180758318866 207.86158326065913 1.46936 1.5635598 3.6111183 -8.715417 1.2913762 42.85785 1.6555455 1.5151366823755184 
Car -1 -1 0 614.9649624844162 181.44339719411212 634.0261884001541 198.76342722613484 1.4903417 1.5904803 4.130267 1.5662746 1.1657454 63.957634 1.6203957 0.28293877840042114 

