Car -1 -1 0 457.4494179160046 178.1764930984628 519.1518701288222 221.73659902371247 1.5388849 1.5931439 3.434351 -4.581688 1.7561284 27.685976 1.6345261 49.29150135557018 
Car -1 -1 0 183.8991668308487 191.91490469826292 400.7216393657169 307.2970708796715 1.424918 1.6855652 4.3971972 -4.8791943 1.7964513 11.852728 1.5552716 135.3976868940881 
Car -1 -1 0 827.4260832553407 188.54187829538353 1242.0 375.0 1.436029 1.6283925 4.099903 3.4845495 1.6261625 6.6796274 1.5515382 107.24759546319788 
Car -1 -1 0 749.2034345121766 181.44826820457027 927.6563133490071 295.34936749814534 1.5196911 1.6779655 3.8322437 3.5205846 1.6836762 11.842447 1.5600293 83.76912210704558 
Car -1 -1 0 721.1103946049245 179.36774077458415 822.7095142017716 252.44127427409842 1.5296648 1.6489863 3.820999 3.773358 1.7038734 17.372347 1.58881 61.388752172822294 
Car -1 -1 0 698.3793685726121 178.40012214985833 774.2811460962047 230.46706660750093 1.4722488 1.6109197 4.0426846 3.9138675 1.6637592 22.875883 1.5479678 32.49732829383683 
Car -1 -1 0 485.1821289202725 178.4351172912505 535.6047733963185 214.02784559781202 1.4702852 1.563585 3.8107095 -4.381742 1.7355759 32.355934 1.6198444 26.593993210404342 
Car -1 -1 0 692.5079763462567 179.23373143566357 745.7525194753907 219.93354849558924 1.471696 1.5137856 3.2934334 4.233967 1.7364309 28.276768 1.5468708 17.221227429309593 
Car -1 -1 0 636.931548967711 174.50050437223948 687.7026346003651 190.47503370641283 1.4412018 1.6936808 4.591083 4.8160334 1.5945255 66.24107 0.044973567 13.810234101925206 
Car -1 -1 0 16.610357205315537 180.7208686273405 172.41788170142073 228.5434987877815 1.4846447 1.5884688 4.103528 -16.830334 1.7531854 23.672611 0.08096191 3.6038383094393867 

