Car -1 -1 0 846.2027342501154 175.11401719142705 1064.1587770090744 262.5841935983996 1.4603931 1.5833281 3.6165438 6.576184 1.5107794 14.117466 1.0871053 96.1678362718729 
Car -1 -1 0 646.0382113219796 183.4831779716162 708.9469369579535 225.94554706571327 1.3973689 1.5608635 3.532146 2.425209 1.8153695 26.523357 1.4420121 73.80232924937232 
Car -1 -1 0 315.7727432570355 193.12233843105463 462.2348173274775 243.7814015130087 1.4448067 1.6067928 4.009389 -6.6737146 2.0900679 22.116442 -0.025565173 50.631006273840136 
Car -1 -1 0 488.56177678502996 186.92234729530148 528.6231160073122 215.45216960165357 1.4576323 1.6745644 3.8999615 -5.649344 2.290503 40.75669 1.5824599 17.51878032910094 
Car -1 -1 0 214.92150965436207 192.74410832017867 403.2849307712069 259.6100797769254 1.4781212 1.6044846 3.8695807 -7.115469 1.9813027 17.365866 -0.044573747 21.078063091230064 
Car -1 -1 0 627.3604598081891 180.5496056745009 668.5054976225191 212.9256534963749 1.4817803 1.5373003 4.1113853 1.8649843 1.8896636 36.13434 1.493848 25.38306803761222 
Car -1 -1 0 155.61343658015568 193.98054378040362 375.9728972604895 274.08583175486734 1.5068867 1.6025082 3.810763 -7.000386 1.9729874 14.990712 -0.06757907 15.753419073538067 
Car -1 -1 0 337.87015122663183 191.49125123503947 461.0019471245336 237.77776923597827 1.4761 1.5512457 3.7166018 -7.063947 2.1291907 24.473648 0.018921074 5.0152423990423225 
Car -1 -1 0 366.12034658006905 191.33977991929095 475.47446070404334 232.943102493643 1.4580652 1.549302 3.6482635 -6.962036 2.1661787 26.825079 0.021697165 8.22303168903345 
Car -1 -1 0 382.04449715784784 189.41342477904905 487.29537458016136 227.003717276574 1.4358011 1.5778408 3.8538995 -6.9850044 2.1208148 29.053715 0.0027102313 3.7764449569328993 
Car -1 -1 0 0.0 177.6130111088045 338.2737826891117 323.7411812287388 1.8319907 1.6637946 4.1491995 -6.1409063 1.9036224 9.981755 0.022661427 0.2897648513317108 

