Car -1 -1 0 793.5214380944184 174.35006652969574 1222.768592784828 375.0 1.5152196 1.656436 4.196795 3.1837492 1.5338875 6.876416 1.5346415 112.40292257285928 
Car -1 -1 0 629.5343382310684 175.28749543220917 672.9639080782488 206.39798150135775 1.4695847 1.4971055 3.3340757 2.0410817 1.5973604 36.12271 1.4146465 14.21875313756896 
Car -1 -1 0 481.0721597807383 177.95017705511924 514.606902106044 209.4901421136327 1.5754461 1.6383818 3.6679325 -6.019476 1.8621006 38.62963 1.3798211 22.02786865399699 
Car -1 -1 0 603.7074351727397 172.28948404032124 643.4928582907552 201.2865112702354 1.6487491 1.5305327 3.5025733 0.79295003 1.6166509 42.907715 1.3349453 13.718182109694071 
Car -1 -1 0 576.3050266706746 176.64510102678923 604.7166270971193 197.67856829090812 1.5269076 1.6461375 3.684041 -1.486006 1.8263807 55.040813 1.3978233 16.168804439529012 
Car -1 -1 0 668.4463303450589 165.18659981552955 746.4555468220409 228.4086692556498 1.7403464 1.6699486 4.2219434 2.8723333 1.5292819 22.000534 1.536457 23.89335150880762 
Car -1 -1 0 556.4021844915369 177.47599183177388 577.9877456440904 194.8015606746465 1.4934874 1.5469608 3.4347918 -3.8395932 1.9215546 64.99882 1.393965 5.590070476531046 
Car -1 -1 0 268.86696296185926 185.19800981851193 361.6266385110096 223.46844552902238 1.4396644 1.6061343 3.9728775 -12.280064 1.983713 30.039976 0.58054405 0.40058523416519165 
Car -1 -1 0 657.6265121141151 174.4897492621718 718.0903176196977 218.36026824953248 1.5230938 1.5897691 3.8244936 2.8704014 1.5891349 27.164072 1.4947901 1.188256032208244 
Car -1 -1 0 541.443586712483 176.75443580681818 558.3844278398755 190.58180431708305 1.4789983 1.5948834 3.6131365 -6.646329 1.922689 80.16659 1.409099 0.29583442211151123 

