Car -1 -1 0 901.6907562403177 169.50034298159025 1043.8305509036218 241.0317203273401 1.385849 1.7886186 4.2396092 7.948978 1.3208752 16.232407 1.7666926 81.72921131009309 
Car -1 -1 0 391.42843607404797 192.2712675950746 519.5472006123382 269.9812982453911 1.4315739 1.5965929 3.8739238 -3.6061103 1.9280573 16.386124 1.0048215 118.12291498424783 
Car -1 -1 0 283.128628409351 185.15661597474158 343.5942078919305 226.75501641082246 1.4897387 1.6195557 3.9997878 -12.049353 2.0242429 29.222717 1.0132971 41.10941212233657 
Car -1 -1 0 805.0137560449507 166.36766570657437 888.1080772023122 230.11118834057902 1.4128863 1.5674642 3.4119453 5.7485 1.2691154 17.821522 1.7727675 59.4746320616167 
Car -1 -1 0 267.9269788551341 183.42686287913938 316.76323977167755 218.96095277227903 1.5137515 1.6487207 4.1243696 -15.098849 2.0476377 34.23932 1.0389352 15.386526304680062 
Car -1 -1 0 467.28854310981916 173.60787561722097 554.5667285327025 210.06767429618583 1.5934699 1.6145232 3.5980582 -4.436733 1.6287556 32.676155 0.16764507 46.133885690839364 
Car -1 -1 0 70.9559823199932 189.67410121113494 112.49022914513517 222.6617581815553 1.556497 1.6580671 3.7820418 -27.322107 2.493252 38.15135 0.98190135 16.90808915755274 
Car -1 -1 0 993.1513547241088 163.35860856327477 1204.254487106264 227.91869270219811 1.4400909 1.6234131 4.147403 12.199383 1.2282846 18.302677 1.066976 19.70885913220641 
Car -1 -1 0 415.3642460579686 179.67789295807614 499.0038099992467 211.5616225810709 1.6189878 1.6165924 4.0281916 -7.9562864 1.9854586 37.87995 0.03062122 3.917768674793449 
Car -1 -1 0 530.4872164363129 150.66282368661473 833.8671808710368 341.23089048069073 1.9893868 1.7762562 4.529669 0.69038606 1.7577276 9.927822 1.0219079 15.350524965920009 

