Car -1 -1 0 577.0324022894088 191.8671779880589 640.0062078222427 239.4008041147251 1.4676938 1.5456988 3.2737327 -0.09899038 2.1851003 25.4586 1.3496753 75.4125762052957 
Car -1 -1 0 687.0731323171606 188.59427902044493 879.7184763955725 319.9738779175349 1.566989 1.6134757 3.4498954 2.4105074 1.8442334 10.876922 1.409678 82.87727680661197 
Car -1 -1 0 635.5070998358945 186.339620867103 707.1480911174214 218.622967054439 1.5154803 1.600121 3.6769838 3.217712 2.2452092 37.219414 -0.7323507 23.409026887076035 
Car -1 -1 0 749.4480004544919 185.33465906379087 803.9318007836024 211.78813144590282 1.4759231 1.5123811 3.3428187 10.092446 2.2568882 43.487396 -0.70895684 18.596087041867047 
Car -1 -1 0 272.03117093465505 183.82386963256604 321.0921652230735 210.94541678251028 1.5252571 1.6658568 4.3283324 -19.37028 2.2362685 44.563217 0.88618106 5.139877292527886 
Car -1 -1 0 690.7451280113856 186.04785030210923 761.6496469105479 218.09007436230826 1.6327574 1.6824921 4.181843 6.579425 2.4097412 40.46391 -0.7361537 18.037953756496787 
Car -1 -1 0 519.4268389190266 187.94036896253112 590.4970545706693 217.37498715561557 1.5058014 1.6285108 3.8138893 -3.048689 2.3971992 40.741833 -0.74472713 17.62653388222061 
Car -1 -1 0 785.9753247635016 182.02707693811192 840.5965349792277 208.23490033856865 1.5619429 1.613704 3.7198994 13.048929 2.1717968 46.130203 -0.7279231 3.2770247708630973 
Car -1 -1 0 124.76502786252917 180.25793434266532 207.3146461005681 211.03217750909275 1.4951909 1.5422592 3.773428 -22.748793 1.8886939 37.021515 0.32076964 0.2582292854785919 

