Car -1 -1 0 243.35254403003736 189.3981877641452 445.50979151502963 310.66231588121525 1.4420171 1.5900751 3.7854168 -3.598113 1.5145397 10.571773 1.5705632 97.35506526315811 
Car -1 -1 0 698.8049270680644 189.66756749345197 804.8971245570773 264.4752229523054 1.3842368 1.5186086 3.3983326 2.9371362 1.4890493 15.214764 1.5568231 94.80223618070589 
Car -1 -1 0 436.4987534926539 180.82801303974696 512.3182825419744 241.11646006245596 1.6084641 1.5915916 3.3377743 -3.7631853 1.491403 20.849941 1.5678304 102.99325096051037 
Car -1 -1 0 0.0 187.05749773058224 187.49225267919806 314.06747769816405 1.5247171 1.6286036 3.7059782 -8.019434 1.5565842 10.560931 1.5404475 83.89417839060178 
Car -1 -1 0 649.7811109794402 182.5219711547821 701.5635978936979 219.56560594068813 1.44229 1.6244522 4.094811 2.7915845 1.33741 30.06594 1.5320129 47.75227771040843 
Car -1 -1 0 382.052394226708 183.4424222188518 443.1921963308443 219.6332411474575 1.4518692 1.5810153 3.6842165 -8.22827 1.3807306 30.688175 1.5806205 48.01643958960466 
Car -1 -1 0 479.73459283980935 181.41638754419924 535.6802104049898 220.85459472977524 1.4921439 1.5681373 4.062076 -3.9712896 1.348397 29.25767 1.609371 38.46340823988488 
Car -1 -1 0 586.1259733820901 180.79776169721296 609.4845113315413 201.56480485363332 1.481729 1.5463803 3.6888185 -0.7235943 1.1665092 53.17969 1.5079975 13.181500622447189 
Car -1 -1 0 255.8141570199712 186.29790086102003 367.06553372708186 243.3426988355347 1.4423993 1.5346415 3.3344336 -8.086866 1.4750307 19.958591 1.6409507 9.311340493983556 
Car -1 -1 0 622.7072225137069 182.00613228090896 645.442550202619 200.09531062481983 1.4444957 1.5933034 4.0087924 2.1913545 1.1881986 59.43456 1.5359504 4.204768633706878 
Car -1 -1 0 458.24961697928387 171.05645881775087 490.2316961970853 193.71247375793374 1.4799112 1.6047686 3.8017492 -8.998509 0.555017 48.885925 1.5333167 1.0994188081101484 
Car -1 -1 0 534.5225580409447 180.63057058211828 557.8884601108354 201.22030039515877 1.4279118 1.5707169 3.8273034 -4.427809 1.10993 51.843227 1.4576721 0.37607601284980774 
Car -1 -1 0 0.0 146.10704971810273 116.4530264855383 186.202313979416 1.4504833 1.6893399 4.219511 -21.468922 0.035691738 28.122953 1.5613127 3.7690495475174304 

