Car -1 -1 0 241.2803024183074 189.55316988053093 454.06282005565174 340.9161297630777 1.5500822 1.5954494 3.4988103 -3.203116 1.8117101 9.5413 1.5532641 113.92973649464498 
Car -1 -1 0 864.4117278683254 192.71592290515554 1242.0 375.0 1.4172324 1.5705129 3.9324214 3.7992368 1.6599581 6.8142443 1.6214118 126.12556132766608 
Car -1 -1 0 682.7029096377889 179.93271312647917 743.4424999167408 227.21854285131852 1.4485798 1.5966549 4.243985 3.4803703 1.7137753 24.888575 1.5980844 29.143157691716077 
Car -1 -1 0 737.5130576724893 176.24576410246434 901.1094963904828 288.16519982304874 1.5842564 1.6403549 3.7864861 3.3415265 1.6506824 12.229904 1.5611396 105.79303825879465 
Car -1 -1 0 545.0231264016868 176.69790559112303 576.0861785255546 204.20521760433053 1.529656 1.6244705 4.0214853 -2.8573332 1.7679746 42.71203 1.5558177 21.001243290348803 
Car -1 -1 0 707.2657057170884 182.28931088697917 797.2417778692217 247.3943757594505 1.4761095 1.5486387 3.7446194 3.5999608 1.7464557 18.789661 1.5550404 13.239186723519005 
Car -1 -1 0 674.9745888085569 177.11547312457816 720.813711566878 216.2809739016992 1.524388 1.5555539 3.3864622 3.6382682 1.7125968 30.160814 1.5876168 9.447129472694241 
Car -1 -1 0 467.86079217381206 168.7458429586811 547.083506551655 240.9348757684008 1.8753929 1.7434814 4.4943113 -2.84795 1.7686673 21.006489 1.5537121 31.979981009557058 
Car -1 -1 0 665.7652621232163 177.2662674588216 703.7383664428866 209.38077013168814 1.5383031 1.4856141 3.4880342 3.7906415 1.7741798 36.809746 1.5441604 4.2339331065303485 
Car -1 -1 0 654.7799700318577 175.6001274629821 689.9827536583924 205.0317720547554 1.5926617 1.6153533 3.8604617 3.5536969 1.7574462 41.3524 1.552955 0.9200059936793482 
Car -1 -1 0 506.9844375110315 178.75819444277155 561.6594546843983 225.3060047161903 1.5499008 1.5966598 3.8720582 -2.685063 1.7822118 26.453289 1.5719038 0.3147691786289215 

