Car -1 -1 0 0.0 207.43579130059317 272.63056574803875 371.8010201442726 1.5196257 1.5867152 3.8094196 -6.0676484 2.0606136 9.380468 1.573781 98.10133415779376 
Car -1 -1 0 439.17883907058444 186.41395218965673 493.19838889966684 225.18586470081328 1.5577283 1.6113346 3.5350614 -6.29867 2.1932402 32.028 1.5972073 39.62810274713303 
Car -1 -1 0 645.6127293098106 176.93231810758698 688.2965270227121 210.06956788815293 1.5233676 1.5901699 3.7734566 2.7756348 1.7353668 35.57621 1.5110929 41.914651834113116 
Car -1 -1 0 101.28468837682024 201.9479290522516 174.16419435932224 233.62864671595 1.5018184 1.6161995 3.8225317 -25.867737 3.1811159 39.707188 1.5337666 19.110480809333815 
Car -1 -1 0 466.1907546156614 186.92683154932317 510.90348054012907 219.02193547702635 1.5079732 1.5696288 3.8400004 -6.239011 2.2782664 37.550117 1.6027893 13.65605918611064 
Car -1 -1 0 186.44143106295817 197.66821736194493 254.16777391850624 228.79782971384083 1.4632487 1.6328838 3.6952956 -20.799232 2.8582964 38.714813 1.5734671 22.391609301524017 
Car -1 -1 0 146.3660180440674 200.33362368665743 217.47353985644617 230.90331741637874 1.4463737 1.6058025 3.9573078 -23.433014 3.0341878 39.70285 1.5580935 9.82241710902902 
Car -1 -1 0 491.1460057576585 181.49285623103802 524.8306386309196 208.03888633007028 1.5614905 1.5405847 4.092704 -6.4035482 2.1347353 45.82794 1.5766728 0.28911730647087097 
Car -1 -1 0 605.8308138930926 178.03121626370486 661.0778914485167 199.1535277828183 1.5831604 1.6204464 4.074656 1.8631971 2.0027037 56.70793 0.5556196 0.7493679628993477 

