Car -1 -1 0 752.1355502670584 186.19702977995627 878.6482878228583 273.68827311467857 1.4425902 1.6018143 4.303845 4.0191207 1.7562404 14.764022 1.632071 101.17151259414547 
Car -1 -1 0 833.9574998141813 193.9417496719239 1158.4477625516051 373.9139495628244 1.4949555 1.6932551 4.264349 4.151742 1.8107322 8.651363 1.5965182 116.15362246116631 
Car -1 -1 0 729.9875179964484 180.9303118905411 811.3530631561315 241.10466713746428 1.4860026 1.5593624 3.3903995 4.366689 1.7288833 19.988258 1.5911468 67.42592376877272 
Car -1 -1 0 543.6106080209579 169.29390271352202 590.5236403434897 204.2953540175655 1.4827816 1.6522355 4.13254 -1.8588817 1.3319635 32.67719 1.6283572 40.696179092717784 
Car -1 -1 0 704.184755656939 175.51742336884882 763.8972391271213 220.90589185800823 1.562352 1.563903 3.34113 4.5420012 1.6672277 26.723152 1.547418 44.77823164855269 
Car -1 -1 0 688.1915892534505 174.71213082661637 736.8117036280643 212.01215229594814 1.5152445 1.5623267 3.634315 4.4069815 1.600589 31.31669 1.5621531 16.616288088404232 
Car -1 -1 0 451.2250208810094 171.32190483369004 549.9518112781187 248.705193709223 1.5617816 1.570872 3.6433122 -2.3560567 1.5308602 16.411827 1.6077819 19.69140103494862 
Car -1 -1 0 351.2598824664455 142.35357731153155 526.5719822891267 301.3715477794623 1.9358199 1.6841444 4.3208647 -2.3269062 1.5645201 10.953546 1.5594593 43.49217412886823 
Car -1 -1 0 674.6760685269849 169.64786377136522 718.2244751014476 203.02548443210944 1.6068299 1.5735121 4.174156 4.3756742 1.4524833 36.85061 1.5332952 1.4607963749914146 

