Car -1 -1 0 734.8054246054504 197.36576167254918 1008.5075603333398 365.51293470340147 1.4148133 1.5737014 3.8800268 2.79464 1.7772515 8.662478 1.4749767 126.0291686929523 
Car -1 -1 0 604.7883352890178 188.23407793167334 667.424848739876 237.39366407436032 1.4008056 1.5748674 3.9052978 0.7959422 1.9519807 23.840195 1.4774841 89.86724240964075 
Car -1 -1 0 418.3026150903246 189.9924556953927 461.74087113243314 222.6449298673933 1.5682243 1.6335409 3.6877701 -8.993678 2.5279026 38.517838 1.5170261 46.39750592201617 
Car -1 -1 0 0.0 209.7663628818549 260.54092616989334 375.0 1.5226829 1.6030418 3.6871018 -5.7205486 2.069396 8.753568 1.4384302 119.17362045992584 
Car -1 -1 0 590.9628779262863 185.46852408499115 640.8511376700274 226.60412710559442 1.500211 1.5762373 4.042673 0.19487739 2.056067 29.697445 1.4584455 34.07955275692438 
Car -1 -1 0 831.9253348181703 169.32032526779724 950.8933131153533 220.96458039169113 1.5781627 1.5607705 3.4035413 9.201501 1.4701793 23.60287 0.5491233 26.76757513798294 
Car -1 -1 0 578.424071913545 182.331648588113 601.7026369868813 202.8239006101514 1.5406023 1.5950955 3.4843023 -1.5867685 2.3229105 57.741272 1.4656489 7.057103283657166 
Car -1 -1 0 812.7407185493441 176.91176318209776 923.0778239050645 221.2837036353741 1.4997371 1.5519013 3.5582237 9.376089 1.6560276 26.231827 0.52159184 2.3511178233518093 
Car -1 -1 0 764.3628222587777 177.79225009038558 864.9670805747588 220.19064101458795 1.635087 1.586269 3.7552843 8.445559 1.8493199 29.745321 0.46940506 1.7437094969202707 
Car -1 -1 0 152.41860894425463 197.3335721775752 195.8611115114748 217.2904451066715 1.4784836 1.6108271 3.6836436 -36.156662 3.5788574 60.010254 1.4935611 2.330476675664712 
Car -1 -1 0 1043.4328496587925 163.91836963008296 1178.6503533223913 211.47458682223404 1.4687653 1.5853856 3.8025193 16.70427 1.1927898 24.274157 1.4377835 1.1502043455635904 
Car -1 -1 0 218.46049798873347 193.68102477784828 271.36341740610294 221.72891747793193 1.4748694 1.5941464 3.6046774 -21.457283 2.7583737 42.59392 1.471953 0.25656184554100037 

