Car -1 -1 0 300.5705671272641 181.42876097568603 390.52388925866296 231.88823392886965 1.4726045 1.5796595 3.5660558 -8.175484 1.3620869 22.769436 1.5613496 59.19319534493791 
Car -1 -1 0 373.47290206477976 174.86128470162947 503.5437454119197 267.1283156091865 1.6193624 1.6820668 4.204591 -3.2638402 1.4376339 14.719967 1.5694188 92.01728290489916 
Car -1 -1 0 475.4716071529115 180.26889160182597 526.3838915938828 219.88118068514376 1.4637241 1.5723126 3.7172878 -4.1381626 1.2809334 28.444395 1.5402918 52.3563371291875 
Car -1 -1 0 558.8232869767297 177.8024756265612 606.5722930151661 220.93965277665436 1.5144622 1.6780539 3.3546143 -0.93648654 1.2541984 26.951454 1.525183 37.69641731819962 
Car -1 -1 0 3.1767110809574244 178.02974664550365 255.37453175740504 290.7388212386615 1.5842359 1.6579388 3.881063 -7.668956 1.4832304 12.048105 1.5667338 96.85924120744815 
Car -1 -1 0 154.30235502150506 183.63298291784258 267.2228788330311 231.48977656914877 1.4372561 1.596358 3.9806876 -12.856837 1.3897233 23.600012 1.5440007 28.94479195696494 
Car -1 -1 0 267.7378104667797 178.93798393985173 339.0187754240093 217.05909521944014 1.5119944 1.627497 3.6053154 -12.73628 1.2630019 30.351086 1.5234363 18.177550113875014 
Car -1 -1 0 513.8794512410443 178.44853813480626 544.2113558807625 205.56302075129486 1.4560865 1.6226509 3.955791 -4.375988 1.0926803 40.64492 1.4831476 2.820562863313632 
Car -1 -1 0 350.46799867352956 182.94633933398688 406.6936152087978 220.4979067153487 1.4107312 1.5357054 3.5346065 -9.104343 1.3254763 28.855484 1.4451091 1.1243398011444543 

