Car -1 -1 0 703.1411367006879 197.62865220082014 869.860253714411 264.8640090315816 1.4997098 1.6136801 3.664881 4.2882624 2.143805 17.78513 -0.0929978 133.15027352582 
Car -1 -1 0 851.8525618066932 197.14159787782313 1242.0 375.0 1.5212327 1.6491507 3.7382123 4.500538 1.7891817 6.985135 -0.082119435 127.42397866582377 
Car -1 -1 0 207.07912842494028 193.33103579640292 390.91450645096614 256.4116243132555 1.4969258 1.6366236 4.069834 -7.9339113 2.0556731 18.719719 -0.07503036 89.36216480607126 
Car -1 -1 0 40.1914997213514 192.58937715316753 316.51352909375004 280.44810069058974 1.5027022 1.605052 4.2130327 -7.9205456 1.8944027 13.5124445 -0.002777432 49.42551477840751 
Car -1 -1 0 0.0 193.7445327872057 258.3925047314483 307.05853093471734 1.4982165 1.6104753 4.0808706 -7.6806407 1.836109 10.771065 -0.046593934 52.591814404841514 
Car -1 -1 0 679.2969006158977 197.91124684076786 823.1725429632884 255.5185200425332 1.466314 1.5603534 3.6429653 3.8572116 2.190876 19.993628 -0.0501772 24.04124663279564 
Car -1 -1 0 462.8188148652015 192.42170424387757 494.0946620976634 215.3292858373106 1.61656 1.6675706 3.4741566 -10.226564 3.1910124 56.131355 1.1683003 6.861886012211581 
Car -1 -1 0 275.2059639003125 188.00736738454233 398.9507751474418 242.07432879572355 1.6355939 1.5864489 3.5718732 -8.80989 2.1545506 23.584522 -0.1960682 12.928898207315314 
Car -1 -1 0 245.01271414942806 188.45487434554863 393.5327522309208 246.4767262964821 1.5679748 1.6228886 3.7766314 -8.409061 2.049617 21.18155 -0.15562746 3.803734021153532 

