Car -1 -1 0 117.29769957605876 185.64766536304532 464.3456559026303 375.0 1.443467 1.6799929 4.474424 -2.9635022 1.6239045 7.9072328 1.610898 149.2173726351163 
Car -1 -1 0 479.0001294544668 175.24225504209565 542.1705006132759 227.3478042437864 1.5121081 1.5022457 3.3648472 -3.0519404 1.5931138 22.783703 1.5806087 71.0708652730291 
Car -1 -1 0 761.232881927907 191.51180238191392 1056.6629046478479 375.0 1.5038986 1.6351264 3.634245 2.895976 1.7548051 7.8649616 1.5443083 112.43487136028271 
Car -1 -1 0 669.0016029845922 180.0427306921183 728.0303009764697 222.50144441662056 1.441226 1.6579006 4.099538 3.2768831 1.7333243 27.25446 1.5536792 49.93564763167706 
Car -1 -1 0 367.60616244856226 175.67685941778578 499.86398935527836 271.8066974899025 1.6035588 1.626097 3.7446728 -3.2471561 1.6657908 14.026687 1.5805362 81.62265973055298 
Car -1 -1 0 702.6424236963104 189.10434630621037 846.792289700254 283.5832894993407 1.3712584 1.6270382 4.1248116 2.832505 1.7168803 13.266842 1.5495136 73.13444380939174 
Car -1 -1 0 651.3234824528095 174.82887329894942 677.2073361415178 199.6557865608453 1.5551002 1.5981013 3.7136745 3.5591373 1.6899941 47.39078 1.6201742 16.916764280309298 
Car -1 -1 0 513.9678767033898 175.75918593025457 563.7392714129588 214.83657967110702 1.4952033 1.5833938 3.654585 -2.8516567 1.6223803 29.734587 1.6023871 9.239580741360745 
Car -1 -1 0 571.2224007532614 174.31314364850982 592.576786129064 192.47604666038222 1.5774872 1.584358 3.6292117 -2.4587116 1.712325 64.820946 1.626193 4.135954725028851 

