Car -1 -1 0 555.4946762405744 168.4843621277835 604.9810724172544 193.12583912498977 1.480917 1.6106219 3.8803394 -1.8933349 1.2183079 45.455727 1.0884128 20.917651125712492 
Car -1 -1 0 809.6986153807007 164.6279434876054 859.2599337207997 186.4544835362676 1.5299678 1.488857 3.289896 16.290056 0.95334834 52.373085 1.0412571 31.495635477756267 
Car -1 -1 0 602.2772471556747 169.28404587832537 658.8444758802116 193.26013105076683 1.4520798 1.7046294 4.446067 1.2780004 1.23587 46.0681 1.1055126 14.334052061810407 
Car -1 -1 0 515.735117091302 166.38530584842357 568.2754207306713 196.72297493114215 1.7354662 1.7271647 4.2863064 -4.135831 1.3654244 43.578762 1.1076849 10.539845230353327 
Car -1 -1 0 768.7325297535454 168.196072463367 818.8725637700104 190.24422596178061 1.4898679 1.5621017 3.496127 12.8948765 1.1751158 50.671272 1.1415412 2.5878586070513534 
Car -1 -1 0 897.2407953389601 168.8090293154279 952.8134741602754 187.78394046296185 1.4334279 1.6888348 4.066694 24.729145 1.1278571 56.70523 1.2362739 1.6535874612513555 
Car -1 -1 0 743.1384852610407 167.31664278230622 796.6841629504746 191.23034269757443 1.5400354 1.5370643 3.6285055 10.716552 1.1834309 48.431145 1.0920806 1.7212634806966756 
Car -1 -1 0 852.8667342408733 168.66660086109394 909.6737592476064 189.20074950837608 1.4953122 1.6032106 4.062393 20.387728 1.1903824 54.126698 -0.43556967 0.3779352307319641 
Car -1 -1 0 942.8611879516695 168.3576606297579 1001.8594697189761 187.9370111706704 1.481715 1.6377238 4.1312575 28.160679 1.1414433 56.01768 -0.31209338 0.25596293807029724 

