Car -1 -1 0 745.9988534140556 189.6596967346408 983.4721971530782 337.0771974347247 1.4181803 1.5419226 3.4402268 2.957951 1.6723154 9.129309 1.4819177 132.2741155761178 
Car -1 -1 0 666.2805637666759 180.73825485233283 757.5030126217271 245.15014521732837 1.4463167 1.6164525 4.2307043 2.545635 1.6760428 18.875555 1.5278064 98.73642903994192 
Car -1 -1 0 656.0014269849881 178.3138403026879 706.2786306360631 216.32441474439958 1.422662 1.5376893 4.09309 2.8730383 1.6628374 29.670225 1.5391544 28.921350555980215 
Car -1 -1 0 340.522146346317 185.14183318884935 488.1729451811196 234.09217184545588 1.4429988 1.6228104 4.1766043 -6.0563025 1.8443892 22.650507 0.05208318 59.36231077047971 
Car -1 -1 0 83.27662461935856 191.07335709053308 357.31124856848663 286.3040647960857 1.4294572 1.5736324 3.817968 -6.4293504 1.759774 12.136783 0.08426388 70.91580944302298 
Car -1 -1 0 155.9984030181068 186.73793820607804 388.7506551561397 266.2194771502506 1.4839566 1.6171551 3.95612 -6.694803 1.7808671 14.596469 0.01275935 36.094818784990345 
Car -1 -1 0 227.76679628040685 180.19045118110114 416.8662972234497 252.107899214805 1.5790594 1.5886109 3.8453598 -6.6983914 1.7621236 17.02346 0.09922268 35.75925973176852 
Car -1 -1 0 353.7894501561442 181.2418549400326 478.42607262475315 227.0291041791644 1.5279284 1.6078426 3.9264994 -6.685189 1.8303996 25.198757 -0.008385219 10.54091015577483 
Car -1 -1 0 0.0 196.69906020382493 288.96170147765446 315.8064660848824 1.4198251 1.5500672 3.889398 -6.638194 1.7720593 9.801346 0.042553253 44.451766315809216 
Car -1 -1 0 637.4750540787663 173.01431898119324 665.7118762261555 199.07598706271673 1.6986302 1.6330364 3.960342 2.8186207 1.7099696 49.044155 1.5563729 7.120734604057544 
Car -1 -1 0 380.3697719376133 168.71477463885714 487.9746452867504 214.99843493939503 1.7256734 1.6457231 3.725942 -6.690214 1.5713434 27.76382 0.020830533 8.522272516954612 
Car -1 -1 0 144.4031009945677 169.92512333689515 220.85843150267425 203.84315505269058 1.604739 1.6651002 3.914849 -21.274698 1.466167 36.13446 1.5204046 11.46274130297699 

