Car -1 -1 0 727.564216216421 183.55825901431567 882.0233219968835 238.4082491704772 1.5253386 1.7279482 4.0876627 5.6998253 1.8564286 21.375431 -0.038611993 102.94156721945356 
Car -1 -1 0 947.4927523367938 195.8389545593525 1242.0 321.62256163279244 1.4068159 1.5612999 3.6753833 6.5406666 1.7305822 9.278517 -0.0575588 103.15020357828931 
Car -1 -1 0 880.7953338345311 186.08249908312376 1152.1502878238018 291.03749361199476 1.5222743 1.5735958 3.5091958 6.4125133 1.7513533 11.593676 -0.06626602 59.99826819702674 
Car -1 -1 0 67.53486887361937 184.4044361762454 379.832632010431 295.6541562314945 1.5432723 1.59306 3.9334404 -5.7341776 1.7332538 11.025974 0.023170762 97.77073106006188 
Car -1 -1 0 638.2449244100139 182.45724630977656 674.4943304434787 213.8792921402124 1.4187503 1.5680189 4.1257825 2.2778497 1.924255 35.912045 1.5786088 20.204565221068414 
Car -1 -1 0 209.52202839823156 174.8645390188526 419.9780635755486 255.8802408917887 1.6814178 1.6632737 4.0022373 -6.395074 1.7287252 16.000523 -0.07387857 52.027823658624065 
Car -1 -1 0 393.1643778525724 179.41250673110062 506.02288466947886 220.40050447263488 1.602169 1.6231594 4.2167087 -6.4354157 1.8761314 29.305603 0.010911602 36.01494650116685 
Car -1 -1 0 0.0 193.65580124955216 273.7538563727837 328.28129913091186 1.4404248 1.5565441 3.9079304 -6.4105597 1.7182572 8.80681 0.026706422 35.19948683683331 
Car -1 -1 0 309.38192122035866 184.36323388369323 461.77849741376616 236.60268355494728 1.4409006 1.5848355 3.956068 -6.451006 1.7894769 21.053562 -0.003540601 16.899515069671445 
Car -1 -1 0 144.5121505736641 188.08716179173982 404.23756000009683 274.7406438960418 1.4578667 1.5862964 4.073534 -6.059384 1.7575068 13.319547 0.03966321 26.276126801997314 
Car -1 -1 0 620.9239724715823 176.96561310844118 642.3365903348825 194.89631279795822 1.499721 1.6019528 3.8061957 1.9610214 1.8712962 63.23118 1.6744578 2.7439947774791182 
Car -1 -1 0 260.25124589223844 182.84726281813823 437.98386383227046 243.44980425844543 1.4710484 1.5833127 4.014987 -6.6155725 1.7401791 18.608862 -0.01567883 5.4916608241308085 
Car -1 -1 0 558.6466428238009 179.48185623811543 579.4279254409506 197.97601916263514 1.4437175 1.557433 3.888805 -3.3839724 2.0113022 59.77855 1.472785 0.9410923073308006 
Car -1 -1 0 418.17665313310886 176.24890338428787 503.50237018660545 209.81018564611256 1.6570263 1.5911223 4.0061893 -7.4957905 1.8330468 36.599663 -0.0077183675 1.5382941692047292 

