Car -1 -1 0 146.36674482163676 192.40726510615156 384.0540534904627 324.3102801810151 1.4712529 1.6143289 3.8842072 -4.725522 1.8104419 10.570703 1.5753479 116.82762922480038 
Car -1 -1 0 313.5261344782089 188.41003465473204 452.97176856831675 267.0042557219867 1.4021783 1.6559658 4.3089495 -4.780177 1.7917213 15.89971 1.5881582 89.48891361289226 
Car -1 -1 0 764.1533002475893 184.84836845071052 977.6889098012733 312.2118852782885 1.4592907 1.6256226 4.19766 3.5929275 1.6734087 10.772394 1.5591257 119.97025524508905 
Car -1 -1 0 484.9051646763037 179.88672412002236 535.2817964673054 216.9163788322506 1.5097044 1.5694051 3.310254 -4.322969 1.8358983 31.765057 1.6342307 47.416633447792734 
Car -1 -1 0 722.3616131440324 180.77533537868885 836.704114000978 260.51767092678733 1.5018862 1.6288253 3.7989368 3.5876088 1.6969792 15.869011 1.5734215 61.26452992093576 
Car -1 -1 0 706.6045561509559 179.7545084600512 780.2425562884142 236.11644587197966 1.4968045 1.6062999 3.6937227 3.8913474 1.7201905 21.48875 1.5995302 46.19966649440615 
Car -1 -1 0 502.93823768052505 179.50044132162282 548.3952307519561 210.8908180480099 1.4575819 1.5980381 3.9970448 -4.172489 1.8118331 36.413517 1.6325526 16.258150923543326 
Car -1 -1 0 691.8361962207772 179.56836345262374 749.6929301245855 223.22127986895347 1.4775815 1.5520862 3.7981167 4.071783 1.7457274 26.911964 1.5650309 16.646894688134797 
Car -1 -1 0 604.4739409883884 176.20968604560133 651.926320642885 191.16022948916842 1.4285272 1.6834306 4.527787 1.8410258 1.7611424 70.46701 0.0945977 10.305246135711913 

