Car -1 -1 0 684.7118068671057 172.77369516746955 815.9771269128491 275.63027174002565 1.8005437 1.7078613 4.31025 2.697923 1.7991378 14.816271 1.533487 108.561404322036 
Car -1 -1 0 0.0 185.0612514873249 292.7378745332156 310.53237134618183 1.4901776 1.6092129 3.8384368 -6.4815083 1.6668677 9.589657 0.025891151 77.8333275744144 
Car -1 -1 0 172.69710000046203 187.37402655894468 401.7097169542034 266.61351422220775 1.4353764 1.5693092 3.8820825 -6.3124156 1.7430599 14.351761 0.080303825 47.460628983711864 
Car -1 -1 0 66.91101190745242 188.44996224688367 377.1164124197068 286.323449320463 1.4737543 1.6386108 4.263673 -6.248476 1.7501302 11.95761 0.004436738 52.38778935530865 
Car -1 -1 0 655.7260638690869 181.74380075032016 716.4095521655972 227.95694919400006 1.481355 1.631898 3.9328926 2.6637006 1.8248851 25.889112 1.5363076 31.78756561963569 
Car -1 -1 0 636.769963665587 180.41650708457487 676.4992512692638 210.3226002490918 1.4489496 1.6633829 3.9484193 2.4249468 1.86813 37.984394 1.5258727 23.718616370636514 
Car -1 -1 0 277.2423510361517 179.56236511885956 437.54749092830644 245.96853087975322 1.6514027 1.6183419 3.70546 -6.560994 1.8374492 19.071913 -0.07116954 34.57674403230982 
Car -1 -1 0 227.547380091833 185.70887649727368 415.51938964250206 252.30218119157638 1.4598882 1.576486 3.7912729 -6.6769686 1.7770243 16.969694 0.022662831 10.861524303464515 
Car -1 -1 0 389.4926555181187 176.0731920523413 497.4912654912682 218.51753194625448 1.6159726 1.6439424 3.870243 -6.4871526 1.7466567 28.445152 0.012404989 14.885524165691937 
Car -1 -1 0 669.7141844654257 184.83407932905902 748.8478799765097 242.5492145188914 1.429598 1.5972465 3.648757 2.735313 1.8008223 20.500814 1.5273607 9.536142437363276 
Car -1 -1 0 458.1933153277657 173.66314893160802 526.6277605072532 204.5777600258825 1.7150419 1.6401849 3.631083 -6.60363 1.7618809 40.920296 -0.015080129 5.250563513966063 
Car -1 -1 0 422.54671482695966 179.23253857088486 514.1454398647537 211.4231447827138 1.5379164 1.7009417 4.3736076 -6.9783936 1.866067 36.015003 -0.11958686 3.9591757621231864 
Car -1 -1 0 304.0165232589723 170.34656115806442 459.8555539688656 234.44194972675191 1.8273442 1.6859949 4.1166945 -6.675626 1.7558576 21.468021 -0.026457008 9.318954801908395 

