Car -1 -1 0 589.2451758185484 190.19824562873987 747.703044508676 290.2608534120956 1.4055454 1.5835037 3.7973793 0.87572795 1.7644333 12.886814 1.2919374 126.09421075187286 
Car -1 -1 0 486.26130692400017 183.0638168104581 543.9344346267818 225.98363459119588 1.4554949 1.6272221 3.8835487 -3.6729603 1.8749702 27.554077 1.2921522 58.43148881020834 
Car -1 -1 0 24.384777265173142 203.52492274129202 215.82217460374696 326.72591934924384 1.4548664 1.5756698 3.6230683 -7.5172668 2.0258646 11.466259 1.2554222 70.13050292337967 
Car -1 -1 0 307.00343917638264 187.03115530515632 346.3073941800744 217.5097355184177 1.5381643 1.6650908 3.89893 -15.810557 2.3746367 40.470318 1.2988517 19.945406860029756 
Car -1 -1 0 474.3475572143981 181.73894632936936 518.2755979730323 218.2131736993932 1.5180771 1.6104041 4.2625976 -5.298769 1.9572282 33.398537 1.3198029 16.836168825181026 
Car -1 -1 0 679.2413405910946 166.92475728980313 774.8444118088277 209.4751075877258 1.6071601 1.6115664 3.4582174 4.6736507 1.3832078 28.68698 0.4145145 65.04978963130864 
Car -1 -1 0 88.7227128252692 192.25948260578792 175.34143199165786 221.57193804296077 1.5573235 1.6352361 3.9150162 -27.530668 2.7189746 41.73106 -0.36445162 1.889951068057908 
Car -1 -1 0 461.06363347205786 179.3102538580772 482.58091032783636 198.9843204046196 1.5687108 1.6104916 3.4766283 -11.535053 2.1270962 60.569828 1.4298154 0.27285638451576233 
Car -1 -1 0 1126.9467721220958 127.1815618732151 1242.0 163.70541747977342 1.4506603 1.6123698 4.1634083 25.58399 -0.43396652 31.999962 1.2741362 0.2719026207923889 
Car -1 -1 0 899.12439864107 137.99942570995503 972.2762197976404 165.84967181021574 1.4619843 1.6350067 3.8218486 18.448101 -0.41799772 40.98872 1.253995 0.5213305354118347 

