Car -1 -1 0 679.3141556527582 168.76917551089946 782.986580119837 246.9640291962329 1.603249 1.5809945 3.6103642 2.6789167 1.5194967 16.644379 1.5090704 128.1932129875757 
Car -1 -1 0 758.188860381741 186.1083697912718 1090.4334017446088 375.0 1.4610562 1.6105491 4.0479965 2.8037345 1.6360626 7.4861965 1.5494103 105.11397021905039 
Car -1 -1 0 653.1422446996012 173.88307650955397 698.0163673612522 209.10827941956964 1.391256 1.540491 3.5676522 2.7254777 1.4371524 30.391417 1.5640175 44.88462433715517 
Car -1 -1 0 360.40372138132284 172.2943906452485 492.6350880990279 214.69299518479124 1.4577484 1.630503 4.28081 -6.433129 1.4385078 25.64555 0.010484243 28.27064902471957 
Car -1 -1 0 209.8862937362717 175.74923871498598 427.8910142064117 252.31289893605629 1.5087408 1.5868279 3.9728427 -6.034271 1.573568 15.222479 0.071592286 42.781105793081984 
Car -1 -1 0 257.55756031478785 174.1503222744652 447.66792384628127 237.4539254341818 1.4808197 1.6029215 4.1462393 -6.285221 1.5146841 17.883549 0.080487 26.146939123548428 
Car -1 -1 0 411.46341733860424 170.40512649817407 512.5863408744298 211.22329165579933 1.5250218 1.5527961 3.5707622 -5.616737 1.4335284 27.736288 -0.0012696022 19.288652042435338 
Car -1 -1 0 277.923023129911 160.6854045083414 442.20787298988336 228.21747610300093 1.8036659 1.6703141 4.017978 -6.8676324 1.4786634 20.150923 -0.022370826 1.5113109381745926 
Car -1 -1 0 476.1749427796252 164.79718489886633 538.0463557634164 190.74797630551478 1.6542342 1.625739 3.9248075 -6.634577 1.140652 47.00554 -0.103405796 2.596525954849346 
Car -1 -1 0 660.9238440225969 166.73978084315783 691.2459039540197 190.4642607766606 1.6454555 1.6221207 3.734312 4.752324 1.2213922 51.957153 1.509172 0.6208994430191286 

