Car -1 -1 0 796.9104222113447 179.97250484774258 964.2541963001003 249.17348057114936 1.4388725 1.596259 3.5859265 6.3841267 1.6294172 17.359291 1.0611762 104.6953934189592 
Car -1 -1 0 633.0494858076725 181.29267146383512 690.6022447714806 219.3121993361902 1.4208441 1.5753709 3.493705 2.0836458 1.7891841 29.641048 1.4039586 62.70520431019509 
Car -1 -1 0 336.7372798897158 185.76592979786187 470.40549456553595 230.47326322934404 1.4741058 1.6602947 4.2084284 -7.1102543 1.9408876 25.194622 -0.028532175 42.400848276902536 
Car -1 -1 0 615.4265245257719 179.8191393474311 652.9476677444585 209.7420097532782 1.5007157 1.5604181 4.1956544 1.2903562 1.901351 39.346886 1.4865625 11.244030236382995 
Car -1 -1 0 258.9978810503156 184.75111052534643 423.52662595243106 240.28516827251832 1.4805549 1.6242923 4.0536184 -7.506981 1.8312049 20.430414 0.01172942 17.098555024465387 
Car -1 -1 0 0.0 191.26676760957903 304.9325625537852 302.8469769369583 1.4728856 1.5992197 3.8674226 -6.752347 1.7646312 10.613663 -0.010006091 28.449033259007965 
Car -1 -1 0 490.20991581762956 182.63484618876666 520.7944014342473 209.38386312234422 1.4948939 1.5926216 4.0150585 -6.2871532 2.1179597 43.89891 1.4904366 4.380439191143656 
Car -1 -1 0 386.46187835146065 184.7162007362538 488.32897534910705 218.79530617918508 1.4483116 1.617372 4.15142 -7.5956173 1.9894373 32.08013 -0.012581898 5.51710441568975 
Car -1 -1 0 372.0934482990842 183.9522239134217 477.17981570374576 222.0532067171258 1.4905741 1.5878818 3.8868072 -7.5604835 1.9614023 29.687778 0.06715449 0.6571644669444602 

