Car -1 -1 0 483.523482710583 191.32665763917487 548.6287055345543 246.2955729173376 1.4709871 1.6096709 3.9051797 -2.8393261 2.1000025 22.600496 1.5502589 55.32525915458588 
Car -1 -1 0 728.2984273181146 190.80478366395 941.9578083189035 338.52865702837516 1.4799366 1.6086355 4.003079 2.743566 1.7717036 9.721853 1.5654374 107.67230415490626 
Car -1 -1 0 246.59671030776008 198.71679320067884 471.4880124277158 350.52308168718173 1.4514493 1.5776097 4.3329196 -3.0676587 1.8809178 9.810131 1.5643829 109.08580345591291 
Car -1 -1 0 692.4869931973353 192.24211974712875 809.3760632463276 277.86670408854195 1.4453855 1.5818908 3.9663594 2.7970052 1.9045644 15.087368 1.5473354 73.878897378421 
Car -1 -1 0 663.5201064860515 189.47244434488033 745.0580192106167 250.08288433932793 1.4489763 1.5433013 3.798363 2.5568402 1.9606478 20.266869 1.5002755 52.02737817451041 
Car -1 -1 0 633.9492101289965 185.36420367212 664.870640919984 213.37799914311395 1.5394968 1.5503277 3.7812448 2.349633 2.3228066 43.268085 1.5449052 22.328959250274497 
Car -1 -1 0 656.37031143671 176.66799520036918 720.3736632262774 236.1379878010534 1.8717657 1.6007109 3.8061705 2.6376886 2.0136707 24.902435 1.5169564 41.8475793989899 
Car -1 -1 0 525.5041449097977 187.6446202553775 565.5090716254336 223.82530284871035 1.4808846 1.585835 4.367251 -2.9162288 2.2135706 33.53888 1.5439886 24.837264912833156 
Car -1 -1 0 559.9320666886313 185.26974092185355 584.4761404808191 204.65376003032122 1.490722 1.6618562 3.9439893 -3.0771337 2.5589454 60.071068 1.6173074 5.916618567227483 

