Car -1 -1 0 267.01872154406107 195.4813563545208 397.8558740274171 276.0884206357758 1.4765123 1.551388 3.7017164 -6.0243826 2.040618 16.125319 1.5551075 102.72438184969432 
Car -1 -1 0 94.18375894686959 203.53912696728548 326.52874115098325 327.5128017774534 1.4584539 1.5842661 3.8128607 -5.9729104 2.0227842 11.353403 1.55801 123.1651497019283 
Car -1 -1 0 431.43181008372403 188.66370083297073 495.35036532194897 228.49705544974682 1.4314872 1.6386296 4.1583056 -5.929126 2.128822 29.715302 1.610886 44.154167956734995 
Car -1 -1 0 874.1443112615101 149.1042470290365 1074.523948675229 211.07612259020914 1.48343 1.658657 4.20395 9.055291 0.91492856 18.131124 -0.014428035 96.86726715170694 
Car -1 -1 0 361.082763957195 191.25599359598698 451.7847866139299 246.27798313852662 1.4193407 1.6239822 4.2599244 -6.1096363 2.0395188 22.179699 1.5615995 58.26512215610845 
Car -1 -1 0 672.4430639115083 174.81131722018083 740.3387916446709 224.40356122307415 1.5049727 1.597679 4.0334015 3.1407726 1.5758913 24.100449 1.536725 35.34523019936892 
Car -1 -1 0 660.9874965017642 173.3324020351012 711.913489206456 216.62475131990655 1.6505009 1.6252711 3.941063 3.077742 1.6713927 29.530895 1.5604078 28.81050484620699 
Car -1 -1 0 861.5108460575173 147.44325015409925 1021.8765757986624 205.82426077768008 1.5998803 1.6370655 3.8552837 9.440178 0.90352094 20.683157 -0.047983028 29.539568157976223 
Car -1 -1 0 821.1003463830783 155.8972828552352 966.9792415653408 206.137918969573 1.5396831 1.6503854 4.066333 9.082476 1.0200245 23.1819 -0.12358669 26.292849137990633 
Car -1 -1 0 771.0571229835477 163.2714296481799 900.051708199172 205.61156177807592 1.4591155 1.644737 4.096841 8.047787 1.1288831 25.87387 -0.09267771 23.295691593970513 
Car -1 -1 0 649.9474595823365 178.09133041280342 687.280230021246 207.4548511160902 1.4936703 1.5616252 4.0122366 3.1789508 1.7949021 39.464806 1.5312957 5.061993082917831 
Car -1 -1 0 464.71724805322947 183.82475932035322 512.2906385929772 220.2385705186969 1.6351054 1.5717195 4.050519 -5.9197736 2.2086794 35.677834 1.5977038 0.4085942208766937 

