Car -1 -1 0 676.0489201911639 183.14438317480446 759.1955093911521 244.60392925937668 1.4677879 1.640124 3.601046 2.8423948 1.7741897 19.662975 1.5448174 105.06413131655361 
Car -1 -1 0 770.7122605851921 188.33617878782394 1090.6574382139836 375.0 1.5619379 1.6576134 3.761372 2.9560342 1.7649906 7.5750237 1.5617261 128.8884404646127 
Car -1 -1 0 259.14271887191717 177.78279405698547 444.61842262882493 243.22477054479816 1.5521479 1.6617382 4.0929785 -6.4264107 1.6834226 18.239193 0.073260665 98.5633773490934 
Car -1 -1 0 651.313188812737 176.51028665233767 698.0203767170746 218.4566661121013 1.6438696 1.6434689 3.9193459 2.696054 1.808792 30.582644 1.5754119 37.746235722854784 
Car -1 -1 0 0.0 172.78006169244614 341.692586111231 298.7971619645868 1.6828089 1.6914128 4.0822115 -6.272744 1.6818215 10.548451 0.033288743 86.95808219335937 
Car -1 -1 0 95.41176324767942 181.41324354805394 347.1028163126024 271.0767659896332 1.5005744 1.6111115 3.7786329 -6.9848924 1.6682578 13.195252 0.07252681 7.839632556921817 
Car -1 -1 0 415.2670251465626 178.80367477039016 515.0335247210925 216.73708505945314 1.5457761 1.6659124 3.9917219 -6.0756655 1.8070309 30.697498 -0.07792457 13.80180647001443 
Car -1 -1 0 341.0478624380656 168.20229437666725 481.945639267035 227.9341231437853 1.8435946 1.7048945 4.0440817 -6.278881 1.7000217 23.162603 0.019984597 26.201351600821077 
Car -1 -1 0 643.5868203598106 179.23039595287082 684.0644303681694 213.18853271690847 1.5901549 1.5936611 3.9656172 2.6948814 1.9310296 36.558228 1.5290182 2.644264634151215 
Car -1 -1 0 510.345526327756 178.84998046203393 564.2078343332691 198.4241730691571 1.5077863 1.6337156 4.055578 -5.681608 1.9887213 56.99595 0.030499414 3.5240626798529746 
Car -1 -1 0 627.8522952602674 177.17697730369972 665.2336214010935 203.840865899304 1.608207 1.6092963 3.5346909 2.3172088 1.8951715 46.0131 1.3894144 2.783668794986373 
Car -1 -1 0 316.7410302722001 164.36993873035198 362.89385008542536 189.78754125875068 1.6170938 1.5788461 4.0033054 -17.846403 1.0773289 47.90914 1.5675873 1.4601552947674592 
Car -1 -1 0 393.155203983319 181.5688689188423 503.3818174857321 220.97263743787605 1.471353 1.5582471 3.9337065 -6.237996 1.8214977 28.151577 0.030254645 1.5952464391517802 

