Car -1 -1 0 745.7739716596136 183.4903179342916 908.164686909071 297.28538043879087 1.5079978 1.6194996 3.7212765 3.3422284 1.7095997 11.794767 1.5971713 85.41337162181887 
Car -1 -1 0 714.8155352058724 178.53532716688602 818.3826958357457 256.6057605967686 1.5716944 1.6480293 3.9325273 3.5142343 1.7196324 16.801674 1.5963881 83.3721906311671 
Car -1 -1 0 677.7383767809283 183.39244970952228 726.5356893021309 221.20992853125315 1.4426816 1.5407298 3.445849 3.8210955 1.909599 30.231197 1.5516975 51.565573314413406 
Car -1 -1 0 194.6720432087798 184.0803313434124 427.2051550127115 256.1138844296277 1.4188484 1.6301677 4.2606277 -6.203795 1.670299 15.318091 -0.013197756 115.41475025004927 
Car -1 -1 0 0.0 186.09073958228907 338.1664954811392 333.3795747936202 1.4953856 1.6484982 4.1994133 -5.5862765 1.6679646 8.452282 0.06311259 100.31207045880566 
Car -1 -1 0 314.6895467351487 180.8107783332542 470.8063544197623 237.25761335854304 1.5435297 1.6762788 4.000217 -6.180479 1.7831967 20.85567 0.01993965 49.09660584335402 
Car -1 -1 0 387.5331486828479 179.5992108738273 505.34407422748313 227.0782508829952 1.5972226 1.6116625 3.7624023 -5.6669645 1.8419919 25.34682 0.016232973 16.413182682491463 
Car -1 -1 0 361.7063610502311 181.49353385114108 506.3300826060968 230.84939707350745 1.4907522 1.6219124 4.197324 -5.533771 1.7775667 23.034391 0.052107677 10.155795990063872 
Car -1 -1 0 429.6493940797525 175.64727738054108 534.6087212017319 218.2111733617582 1.7049596 1.649383 4.006156 -5.3045263 1.8264811 30.223011 0.17865029 6.03854762050122 
Car -1 -1 0 500.9260718149227 176.94783422570424 537.7215457875707 210.6030912027436 1.5777274 1.6226364 3.970047 -4.4948487 1.79556 36.356705 1.5017145 2.7161450458436383 
Car -1 -1 0 719.338155956912 177.21394341211837 800.4539978112808 206.76927912757515 1.5857356 1.6856089 4.258039 8.2909565 1.8342617 40.07631 0.100874804 0.6985616036350528 
Car -1 -1 0 548.4498120758839 178.89592595611623 574.7531273810836 201.18691718403403 1.6141713 1.6554731 3.6243587 -3.6286383 2.0908089 55.083183 1.6028521 0.5759949161461416 
Car -1 -1 0 485.326791916308 170.26638533852199 556.2169495329691 200.04971698497224 1.8000662 1.6902133 4.124676 -5.4424305 1.6436739 44.533432 0.038874768 0.2933860719203949 

