Car -1 -1 0 864.1641546995834 176.91199629533492 966.8060207127256 271.1899732810528 1.5909469 1.666172 4.2531896 6.2487955 1.686183 14.652962 1.9980597 77.61619958918072 
Car -1 -1 0 141.52851471573223 219.0634083273205 443.31169212705976 375.0 1.4961872 1.5793941 3.4666967 -3.818083 2.1464891 8.581391 0.5439487 151.2841349965431 
Car -1 -1 0 1130.5075505958898 166.4548185077565 1242.0 247.3419575912381 1.5872397 1.6534848 4.0729103 13.1554785 1.4616692 16.345068 2.0586238 78.5649780565371 
Car -1 -1 0 0.0 230.57624248234103 224.89812513120376 366.3702456003325 1.4840281 1.6410776 3.9223661 -7.836972 2.499634 11.007646 0.5208098 99.94565660911441 
Car -1 -1 0 931.4297872573029 178.34069599671847 983.3581834369581 222.28076478261337 1.4778724 1.5685492 3.3266356 12.739978 1.6938474 26.564594 1.9732928 17.79987746100669 
Car -1 -1 0 1087.1050771565438 159.63104910973226 1159.7518155354776 217.72323773948293 1.898248 1.591449 3.6563342 18.108236 1.4661684 25.566908 2.046513 46.23510052347399 
Car -1 -1 0 1067.5554246162899 164.83166734693742 1114.5093556804688 206.4004406384884 1.900423 1.591156 3.7728674 23.303879 1.5336614 35.022556 2.0769715 11.507258282850119 
Car -1 -1 0 1121.2286918950522 167.91762779069805 1213.2821762090566 227.94490483340942 1.6188364 1.557058 3.2503252 16.317759 1.4857105 21.260328 2.0377154 6.433743540802872 
Car -1 -1 0 1034.2930910675782 171.6923249979272 1059.2794353964252 191.2123277474098 1.4777752 1.5335383 3.7842858 34.293518 1.3898295 56.651096 2.0771642 2.374889167868367 

