Car -1 -1 0 771.2404451487239 185.77327442036744 1033.3957171267255 290.6151017316387 1.4804158 1.5682929 3.490455 4.4915094 1.7003756 11.351558 -0.08718512 130.8887452030368 
Car -1 -1 0 7.966717877851148 182.5347364004012 304.1483922013561 275.6267189869975 1.474297 1.623494 4.0807114 -7.6823916 1.6543627 12.517853 -0.045168452 139.92835005683054 
Car -1 -1 0 452.77333885529737 178.42096437777937 489.84836412827906 203.84140845606515 1.6626573 1.6459337 3.730617 -9.638076 2.0651069 50.123764 1.1278104 28.279312835717658 
Car -1 -1 0 721.6913311248833 185.28935095970647 947.4590877419779 269.9947733629538 1.4703226 1.5504 3.7668555 4.1375203 1.7196469 13.619845 -0.038290378 25.13919578806276 
Car -1 -1 0 78.18529920107825 177.63103353678594 309.0746273020662 262.60541242572236 1.6049691 1.6427311 3.793101 -8.400304 1.7110155 14.886462 -0.17041746 19.186565024556124 
Car -1 -1 0 1078.6029236022755 186.93674974117616 1137.8712764357288 225.16881127358585 1.4498466 1.612984 4.038236 21.406214 2.0931544 30.914757 2.2966483 13.065865394113805 
Car -1 -1 0 995.0734526289839 183.36308561245292 1061.3250460553888 208.11253159494294 1.4825456 1.6897099 3.8517828 27.175564 2.1963665 46.978382 1.4190212 25.539989483928057 
Car -1 -1 0 158.64635094192352 173.720481168178 343.2201256808062 249.96617705090165 1.710423 1.6395296 3.696287 -8.497793 1.7327514 17.403372 -0.21184526 31.799731955377727 
Car -1 -1 0 207.6008045644199 176.6981062369041 366.714293648674 237.39969764994706 1.5648537 1.5864404 3.773178 -8.777176 1.677377 19.935766 -0.21942505 4.448737435687833 

