Car -1 -1 0 688.5307296704957 180.4320729016767 810.6854040617081 267.77040607647217 1.5041416 1.6296246 4.2677345 2.7219982 1.6836984 14.947745 1.5523064 108.29188971049898 
Car -1 -1 0 411.89972355779463 185.30643230519397 493.76210708914044 241.93414035669772 1.4717022 1.7160685 3.9629602 -4.587566 1.8799212 21.644655 1.5374374 103.1498284290479 
Car -1 -1 0 796.3424782075406 185.8072962873682 1092.6120142944242 375.0 1.5079043 1.4885758 3.3254476 3.0593088 1.6694427 7.329117 1.5793928 106.60382018576735 
Car -1 -1 0 673.7165106784335 177.94293870930937 746.9622934450235 237.48609311989688 1.5724442 1.6128262 3.7263227 2.872737 1.7354438 21.242548 1.5641828 42.5736626293841 
Car -1 -1 0 459.4303033608749 175.54673257054387 517.7931189342374 228.17755635877296 1.8266999 1.574797 3.8135405 -4.473609 1.9351497 27.149239 1.5657253 58.15598838882643 
Car -1 -1 0 100.8176541082408 188.24749741112822 307.8781390824057 253.63909762795961 1.427175 1.585492 3.9950666 -9.424442 1.8070786 16.973616 0.020520505 89.55280901452711 
Car -1 -1 0 654.950771936086 178.85728422716272 703.7873380289734 220.19439070998126 1.5653918 1.56505 3.636045 2.8123631 1.8277643 29.69627 1.5438704 27.100418428063335 
Car -1 -1 0 487.865338122977 180.28446262747735 537.0082165611285 219.21039612893176 1.6064198 1.5771109 4.036937 -4.3192363 1.9630624 32.593506 1.5969769 3.9177247745530392 
Car -1 -1 0 537.0022427524335 179.8542553727476 555.322873399218 197.1288844131397 1.5363858 1.6186126 3.5499902 -5.954739 2.209558 67.53103 1.4577992 0.8791915346345984 

