Car -1 -1 0 188.39834974516478 189.53939606023332 446.93235466657353 365.4530148652635 1.5426486 1.5713676 3.5013595 -3.093909 1.7780168 8.419605 1.5809717 106.67684973188217 
Car -1 -1 0 694.5617685203933 182.60354395824936 758.1758316935714 232.13229646097895 1.4219451 1.5705229 4.1634827 3.7368824 1.7701466 23.657885 1.6109558 44.25580662364676 
Car -1 -1 0 552.469471444704 177.21414364368837 582.2967472842535 205.5867201581396 1.5329349 1.5944837 3.683471 -2.382567 1.7944778 41.41884 1.5437915 20.297837368780442 
Car -1 -1 0 759.5459353885545 179.28948618968502 947.3349146318392 308.6358442412728 1.6039622 1.6379464 3.6626325 3.467882 1.7181636 10.967173 1.5777162 98.53316594002156 
Car -1 -1 0 721.1726236788727 185.48915266771778 820.3518125635355 255.33105214136884 1.4577402 1.5801587 3.8780818 3.8220015 1.8017774 17.70451 1.5744808 22.804228597975488 
Car -1 -1 0 664.4648131122126 177.53435958560866 698.4578990871316 206.37172539516612 1.5137517 1.5798581 3.663182 3.974048 1.7872066 40.31496 1.5837516 2.162618847191093 
Car -1 -1 0 467.6112736950258 168.0053436650472 551.3778054011327 244.97335888334558 1.8800583 1.7128124 4.4409447 -2.6236744 1.7616225 19.849995 1.5650434 29.552586728984853 
Car -1 -1 0 642.3303165728516 175.41062166734693 664.0984328003274 189.44582495986194 1.4884933 1.5815494 3.8814805 4.7712955 1.7767355 79.30731 1.4118713 0.9192528319840021 
Car -1 -1 0 670.1992849086846 176.4527234488683 714.4082219547017 212.92309923321892 1.6893852 1.5962458 3.6352446 4.0332785 1.8764198 35.644737 1.5205516 0.45726728439331055 
Car -1 -1 0 686.6284694223158 180.9005954969033 739.3363110093452 222.06083692887438 1.4777755 1.5835655 3.7684822 4.0214534 1.817143 28.538254 1.5817807 0.555776334596721 

