Car -1 -1 0 360.5569702919289 183.3347227833182 475.949142784188 252.34794780706943 1.4421175 1.6348964 4.307168 -4.341689 1.4028121 17.17701 1.5683023 87.59143929523889 
Car -1 -1 0 56.46681524355522 186.4320383648714 263.22133592507475 274.98039026534826 1.450439 1.5953734 3.633569 -8.245438 1.4766707 13.664233 1.5992175 53.10044209127068 
Car -1 -1 0 579.099028335316 177.7506831792909 660.412333808966 253.3026131018279 1.5597728 1.681478 3.4022434 0.30988312 1.4056573 16.566616 1.6010852 61.69527831821218 
Car -1 -1 0 77.11221158366212 194.69127710156286 352.4661393649392 340.60912468645296 1.3946575 1.5156996 3.398262 -4.473469 1.5329524 8.791557 1.5695689 95.68125010066674 
Car -1 -1 0 212.19865444474732 181.16646158239564 308.41400353210497 222.9863439461711 1.3847492 1.6191059 3.9051569 -12.303424 1.25067 25.769188 1.5535247 40.14050294943763 
Car -1 -1 0 333.90766986039927 180.41489260649095 412.227995344292 223.02051016984424 1.4321848 1.612903 3.8340223 -8.3912945 1.2708061 26.086014 1.5649166 17.315525879649943 
Car -1 -1 0 226.18507847167467 176.71990275581575 267.59066833578294 196.90674409988753 1.6524458 1.6852883 4.2125874 -30.51748 0.9570006 61.010933 1.4904554 11.281211000658727 
Car -1 -1 0 668.2886487247278 182.7428508290647 699.4146436890405 202.3958767451248 1.592356 1.6405638 3.774114 6.4618707 1.3919973 60.300827 1.9496826 4.610276500406889 
Car -1 -1 0 156.8463392097097 176.27853050597562 216.24067194753843 202.9205554834055 1.5936644 1.6569899 4.014357 -26.289145 1.0590637 45.072327 1.4831129 2.6634865025728423 

