Car -1 -1 0 252.52777704254373 190.6913612849253 373.9741360034883 260.3718559683831 1.3764412 1.5788702 4.0220885 -6.6185627 1.5189378 16.617811 1.4538374 88.35974335847546 
Car -1 -1 0 32.351837362503126 195.27432894983917 276.164306340164 319.7924253356129 1.3766992 1.5426731 3.482365 -6.0313144 1.5429678 10.062288 1.4519407 104.42947551757031 
Car -1 -1 0 330.76514990831294 183.03652335741185 404.8778364244312 229.90116269021698 1.4761806 1.6473193 4.275256 -8.166425 1.4075391 24.869205 1.4412988 50.04639317476188 
Car -1 -1 0 580.9071655562776 179.82304517687066 674.132089490315 253.6704390905569 1.5871128 1.6498287 3.7534106 0.3797152 1.471215 17.42353 1.4297632 107.19886375299747 
Car -1 -1 0 481.82669337557326 180.86860314864626 531.0982487280236 225.1038374522541 1.5177399 1.6833658 3.441247 -3.7387533 1.3685882 26.49538 1.4139814 45.140104357425535 
Car -1 -1 0 225.07174559865712 183.2179507189926 311.0024338003954 230.122554462847 1.5020549 1.636158 3.8165646 -11.68578 1.4380798 25.022133 1.4344566 29.910897033464906 
Car -1 -1 0 394.87029398360875 183.3809505788533 435.3812267082904 212.9778529084328 1.4303433 1.5796106 3.7343118 -9.751081 1.3416746 36.70264 1.4248791 23.985862741423677 
Car -1 -1 0 474.4539481231868 184.03395938994916 509.73604386976143 214.3395615747632 1.4210868 1.5859339 3.2534578 -5.628834 1.3656728 35.417423 1.4525609 4.276708254333354 
Car -1 -1 0 376.8067013579944 177.52799082427288 399.6068137633495 197.81429340714735 1.5990756 1.6575333 3.8748598 -17.864136 0.9930891 58.750435 1.3075848 3.0798789101769 
Car -1 -1 0 283.5857839679945 171.52149167774576 345.6842144995558 212.04531801659053 1.8275539 1.7970222 4.1530604 -13.986729 1.209969 34.59869 1.4342033 8.077741753259655 
Car -1 -1 0 529.2867977238925 182.2846290066489 553.8382235116089 201.1297230070481 1.4631051 1.636101 3.9271715 -5.3156185 1.2355412 57.888065 1.3933489 2.848557797830568 
Car -1 -1 0 0.0 163.7683881019974 188.86905718345056 264.7133997406264 1.854436 1.8023942 4.55801 -11.040199 1.4604328 15.5856495 1.4355226 7.947315916100099 

