Car -1 -1 0 178.20416404870477 192.15323866968697 397.5317167389936 316.6792282862785 1.4791243 1.6574132 3.892703 -4.6632843 1.8288037 11.124047 1.567145 145.3751300087242 
Car -1 -1 0 346.61829289801125 185.684143018076 465.7711078411065 263.6471074886429 1.5356122 1.637476 3.8790097 -4.5768476 1.8690833 16.803679 1.5837811 96.88863561861679 
Car -1 -1 0 719.9708316044187 179.8220158182483 830.1342259848205 251.78201256437788 1.4501349 1.6290379 4.07801 3.7397738 1.6338806 16.981676 1.5631196 68.52197791903576 
Car -1 -1 0 416.0558548860528 185.42096175675073 501.94878345074017 239.12367741563654 1.4148178 1.6106025 4.327963 -4.510083 1.840022 22.223637 1.6041839 52.787324024241116 
Car -1 -1 0 770.6435227129932 180.5784565786089 939.2061633784787 290.9142338305331 1.4800345 1.6096115 3.6571953 3.7931948 1.6260993 11.790968 1.6020957 87.60058856161544 
Car -1 -1 0 514.9397984707609 179.24962415348176 554.1689703742265 209.42797186046505 1.4915873 1.5169132 3.3320832 -3.9169197 1.8445003 38.101692 1.6377673 39.048110084342945 
Car -1 -1 0 702.5960977609502 179.10338666367073 774.2602787123524 233.66893455862575 1.4963679 1.6047843 3.8353157 3.8629882 1.7051399 22.167439 1.5954238 19.25005017670745 
Car -1 -1 0 565.0738618216471 176.06891351480124 610.0180503800673 189.7042824577637 1.4273947 1.6722019 4.6342387 -2.331034 1.7753091 77.05188 0.08608084 12.223026781139655 
Car -1 -1 0 694.785905427274 177.84695005547326 746.3071492394673 219.79936449681716 1.484803 1.5295656 3.4149928 4.1951547 1.6882432 27.67364 1.5953951 5.71857307854679 
Car -1 -1 0 1032.844248584485 167.18026119155576 1145.0265823232469 210.6688796544792 1.5357023 1.606308 3.5824606 18.041252 1.3353469 27.352167 1.453876 1.797115667291747 
Car -1 -1 0 530.4176132998961 178.02209613434985 568.6386452932874 204.7802808243972 1.4835131 1.631834 3.8323712 -3.5078816 1.8038788 42.747696 1.6577709 1.2586662156865278 

