Car -1 -1 0 791.7062355461983 196.47337313693848 1242.0 375.0 1.4472136 1.6033523 3.6788127 2.875322 1.7076981 6.083239 1.52499 101.36299684212995 
Car -1 -1 0 464.11339136180334 174.53564128579947 535.0999869521818 231.33246114049192 1.5127637 1.5091789 3.329564 -3.117865 1.5655997 20.993713 1.5866394 71.26369512295813 
Car -1 -1 0 672.0690431254958 178.98620194456643 734.8318997146295 225.07792817522505 1.4586623 1.6235032 4.150567 3.2252479 1.6929005 25.475433 1.5574515 63.33213633255011 
Car -1 -1 0 319.062874601713 174.76687585662359 485.22715132289545 288.11737776534045 1.5958388 1.6258883 3.7679946 -3.2715404 1.6330366 12.126861 1.5964202 88.44390317320712 
Car -1 -1 0 710.1623033131772 189.32109229911921 889.7290086273762 304.21083630230936 1.399389 1.6429306 4.272803 2.7890844 1.7126288 11.566308 1.5423421 77.13897140795886 
Car -1 -1 0 650.1479238833548 174.7927152847436 678.9344535758335 200.39801160832945 1.5415939 1.6235273 3.6749778 3.4360843 1.6690469 45.578354 1.5946283 20.4832991723464 
Car -1 -1 0 502.61403864097264 175.15444662749155 560.5531853001735 217.17634663678152 1.5026239 1.6230013 4.0374737 -2.9557247 1.5987232 28.083912 1.6222217 9.312706678506915 
Car -1 -1 0 569.3943244007659 173.80293658398287 591.2297917288709 192.25338177810605 1.5607476 1.564739 3.6817975 -2.5309918 1.6462213 63.110363 1.6256752 3.977281037720092 
Car -1 -1 0 952.2251197386535 143.94430191444792 1034.6410558698376 171.12276217278367 1.5518732 1.6190385 3.947465 22.452972 -0.10387571 42.308743 0.090203315 0.5435079091601095 

