Car -1 -1 0 794.764788275032 186.68360373838408 1037.6334001922824 264.0667282099568 1.4662387 1.6460402 4.279111 6.1474943 1.7655321 14.790698 -0.00067610224 87.46148738260496 
Car -1 -1 0 763.2739379574524 185.62727953696995 896.836023821583 234.47458717906383 1.4197351 1.5588056 3.6308222 6.7390413 1.828974 22.266619 -0.039508373 62.04318595898753 
Car -1 -1 0 693.3804303107382 179.37573529360978 781.6265323332348 212.90918608367238 1.536102 1.6788795 3.8668883 6.0365386 1.854394 34.309406 -0.034226187 39.395709429218684 
Car -1 -1 0 304.41522973539793 174.352495438917 473.52870081151286 230.88177702316162 1.4554508 1.6108075 4.0712295 -5.8493276 1.4975704 19.451155 -0.012032396 37.32271641862986 
Car -1 -1 0 225.85893801007595 175.20923798793356 434.24001456629355 239.5402536963595 1.4264742 1.6362247 4.2917557 -6.4572053 1.4851676 17.025183 -0.06503236 67.07295995139839 
Car -1 -1 0 740.9608082332402 182.60749016548172 868.9872700411152 228.84007243826156 1.4918032 1.6265013 3.8982906 6.6005945 1.836864 24.59993 -0.059005417 29.503367799564845 
Car -1 -1 0 473.4628097154558 175.5288898093203 544.620591602351 202.29884889072315 1.5365756 1.6298157 3.8982558 -5.89907 1.6980066 42.57722 0.07998732 11.450611783194395 
Car -1 -1 0 370.11266118931576 169.0178535397282 504.7103754880399 221.78021037107558 1.701688 1.6442168 4.0950723 -5.6938524 1.5779648 24.160011 0.032904506 43.27574643836851 
Car -1 -1 0 635.0402742321074 177.6530642334675 664.7435187864158 200.76952052517493 1.4737704 1.6147509 4.0943785 2.6945448 1.813146 48.944893 1.5275781 10.89425440479428 
Car -1 -1 0 903.1250024134961 186.9276288615455 1235.8458559510025 302.004010688276 1.4945085 1.5965115 3.793171 6.499943 1.7182693 10.535804 0.073920034 33.90625861983245 
Car -1 -1 0 400.1426170153684 168.4121550581782 508.8928491198612 211.0174426755583 1.6577435 1.6610882 4.096197 -6.170059 1.4849141 29.060055 -0.076934375 13.066158669467363 
Car -1 -1 0 390.45896170677906 178.0917802514637 510.04844764007254 219.71063168361343 1.4736657 1.5810938 4.0419846 -5.8561482 1.6748667 26.753872 0.08684891 2.704708023875471 

