Car -1 -1 0 758.0651414197276 196.34022100605273 956.89558416555 324.37383941970666 1.4272441 1.620031 4.2922792 3.4804657 1.8554503 10.995451 1.5880477 93.90524166961025 
Car -1 -1 0 501.18234660954687 177.3871514301146 556.0058645264212 218.22155529995607 1.473629 1.6616421 4.131961 -3.128362 1.6661956 28.575155 1.582463 63.38993480087965 
Car -1 -1 0 688.1247842042908 183.01383940612084 756.4044034016514 237.44004119440515 1.5447447 1.5658908 3.4344707 3.48984 1.8909827 22.85745 1.5516592 67.52365533851 
Car -1 -1 0 723.1924342344561 188.9116108540049 831.3018985047353 267.7276827260076 1.5017501 1.5523677 3.307086 3.6218295 1.8975823 16.109016 1.5389276 69.01096156185184 
Car -1 -1 0 666.8448359788969 181.04952673301497 723.2496342881886 225.30062029658276 1.5259926 1.5587486 3.6587021 3.180313 1.8587513 27.434061 1.5263551 35.85949489720899 
Car -1 -1 0 346.02912676632735 179.23086505339188 498.14540063449823 292.14829136521223 1.5894012 1.592349 3.7387176 -2.9839277 1.7141445 12.24121 1.5759093 34.665265381786085 
Car -1 -1 0 659.8848422118461 179.90158510446977 702.6053871842664 214.93715980023282 1.47453 1.5403501 4.0469522 3.2398226 1.8187292 33.211243 1.5646391 8.751643661634448 
Car -1 -1 0 79.5385563420294 137.4829638767323 453.27774498688524 375.0 1.8736618 1.6936113 4.315289 -2.6985583 1.6445874 6.8714833 1.5190303 58.233657313844 
Car -1 -1 0 527.4490559442172 177.157278951677 568.4140395075199 211.79224269200844 1.5171146 1.5749079 3.980507 -2.8557906 1.7323574 34.095627 1.5762312 1.3637848640980448 
Car -1 -1 0 599.988457224769 175.55467902749598 620.278782603381 189.2865773330107 1.4902041 1.5677427 3.65262 0.04157132 1.8007292 81.015495 1.3666651 0.8705643512265433 

