Car -1 -1 0 73.89035419952995 193.25374121476054 315.2263307696518 315.5870880810193 1.567971 1.6770382 4.15973 -6.573241 1.967393 12.036507 1.557251 104.15569798402684 
Car -1 -1 0 466.14172694129815 187.32819653633203 528.6681386135681 232.7622902714893 1.4515859 1.7206563 4.37441 -4.04892 2.0306969 26.663221 1.5490079 82.56357886095182 
Car -1 -1 0 346.6063868290878 193.97030678007857 432.1987030539249 245.71398571009843 1.4021103 1.5600934 3.6328213 -6.8711705 2.1249037 22.870354 1.5849613 65.47654809840628 
Car -1 -1 0 508.76395727262735 186.13469725823796 549.132415528389 217.22321875259112 1.4740953 1.5762893 3.82379 -4.17042 2.2054884 37.801193 1.6016034 14.458246515954679 
Car -1 -1 0 627.9794398093914 180.96559237665267 657.9942242538675 206.3110991018866 1.4511498 1.5826732 3.8447855 2.0217748 1.973181 44.49459 1.5467675 13.082668800198027 
Car -1 -1 0 710.7392061546171 173.3429953415949 803.0948995712332 204.53761032720607 1.579574 1.7238588 4.4111705 7.677706 1.6059645 37.756954 -0.15103438 16.360224973625037 
Car -1 -1 0 886.1594337484845 152.87312599406766 936.7154979271452 182.97463032802045 1.9161087 1.62057 3.7207458 19.949675 0.6442276 47.834454 1.5116308 14.71733473039014 
Car -1 -1 0 450.94517788262283 187.8106938885198 498.8932345018509 220.26244539722393 1.5281689 1.5720371 3.6852689 -6.960595 2.3472466 37.618977 1.643421 3.212380166154605 
Car -1 -1 0 707.2147331077861 168.20930972649768 785.7884020617885 199.49670138873208 1.7129567 1.6435148 4.035398 7.656488 1.4586638 40.519257 -0.098249115 4.881295388027188 

