Car -1 -1 0 127.72280474011565 193.93175548824493 309.67326536415436 277.4831449074714 1.3977532 1.5715749 3.8865027 -7.526785 1.5958178 14.38419 1.5605937 98.0600374909549 
Car -1 -1 0 315.77236760980077 186.25064378234657 389.89475260749754 235.25833930769065 1.4503 1.6302516 3.5353441 -8.121046 1.4864303 23.223946 1.4172039 15.71384792332513 
Car -1 -1 0 441.62208991401656 187.331967286943 504.19180483480636 227.8694464986998 1.3954487 1.612584 4.3207073 -4.9761147 1.4817517 27.143932 1.5566534 56.23457136092096 
Car -1 -1 0 237.99152361850503 183.36724944124586 324.3478467817068 227.37445269236488 1.6175307 1.6495512 4.141766 -12.807411 1.549589 28.516747 1.5411211 29.987769337710876 
Car -1 -1 0 287.3202739074529 189.17776215257243 474.0901816669586 305.2904537335989 1.4920219 1.649107 4.2223396 -3.3473268 1.5670171 11.494023 1.572661 85.8128504925098 
Car -1 -1 0 575.4181624981298 182.43087658371448 607.3827802230257 212.35491755112858 1.5022547 1.6051347 3.1367884 -0.8290507 1.3624504 37.674725 1.547685 20.950625664168346 
Car -1 -1 0 112.3458019271124 192.23619706552248 239.14941955216992 247.3497739743092 1.4443498 1.5790592 3.786435 -12.583466 1.6706166 21.248213 1.535187 18.732987122851775 
Car -1 -1 0 378.46153576327447 184.9161222872542 434.7109578750789 219.643631681341 1.434468 1.5537056 3.7547522 -8.743589 1.4220936 31.599064 1.5325365 9.707965414867555 
Car -1 -1 0 434.8004118944675 185.06054340751007 478.56590492698723 211.8575309175571 1.4607127 1.6115733 3.8412004 -8.552774 1.4522551 41.125477 1.5961323 5.444006038189948 

