Car -1 -1 0 287.4267307539535 190.45085732931105 410.9057845341376 269.7680533262806 1.5050223 1.5443742 3.6725907 -5.7476816 1.9493388 16.365871 1.5488613 94.61628736410454 
Car -1 -1 0 35.88296634854504 197.98112657114822 333.19007465863666 338.35753269029817 1.4718806 1.6850123 4.312014 -5.766077 1.9147205 10.531941 1.6061339 130.22523614141798 
Car -1 -1 0 696.2353593346177 182.16080865823204 782.6657674701052 241.30052592747026 1.4370208 1.5653491 3.6285176 3.4887257 1.7184895 19.968689 1.5180306 99.0994282589056 
Car -1 -1 0 753.9742903032004 179.79987196733853 971.1329411043514 317.18154642503873 1.5120308 1.6345968 4.094461 3.2668939 1.6298931 10.19594 1.5712535 117.37786474856027 
Car -1 -1 0 404.44410047881536 186.3397114382469 489.1235660271629 232.73781080381156 1.4134374 1.6570082 4.2232704 -5.619583 1.9296467 25.434723 1.6719139 45.51227222553188 
Car -1 -1 0 656.9380139027617 178.2920523801048 700.6714078558454 211.62044309742546 1.4746462 1.5484251 3.7152114 3.250066 1.7484874 34.43886 1.5189087 28.395090849820097 
Car -1 -1 0 488.07348815956595 180.06042712397993 531.3397224630189 208.4398555997301 1.4782729 1.5071559 3.4416206 -5.530965 1.8989761 40.313087 1.7115316 4.922783160940946 
Car -1 -1 0 673.7685448755384 180.5029248880081 741.839625257708 227.09632101364062 1.4845494 1.6437504 4.050122 3.412108 1.7794039 25.742023 1.5086691 5.06308351860791 
Car -1 -1 0 651.4599363851364 178.66208101940046 688.5314187914955 207.8889772555917 1.5179868 1.5152776 3.3277578 3.2992668 1.8528419 39.87897 1.4892036 4.034186201656968 
Car -1 -1 0 510.9289448858565 181.4605598514657 541.6089965298479 206.26964905097248 1.4719989 1.5223532 3.2288492 -5.2254777 2.0348623 45.563255 1.5847092 1.5325474628778053 

