Car -1 -1 0 352.7204129778858 187.76296703685526 437.3371988119199 243.0697457565552 1.4127268 1.5481163 3.9118848 -5.9493012 1.4927027 20.558538 1.4913497 68.16892004606997 
Car -1 -1 0 239.99098254894375 193.4669778766099 380.37389450861184 275.3788710212274 1.3536804 1.562634 3.5442135 -5.6404853 1.5364318 14.08556 1.4796863 76.73994059737767 
Car -1 -1 0 637.5228149590312 181.97775993210678 755.3600463097512 272.74618754524886 1.6008207 1.6279311 3.7601094 1.6676588 1.5437154 14.621807 1.4835408 119.49120096247528 
Car -1 -1 0 520.9218923378377 180.59825234434808 565.3625243706134 222.73539856487088 1.5699422 1.6558187 3.386622 -2.5893357 1.3979058 28.56133 1.4539962 42.24680275643164 
Car -1 -1 0 442.8676330762681 181.91804062405166 479.3231975980013 208.5588511660114 1.4416134 1.5788087 3.8970494 -8.262569 1.2631674 40.90532 1.4899938 7.114818048292065 
Car -1 -1 0 506.73643002593644 183.57866520760888 539.8995859266945 212.9000460042236 1.4698218 1.5546199 3.496717 -4.457548 1.3877606 37.88886 1.4020886 5.768645512987165 
Car -1 -1 0 297.812168648284 184.2259247762311 372.5971447245337 223.89685988271526 1.435595 1.7333381 3.9502358 -10.509961 1.3997775 28.058632 1.4808619 16.177962142368596 
Car -1 -1 0 394.4516471415653 184.28454328781035 451.5435586524411 224.33162490737212 1.4749413 1.6304464 4.3286448 -7.269494 1.4406466 28.718084 1.4577186 13.904168599170488 
Car -1 -1 0 339.77285624000694 173.44540440320708 392.71769638362014 205.89018650178184 1.6122864 1.7249074 4.2167196 -12.623449 1.0273824 37.90084 1.4789821 10.669733859843639 
Car -1 -1 0 561.6623252928966 182.1744066231507 587.9617885906316 201.79954525158354 1.4920548 1.6807709 4.1139092 -2.5939927 1.2608323 56.80887 1.4275193 4.4654553322153605 
Car -1 -1 0 118.9014134544572 168.47923460913148 277.59185718212836 251.35360858945248 1.858335 1.7892172 4.4981737 -10.229645 1.4830446 18.430328 1.4940633 20.699862269874096 
Car -1 -1 0 416.5484299862686 176.42421508099048 439.9723016926184 195.21769457784467 1.5885284 1.6367507 3.8708153 -15.598191 0.8454238 62.79862 1.4189105 2.04669259777575 

