Car -1 -1 0 105.9378691419771 201.30763198030155 428.55551123553516 375.0 1.5494261 1.5708578 3.427676 -3.0500062 1.902595 7.231391 1.5844468 99.07679459299047 
Car -1 -1 0 701.5990631748106 195.8393381666799 768.9343482893503 251.64862914065614 1.4330982 1.5600667 4.221886 3.8100731 2.216492 22.444267 1.6209877 48.60475598177979 
Car -1 -1 0 783.5330536465559 190.60720791680663 1007.9297661705109 346.09214881000054 1.6043913 1.6406217 3.7322514 3.5789902 1.891073 9.763919 1.5977956 95.71295441077481 
Car -1 -1 0 551.7566615255663 188.08080124386927 585.5959300696059 219.34907123548382 1.5744834 1.6775041 3.9937422 -2.2354193 2.466735 40.280254 1.5670301 20.712332801945646 
Car -1 -1 0 693.8854551327613 191.59982521027425 746.8520930152852 236.01300431288973 1.5074776 1.5319328 3.4500072 4.1880493 2.2717276 27.68449 1.5799465 18.908448720493396 
Car -1 -1 0 732.0282691780595 197.33542379253458 846.8343368386556 278.00837329391993 1.4686625 1.6205204 4.1039157 3.935245 2.0963733 16.442562 1.5781713 38.74033833460562 
Car -1 -1 0 680.8207447227413 191.4356776182256 721.9491651807513 227.0583762953101 1.5268574 1.5072017 3.3511446 4.325483 2.4550867 34.362213 1.5628633 9.282725710782444 
Car -1 -1 0 670.0643612346872 191.34046819753112 707.1011127525557 222.63150595126228 1.5188768 1.5739653 3.6300287 4.2247095 2.5647237 38.99818 1.5620228 12.42299863972049 
Car -1 -1 0 461.46803605441517 179.52186230283834 552.1162845524951 265.0208577977409 1.9018906 1.7185748 4.451022 -2.5128908 2.0946057 18.625893 1.5678232 11.047966301505356 
Car -1 -1 0 663.9634650947435 188.26205541159612 694.1688038583121 217.24066637532334 1.6304544 1.561694 3.949212 4.264417 2.6274738 44.700275 1.5893638 0.33306223154067993 
Car -1 -1 0 504.2771094318604 191.5177976195999 568.8501778655785 247.41413959012363 1.6128885 1.6125895 3.6843066 -2.34227 2.2809527 23.950285 1.6162896 0.30506134033203125 

