Car -1 -1 0 687.8494779306781 181.74618090163824 768.69773634211 244.37129182426264 1.4098034 1.5309892 3.393898 2.936796 1.6579125 18.429493 1.5785302 79.23026644238601 
Car -1 -1 0 742.2448323784499 171.75303708794942 873.6040464356112 225.39731860366086 1.6804157 1.662319 3.877706 6.3889456 1.6459278 23.554615 0.06339964 83.44358727426176 
Car -1 -1 0 175.60634328350298 184.76270707918326 411.584197197671 266.2735938468594 1.4430176 1.5652115 3.8597522 -5.959262 1.6860735 13.87457 0.03621774 88.63845044244887 
Car -1 -1 0 636.6767677399138 175.30652899202252 661.7914902416486 197.56027508678736 1.5386841 1.6263697 3.9297237 2.8411145 1.723123 52.292725 1.5765917 9.811892214464468 
Car -1 -1 0 318.45912787101935 179.44003309986348 480.30206589345886 233.40711621330362 1.4742715 1.6197662 4.2207108 -6.0480256 1.675211 20.987764 0.10485689 29.425520328540266 
Car -1 -1 0 250.58767147705683 179.89252224351316 453.27476145177627 252.63656120586347 1.5166976 1.5940317 3.9414086 -5.6348557 1.6818458 16.070034 0.032047704 70.46029349289513 
Car -1 -1 0 282.0352328194151 177.27461354479178 451.4459901837318 243.20635933510292 1.5849516 1.5762374 3.814653 -6.166993 1.7046678 18.5117 0.12989241 22.70564544142372 
Car -1 -1 0 684.7405150128159 177.32697952242103 769.8917222597294 207.282141003216 1.4769735 1.6089716 4.0269156 5.9633245 1.7107689 36.78379 -0.06310111 9.791995729212715 
Car -1 -1 0 365.71579833529347 178.34218185198637 493.3923836737816 221.61381589103135 1.4804602 1.6167331 4.143056 -6.3768573 1.6836599 25.814692 0.044754665 15.481649712153665 
Car -1 -1 0 328.05391707965 177.14783665270878 462.67485539168734 227.32245750326072 1.5550127 1.6232823 3.90048 -6.8615932 1.699427 23.389788 -0.03410109 9.303786773043552 
Car -1 -1 0 418.5667529726555 174.73046579502585 512.5581496038403 210.88852177981605 1.5903904 1.6213837 3.894486 -6.505047 1.6782291 32.80638 0.08301468 1.48023466111452 
Car -1 -1 0 0.0 181.5715134134695 306.6327615492081 286.405531777064 1.4772903 1.5740647 3.879189 -6.9436398 1.6217715 11.131858 -0.020525455 2.106279146575381 
Car -1 -1 0 425.94253010482305 166.12962872505787 518.9883336901479 203.7323307985083 1.7931385 1.5798868 4.254282 -6.640523 1.4724771 35.22815 -0.014448406 1.1690527264585422 
Car -1 -1 0 687.4745567759657 172.64108237288832 765.573671859729 205.0803010177882 1.7046926 1.671064 3.8761964 6.265233 1.6935035 38.88327 -0.06848681 2.153148936425132 

