Car -1 -1 0 770.6918779247242 186.0042098567863 1197.8501940706315 375.0 1.4766382 1.6208147 4.128254 2.7786257 1.6333692 6.5134683 1.5425463 115.60954443559801 
Car -1 -1 0 686.0336465091273 169.9920392705216 795.6479023726922 256.6136597942553 1.6604483 1.5794778 3.4541576 2.7099128 1.6055874 15.596909 1.5188357 140.31377422708496 
Car -1 -1 0 653.5441359222514 175.6102132191423 700.8954918746641 212.6392707147924 1.4030032 1.5502942 3.446309 2.6943932 1.5216763 29.331902 1.5551364 58.199840067468095 
Car -1 -1 0 353.2724678974968 175.4511100099034 488.86355357279103 219.4410263331309 1.4474807 1.6086562 4.209868 -6.3750663 1.539335 24.680233 0.016563466 32.48204151375265 
Car -1 -1 0 243.66070314525174 176.68706180481124 440.40796647268377 243.37405788606475 1.46309 1.5931495 4.0278883 -6.183936 1.5580373 16.907139 0.08558898 35.07160303243862 
Car -1 -1 0 184.9289478837385 176.67960089430773 419.22489499915946 260.3692673532069 1.5288808 1.6034777 4.002239 -6.001529 1.6101308 14.299719 0.11426011 45.24138804506498 
Car -1 -1 0 397.59652867341674 173.63519845693665 508.49303365980813 214.6750620471895 1.4733092 1.5505178 3.757407 -5.7503753 1.5031852 26.764448 0.029335722 19.0200772837388 
Car -1 -1 0 254.56344996937523 159.9557703971925 429.256816182511 230.86283578306427 1.7969744 1.7117677 4.033646 -7.0181856 1.4700987 19.227081 -0.042797282 21.68912807791672 
Car -1 -1 0 694.6349771583825 169.53666604633804 782.0188806456962 203.1679739328376 1.5676677 1.6118745 3.883722 6.097419 1.4130355 34.440098 0.00045047345 3.47091038431529 
Car -1 -1 0 391.2452889471463 170.26693818288828 495.9964050731808 211.00986858218275 1.6048658 1.5909221 3.8611746 -6.687021 1.5029612 29.300772 0.043873332 2.7103554239099314 
Car -1 -1 0 488.59474076599196 170.88914041327945 520.1415128322412 200.6665788420378 1.4744543 1.5508342 3.7148607 -5.503972 1.3771625 37.680843 1.4190295 0.5984475278927215 
Car -1 -1 0 426.0222105968113 173.515041937958 520.425334176155 208.87009609616268 1.502228 1.5778681 3.7813706 -5.940461 1.5321031 31.651527 0.0911429 0.29212427139282227 
Car -1 -1 0 293.6083659571706 172.61730731287744 442.5579460494953 224.1336802498495 1.4825563 1.5772262 3.9878716 -7.1681967 1.4757446 21.71048 -0.08019602 0.5537218749435151 

