Car -1 -1 0 674.1881108562844 185.19511505176501 760.2999849987481 252.47740320206702 1.4957358 1.6049218 4.183712 2.6972613 1.8549931 18.907066 1.5638994 76.13638285235832 
Car -1 -1 0 379.40378478819275 193.1376073437438 511.81900776647035 291.22466984055467 1.4517473 1.6315362 3.787495 -2.8631034 1.881063 13.368992 1.5595219 97.88473646950492 
Car -1 -1 0 521.6077630277078 187.15993929730126 562.3422408929621 224.8967340949749 1.4778097 1.5877858 3.8251448 -2.9120173 2.1443856 31.675032 1.5283227 25.38991001086908 
Car -1 -1 0 643.4907126741091 177.71791964002915 688.686732354748 220.57123193776073 1.8763576 1.591314 3.873419 2.6069412 2.119108 34.027046 1.5065904 16.979127340563185 
Car -1 -1 0 630.8415676666267 183.67939018383834 653.4911152083764 205.90646941016664 1.4984627 1.5416137 3.8672233 2.3413856 2.3151531 52.48716 1.588833 6.146521191387525 
Car -1 -1 0 649.1678114568324 186.3982786061298 699.5560876725929 226.5669947773502 1.4620297 1.5149082 3.619484 2.575823 2.0480216 29.364382 1.5092812 19.656586285073196 
Car -1 -1 0 437.3345855028256 188.7501935421292 528.9342070388412 256.00463743830784 1.4761162 1.6018715 4.105031 -3.1792254 1.9376729 18.882225 1.5907838 20.989666209696825 
Car -1 -1 0 552.2308947391729 184.60625761936342 581.720838662152 212.40250118289595 1.490642 1.5504273 4.1658134 -2.4688911 2.217916 42.557995 1.5568737 0.6032830476760864 
Car -1 -1 0 568.0564677758756 183.71572853710563 587.6778926301907 200.62028171541016 1.5121762 1.5882603 4.045181 -3.0720005 2.5877516 69.34772 1.4526373 3.026337157101794 
Car -1 -1 0 663.3492936481839 185.65780537607327 726.0095462187375 234.93920420906008 1.4567295 1.5767624 3.8661144 2.782321 1.9223503 24.290178 1.5498662 3.319145992899909 

