Car -1 -1 0 317.7873069677513 186.8682664160714 453.80122934644965 271.70566976969 1.5007906 1.6845475 3.881841 -4.5769033 1.8366106 15.347897 1.5722175 125.88331915758043 
Car -1 -1 0 790.1869745598225 185.6918990612772 1000.1004533318523 317.8333484245462 1.4883306 1.608743 3.8922803 3.8611665 1.7098284 10.479265 1.6012608 97.42716919986772 
Car -1 -1 0 737.67067291262 180.37009420428447 849.4692226199303 258.80783019246235 1.5007136 1.6120827 3.710679 3.944627 1.6872694 16.03647 1.5929242 70.7870449860369 
Car -1 -1 0 703.8293915848279 179.85603578652328 787.0181510173983 236.90913188018035 1.4711323 1.6077787 4.1810184 3.8761683 1.6974658 21.221886 1.557412 50.93567098427728 
Car -1 -1 0 530.9209865945114 178.83631134854167 564.7415177033929 206.00570759944756 1.5010424 1.5714691 3.3307757 -3.5809937 1.8658562 42.305374 1.6108668 24.190889854084602 
Car -1 -1 0 412.81957582256763 183.6331923292575 500.1073454181754 241.72459217710454 1.48754 1.6194812 3.8208346 -4.370732 1.8322451 21.1349 1.607689 64.58185098747875 
Car -1 -1 0 455.3893580499491 183.1515726644302 520.9641991887994 227.5167913799593 1.4287112 1.5849407 4.3393574 -4.3496876 1.8372186 26.43726 1.592473 26.228875880158167 
Car -1 -1 0 690.3048919399738 177.24795776072182 736.0096319278658 215.19625151408655 1.5556626 1.5423967 3.505973 4.5025473 1.7597213 31.74775 1.5813472 5.900963695245102 
Car -1 -1 0 690.8416063577978 180.19419975269196 752.4274392905548 224.72590924023464 1.4804796 1.5781152 3.5384028 4.0231667 1.7671188 26.378551 1.5327351 5.8720250212896135 

