Car -1 -1 0 404.3946820043904 189.74642663388468 472.4526623795668 234.15498546378927 1.4465705 1.5634625 3.5718534 -6.248151 2.1139054 26.692936 1.6047032 55.89628229592257 
Car -1 -1 0 19.050336334691522 203.98717723318117 111.93702005994285 241.57400684600552 1.52825 1.5967828 3.6477232 -25.69758 3.0849237 34.233967 1.5958226 33.55540902515557 
Car -1 -1 0 654.1420685548752 176.25440678002053 703.7777198693226 215.547635136935 1.5222416 1.5993371 3.711773 2.8380575 1.6732458 30.160156 1.537199 48.70270307747455 
Car -1 -1 0 441.49750085915974 187.48176390515223 496.50456848659206 224.4507942602767 1.464601 1.6270409 4.035263 -6.1992674 2.1588101 32.21606 1.5823761 35.933453062947 
Car -1 -1 0 69.21872412315352 202.61642117111344 154.90769759522627 237.82814925851866 1.4274609 1.5880077 3.6596727 -23.479881 2.9147553 34.2126 1.5522456 24.8517387158734 
Car -1 -1 0 478.39297185607654 181.02430686908977 516.779885760738 211.4732810037752 1.5710088 1.5810964 4.0188622 -6.2055054 2.0506184 40.333916 1.555246 15.79283583826974 
Car -1 -1 0 115.27846568284517 200.20483288332161 204.63202460481818 236.9497212517433 1.4553442 1.6634345 3.8790874 -20.723867 2.7974753 33.449127 1.5928507 28.397287465798442 
Car -1 -1 0 177.59793588299755 200.0192652515704 252.3425456049241 235.97207469850062 1.4265337 1.6129484 3.7639577 -18.209803 2.7598107 33.48108 1.5032053 3.9899970343635696 
Car -1 -1 0 833.544807322999 162.0522396060166 868.2165114659846 182.01884453555127 1.4751167 1.5744748 3.7411327 18.421318 0.67709106 55.2159 1.6232576 0.558331714563815 
Car -1 -1 0 538.5134980870445 180.4728210117658 555.2854255068622 196.41561044540063 1.5249903 1.6049078 3.861094 -6.30672 2.3155134 72.88763 1.5057641 0.8086308882910208 

