Car -1 -1 0 798.276132260818 198.4902291075473 1233.6816625544304 375.0 1.4341209 1.6127069 3.531718 2.9491725 1.7170044 6.1610503 1.5252044 82.67342347787644 
Car -1 -1 0 666.8634464333305 179.16319303287443 730.4341668476428 227.1367919443381 1.4227505 1.6110246 3.6565428 2.8479505 1.6461632 23.715641 1.5629835 76.17063693202549 
Car -1 -1 0 722.6681264605413 181.1792111825456 889.6020796095993 297.1875890112601 1.5230967 1.6456281 3.8411744 2.957908 1.6799499 11.671735 1.5683658 100.56202286167486 
Car -1 -1 0 327.16314884651734 177.70429662964378 474.86241351517117 227.78312873305924 1.4594116 1.627322 4.0619407 -6.370526 1.6158774 22.250973 0.106602475 57.81514067529412 
Car -1 -1 0 646.6302858043373 173.56817654720555 687.1723105885908 208.816733470399 1.593426 1.6116738 3.7686076 2.6958332 1.6295304 34.58542 1.5619512 31.77427757184611 
Car -1 -1 0 176.83594597056035 173.13162831166187 409.22293176799144 259.29464970141066 1.6264963 1.6676502 3.9453168 -6.239958 1.6324203 14.511207 0.026120208 55.27927541484616 
Car -1 -1 0 71.38316046440906 183.95434112790258 371.0330849299872 281.574236886201 1.4751315 1.6261259 4.1155763 -6.2872496 1.6727207 11.972416 0.028396193 16.379815117913324 
Car -1 -1 0 434.51487129648893 175.57928739786303 526.9830076282694 208.561097678895 1.5511273 1.66047 4.1439667 -6.21686 1.6872637 35.068905 0.07051432 6.668984631531602 
Car -1 -1 0 640.4382482854463 174.93165438235428 673.6135837730137 204.769646719847 1.5814202 1.5791651 3.9441714 2.6186705 1.7037133 40.493786 1.5647421 0.2501363158226013 

