Car -1 -1 0 48.49062846155854 198.12497310428074 379.0969221940947 368.90938423978724 1.4125621 1.5913742 4.1475463 -4.085842 1.599683 8.339989 1.5630383 146.0117163194804 
Car -1 -1 0 460.0231891796137 182.45978786879766 515.0983229337928 219.7320111434247 1.4204628 1.5423824 4.0515575 -4.8203406 1.3154337 29.429398 1.5808632 40.1136927266604 
Car -1 -1 0 395.33672855978716 186.0758166198939 487.7071637736785 243.61120312765138 1.4046676 1.5524795 3.4589467 -4.3544207 1.4299486 19.36588 1.6163565 85.07015447968563 
Car -1 -1 0 346.09371900975896 179.5691655926238 415.28304706761423 222.62630778007403 1.5489929 1.6483752 3.6820965 -8.649089 1.3458573 27.735928 1.5276575 41.83809507788318 
Car -1 -1 0 175.1483489763022 195.7024324584027 322.0977339995562 267.5307940377792 1.4677032 1.6078074 3.560677 -8.313007 1.7424319 17.02451 1.6064838 39.185236643503394 
Car -1 -1 0 497.8039872543975 180.6045334096193 536.2795689971218 208.68723262341885 1.4446214 1.5485206 3.7863731 -4.8261614 1.2074153 38.884636 1.5869808 19.065038641618465 
Car -1 -1 0 577.9301242271902 177.52556205846167 608.6342423547734 207.15081644679364 1.5261873 1.5818771 3.09999 -0.7320939 1.130019 38.590714 1.5608065 16.46185213437655 
Car -1 -1 0 186.60328457167824 167.83597951614718 297.4263871118102 231.06680521723013 1.9829803 1.8083528 4.497598 -12.446393 1.4379354 24.85087 1.5003755 14.81843521133444 
Car -1 -1 0 337.4423639712233 181.8685756932335 393.3559769745249 212.9010432053243 1.5373095 1.620311 3.8618155 -12.552613 1.3714973 37.542336 1.5710459 6.566016407990235 
Car -1 -1 0 488.78862460083377 167.2265527430901 527.54316868863 181.73104253946198 1.4523561 1.5896006 3.7890172 -10.07254 -0.35957813 73.291954 -0.04869708 1.3143772817940855 

