Car -1 -1 0 475.5286977828903 185.35799945919248 534.1211757964375 226.25739233540816 1.4079639 1.7372139 4.097286 -4.003456 1.9315841 28.15654 1.5590048 72.15267541048172 
Car -1 -1 0 129.6670318352892 190.17755203452575 334.4691422572777 300.70249419569524 1.6013188 1.6485798 4.056095 -6.5809574 1.96556 13.131956 1.5573623 94.61801782127183 
Car -1 -1 0 628.7592522294581 178.04539746446625 657.4504577498486 203.64985760611577 1.52661 1.6065218 3.8624847 2.08847 1.8696799 45.7442 1.562099 29.863581664282805 
Car -1 -1 0 365.4120929060035 191.38315449817014 440.3147503701854 240.22541175874707 1.4145001 1.555745 3.5470853 -6.79576 2.0780528 24.047413 1.5466888 52.928448451313606 
Car -1 -1 0 706.2438929242603 170.2144180067607 793.6680820518791 201.20290920004047 1.6278409 1.7192388 4.3532057 7.498863 1.4891821 38.79589 -0.015455121 19.22893944812058 
Car -1 -1 0 1136.531928829974 154.13876690770914 1242.0 209.35777019542934 1.4952974 1.6774184 4.2723513 18.084988 0.98850006 21.762737 1.6955402 7.674372526137979 
Car -1 -1 0 703.925344026458 167.5501385885897 782.515229795633 197.59412862092643 1.7007303 1.6609899 4.224232 7.6808715 1.4004891 41.700207 -0.011817465 9.104359155624012 
Car -1 -1 0 458.6636059604152 185.76785644587295 502.12959561411833 216.30153899636377 1.4927497 1.544636 3.7258651 -6.883767 2.2203407 38.76312 1.6070335 2.0569009036660115 
Car -1 -1 0 834.0142472351681 161.5390277378967 872.3289809564621 180.77928072154668 1.5180895 1.591522 3.7277753 19.82496 0.62531817 58.85848 1.4807521 0.7850572491335829 
Car -1 -1 0 880.7155927391409 151.28791892591627 930.2463526294698 180.9305415922007 1.933433 1.6514976 3.7623382 20.027864 0.52679026 48.986702 1.514606 0.7780340253853423 

