Car -1 -1 0 949.0500178424625 188.45865912746424 1242.0 329.0405165393309 1.4719214 1.561912 3.7969325 6.27211 1.6730345 8.5140705 0.0021953369 44.34749319467353 
Car -1 -1 0 776.4839581172359 184.83117195458854 971.6174880183503 254.45444676080703 1.4655249 1.5811244 3.8682148 5.941375 1.7540233 16.444794 -0.07600901 49.05403483087908 
Car -1 -1 0 861.2431100109287 187.02392861593387 1146.7257991106708 290.38728300079293 1.4806825 1.5684121 3.690294 6.111429 1.7221823 11.434874 -0.04277075 71.47935285230498 
Car -1 -1 0 737.8135282027016 185.0196752404097 907.9190773028915 242.71218625112658 1.437255 1.601055 4.070282 5.6447954 1.7797009 19.346031 -0.081830755 57.649346740323885 
Car -1 -1 0 0.0 184.93233907885988 318.6057738429768 298.88236345400884 1.5343957 1.631518 3.9577177 -6.6515837 1.7293415 10.773268 0.028818231 47.79240733178414 
Car -1 -1 0 632.3522088063069 179.58596345533482 677.6748837302667 213.046139954468 1.4764631 1.6345288 4.406123 2.1374745 1.824022 34.998463 1.5031985 26.423041679137164 
Car -1 -1 0 165.20999915185408 179.64857810127717 394.9000117555818 260.98527552176677 1.6107554 1.6756386 4.1087885 -6.8560123 1.7633637 15.321382 -0.02287132 85.45381602712688 
Car -1 -1 0 832.3157926525317 184.59800724825269 1061.7439371491419 267.415923177862 1.4653753 1.5709994 3.7296386 6.4259534 1.7076228 13.956553 -0.07712428 33.53224429883584 
Car -1 -1 0 408.72037376408446 180.55295057012685 509.38386587723005 215.61672755011801 1.4775535 1.6158915 4.0523744 -6.576214 1.826354 31.752707 0.06433419 13.46831825392813 
Car -1 -1 0 735.0983869676141 172.52677928414303 880.3266281697368 234.6450668395932 1.7824254 1.6796366 3.869747 5.887065 1.773036 21.689245 -0.076590315 14.409833426190323 
Car -1 -1 0 225.19007654288404 164.70554813449863 425.88822183173664 244.63141719363318 1.8799642 1.6818502 4.3028555 -6.9035788 1.6883016 17.84774 -0.016449625 29.514042114323114 
Car -1 -1 0 614.3624202694463 177.428706280419 642.8067675517738 200.3817340236924 1.498526 1.5432159 3.9208736 1.2793176 1.827891 49.929993 1.4862636 1.88213906847339 
Car -1 -1 0 382.9430159836908 180.77404186243643 491.7754981501899 220.90950089041795 1.5518848 1.6333451 3.985956 -6.883684 1.8805616 29.089703 0.018640958 5.626978224338949 

