Car -1 -1 0 288.49454958097243 187.69020893250683 442.02574517985965 281.6313614455456 1.5229737 1.6712905 3.8710437 -4.624305 1.8562924 14.261784 1.586863 113.71849632632876 
Car -1 -1 0 806.0712941575196 186.80383141555154 1051.2847998562274 335.93915152723343 1.470736 1.6030387 3.8170137 3.832919 1.6899757 9.408433 1.6005037 90.2032737316426 
Car -1 -1 0 526.2887451238976 178.9667406693175 562.0144489785158 206.4104608683664 1.4740852 1.4973032 3.3184075 -3.698162 1.8379012 41.231594 1.649081 26.59236033157223 
Car -1 -1 0 397.25578833922435 184.5868002461279 491.2554590119025 247.02657571376412 1.4993796 1.5792753 3.8323364 -4.4612913 1.8564105 20.007671 1.6144989 67.25879533689476 
Car -1 -1 0 744.6667498723605 181.80489887191337 866.6612741145843 265.1039873950617 1.4624662 1.6112138 3.7899408 3.9144037 1.6723443 14.999369 1.6018186 77.73563647318183 
Car -1 -1 0 706.1760194317368 181.30645062927715 797.6352720125591 240.78956521674067 1.4383826 1.6363525 4.1728735 3.8448029 1.69913 20.152426 1.545959 71.07688796144035 
Car -1 -1 0 447.18242120689985 184.04180804526484 517.1141778645668 230.77949970287713 1.4362413 1.6240046 4.1302257 -4.3605766 1.8601599 25.255302 1.5955541 36.61616213721048 
Car -1 -1 0 1008.3246878293202 173.42116534086222 1133.9893009303876 221.59520723075025 1.4952865 1.6065989 3.5153174 15.415085 1.5158682 24.311977 1.3932436 39.6399532927094 
Car -1 -1 0 690.0923741393648 178.25749997158294 735.035634329595 216.4863863243909 1.5122621 1.523082 3.4341407 4.338937 1.7557411 30.773201 1.6005311 7.9300142007648375 
Car -1 -1 0 695.9244543313007 179.2152084155867 755.2399741905278 226.86318016426915 1.516241 1.5878174 3.6097498 3.9889295 1.7551503 25.273487 1.5975778 5.032701107018556 

