Car -1 -1 0 664.2594920492544 177.32079739067092 822.6042096809415 288.31241228842646 1.4843252 1.5568825 3.3899121 1.9717085 1.5669273 11.567638 1.4517839 101.47331150666047 
Car -1 -1 0 572.5920657840121 172.45634005087106 676.5318385390029 214.85687253205091 1.4850531 1.5876788 3.6871068 0.59439355 1.4711251 27.005178 -0.63608974 113.92964533905102 
Car -1 -1 0 751.5465686370997 167.25135757639225 870.7419245315165 217.6254964764005 1.4772696 1.5919833 3.7971427 6.4333615 1.3129667 22.89892 -0.6091605 63.564162257279776 
Car -1 -1 0 840.7250149100696 164.4563518117326 944.0675077848215 209.32706155816908 1.4876788 1.6193378 4.029052 10.157654 1.2092564 25.802332 -0.66470516 61.26161387035202 
Car -1 -1 0 921.435703940997 164.67879706928733 1004.0981341165011 203.17343069378455 1.4346194 1.5165317 3.3714867 13.967142 1.1299455 28.489332 -0.62260985 61.3556766164599 
Car -1 -1 0 973.3621732724182 155.38431488635186 1060.2928397968503 200.228290599949 1.8136797 1.7092463 4.217911 17.605263 1.1071317 31.128792 -0.6415362 32.84320329715758 
Car -1 -1 0 705.2061520383965 171.98788816843913 797.0372857482387 206.9300557694985 1.4131813 1.5483255 4.029948 6.117242 1.3781526 30.996065 -0.63166124 19.063156607144304 
Car -1 -1 0 1074.679061028023 160.71780226321746 1116.7309271649826 191.71094582285912 1.5246671 1.6202645 4.167696 25.401474 0.9276426 37.64962 2.2120328 1.5671268101870512 
Car -1 -1 0 1127.1154235606377 156.5660209547992 1185.0619615808964 185.58504182429922 1.5353653 1.6144302 3.8153405 30.303967 0.6735856 39.97996 -0.6569006 4.7485801002811705 

