Car -1 -1 0 710.5772629694242 187.38399425692873 831.9200000447482 279.8959226130567 1.4399387 1.5528824 3.438763 2.881107 1.7468145 13.506877 1.5875132 84.14044981433743 
Car -1 -1 0 774.1990569695197 175.6497930578735 959.1806820332529 243.82828047161362 1.6656407 1.6932572 4.202492 6.5302734 1.7417293 18.671844 0.057068553 87.82633704099229 
Car -1 -1 0 302.9541113663788 182.50898523201877 464.7071735975299 237.54761034710592 1.4788172 1.621217 4.1982207 -6.379367 1.7700773 20.754223 -0.098087475 22.288879818728805 
Car -1 -1 0 0.0 193.54068697711068 312.60524478004913 323.0694918073688 1.4172398 1.5903542 4.1066194 -6.0763707 1.6984003 8.982351 0.014241965 110.80292586094363 
Car -1 -1 0 221.6921744507525 182.05035649567603 441.6316470615973 257.4047884734982 1.5500942 1.6318018 4.2496543 -6.04755 1.7655101 15.983905 0.04824868 70.21610731808366 
Car -1 -1 0 349.20314182071513 181.3533341288236 479.7711407678469 230.42871236745776 1.512554 1.6149473 3.7861037 -6.2340436 1.7969164 23.32991 -0.0016501131 15.985887993651396 
Car -1 -1 0 257.96475489057235 181.21938890467808 427.39259309109923 245.94453687183568 1.5510983 1.6038455 3.7677186 -6.7199383 1.7759659 18.463749 -0.06999126 16.452717741400683 
Car -1 -1 0 711.6602260660876 180.84942460424406 823.5306228791122 221.04213651021024 1.5382695 1.6363983 4.0903015 6.296517 1.8702123 28.979572 -0.078587055 17.504892680331203 
Car -1 -1 0 383.00790837403235 177.47621693253012 494.36564862902736 222.99569394786292 1.6817315 1.6570897 3.9823534 -6.5194383 1.866529 27.853306 -0.084685706 22.929569908766418 
Car -1 -1 0 158.13712131067766 181.03916972609946 396.76608961273143 271.0615966545424 1.5513825 1.587368 3.8212104 -6.1734505 1.7172483 13.619059 0.11203812 43.5439165143692 
Car -1 -1 0 76.75089718138842 182.11249468398626 389.72704280078426 292.58071220266595 1.5544478 1.5914634 4.0171933 -5.649526 1.7082765 11.14163 0.025473764 85.06127189266688 
Car -1 -1 0 634.8636717041236 179.5435876160267 669.7379924692298 204.3070485247928 1.5167885 1.6416028 4.0419803 2.7628748 1.9759251 47.425224 1.4636194 9.040058796965832 
Car -1 -1 0 696.5951418908901 182.89327233877734 791.1273665378945 217.11905950620914 1.4430258 1.5809777 3.832129 5.893674 1.8996679 31.892448 -0.07245363 10.520268790090213 
Car -1 -1 0 697.0797886109701 176.35962470367323 782.8075256688313 214.13976716234984 1.7269757 1.655626 3.708505 6.109984 1.896854 34.057793 -0.043188047 6.503850499143866 
Car -1 -1 0 478.34209594552897 181.11247090602456 546.5367714598588 206.28767758358333 1.4931891 1.6154354 3.9129074 -5.93476 2.0112119 44.331833 0.062075652 6.217669791517343 
Car -1 -1 0 529.834439593985 175.73524008521494 558.5842179843002 198.68498462350814 1.7179394 1.6999776 3.8660383 -5.0783405 1.9513878 56.484917 1.6256746 1.584005934393358 
Car -1 -1 0 397.2880609171214 171.20215722350682 506.96649664690267 213.11888447771187 1.7150905 1.6042633 4.265566 -6.557436 1.6475025 30.337654 -0.0059344503 0.6756680073931373 

