Car -1 -1 0 830.0728149127714 188.87313022074102 1120.5289043932926 364.04848902826257 1.4676831 1.5877595 3.8399606 3.8449144 1.6968712 8.363437 1.624337 97.81289192932377 
Car -1 -1 0 259.2245681264956 188.96470375433728 429.08528299415417 289.1469297203877 1.4788249 1.668468 3.884525 -4.6357107 1.8175288 13.223055 1.5755719 123.95193952870119 
Car -1 -1 0 522.8405845128029 178.47655615369118 559.4537263309786 206.2593424183083 1.4544754 1.5204437 3.4024358 -3.7720234 1.7815249 40.225002 1.6327198 26.248381598849036 
Car -1 -1 0 383.33796603079963 184.92563757691207 484.61436259787024 251.31310306773642 1.4973613 1.6155392 3.912271 -4.480788 1.8478354 18.970829 1.5981264 77.32793345538234 
Car -1 -1 0 751.895723691382 181.1159455356718 886.1136175353901 272.72633074787854 1.4857233 1.6228695 3.727522 3.868657 1.6669116 13.93322 1.6050389 67.57467032632707 
Car -1 -1 0 710.7603874285069 179.86555761169757 806.1766625349778 242.53167773504765 1.4384544 1.6315033 4.1250257 3.8055472 1.6441658 19.097534 1.5594972 68.93675495345991 
Car -1 -1 0 437.5010643522126 184.50950825412954 512.3409402799051 233.0947933526086 1.4240218 1.6650705 4.0835066 -4.4100227 1.8481455 24.195892 1.5928521 49.6683524802038 
Car -1 -1 0 691.0943118753718 177.8774790414583 740.5633831057081 217.46068717891413 1.5093545 1.5465305 3.4688528 4.3137803 1.7282013 29.694136 1.5774412 14.330652415421492 
Car -1 -1 0 1017.7786055397119 172.56586338246518 1158.2818962320937 223.01896354881808 1.5019052 1.6711617 3.7641757 15.403877 1.4933277 23.479378 1.3926008 35.409607389626714 
Car -1 -1 0 696.1725845541567 179.3182845572892 763.2618650607504 228.7127596894697 1.4998524 1.5971091 3.6906285 3.9530778 1.733732 24.250189 1.5581605 9.353061206267538 
Car -1 -1 0 561.6986730930322 176.79950421759426 600.926695124113 190.10036414882643 1.4340806 1.6421645 4.17325 -3.0842986 1.8726785 79.27826 0.053171486 6.37880347069605 

