Car -1 -1 0 421.00015556557264 185.91149585917503 497.91774026216314 235.7037978416252 1.3983852 1.5584157 3.4800303 -4.4286976 1.4213797 21.997166 1.5963819 73.11826266612672 
Car -1 -1 0 214.51262872328888 195.7157501012679 420.2458546288849 312.8476128819798 1.3966626 1.5804161 3.850508 -4.0977607 1.5833613 10.849846 1.5622398 107.65426930501185 
Car -1 -1 0 470.9802143048612 182.85270063753475 521.4773137234322 217.3389236523091 1.4441886 1.5372697 4.0454583 -4.891692 1.3452327 32.145386 1.5962884 30.427556272694943 
Car -1 -1 0 233.25005952871444 185.45062712916535 355.23804069559674 241.7997992420298 1.3930361 1.5016985 3.6858172 -8.418737 1.4000893 19.684414 1.65142 18.347930717903925 
Car -1 -1 0 578.4112839726942 179.48457206396557 608.9676267032153 207.85302163168404 1.4760463 1.5899913 3.6332018 -0.7195572 1.1778486 39.22694 1.5614496 14.915541122724056 
Car -1 -1 0 370.78846611983903 181.1269731208532 434.88094502205416 220.29137900047252 1.5603354 1.6258719 3.7723727 -8.595807 1.3974379 30.531712 1.5780336 28.194415484713254 
Car -1 -1 0 0.0 186.68431768414675 213.74979371762137 307.28089606426397 1.5852025 1.6457666 4.015696 -8.238036 1.6128426 11.513711 1.5801975 86.05486066895 
Car -1 -1 0 504.83958957878787 182.2558330909141 540.6671748520411 208.29971081711295 1.4359983 1.543807 3.5998607 -4.8255215 1.2727983 41.457867 1.6001811 10.429833620467315 
Car -1 -1 0 230.08858192232384 172.68219240910437 326.3368774477721 225.78352824148573 1.8642325 1.7699993 4.4096093 -12.420987 1.4242178 27.467447 1.5406044 21.797776277755847 
Car -1 -1 0 353.7967561264313 180.752038551309 403.4676334808479 208.78005288569395 1.4912019 1.5868354 3.8130865 -12.70229 1.2537174 40.15832 1.5634491 4.8036836670745835 
Car -1 -1 0 0.0 188.93059137569642 173.23489865854654 248.5329196718854 1.4886875 1.6013736 3.9361455 -13.922491 1.5926666 19.101286 0.11399198 2.9880867001661873 

