Car -1 -1 0 968.4560109674014 175.98866596549422 1088.4240508048097 277.720529827943 1.5534177 1.6638747 4.1280665 7.7197437 1.621011 13.356041 2.0971127 65.78319472194086 
Car -1 -1 0 217.34902107242226 216.69067493683121 519.1625028523384 375.0 1.5143921 1.5883539 3.4928916 -2.8783288 2.1240706 8.364289 0.63021165 139.7056980307761 
Car -1 -1 0 71.45543494440643 227.66190066393187 300.816998370861 365.0708462527739 1.4996363 1.6436582 4.0050387 -6.663756 2.492071 11.209956 0.64019305 113.47526238366642 
Car -1 -1 0 0.0 234.87071213532394 150.71502567406282 341.9396254440967 1.4970691 1.603576 3.7277484 -10.505428 2.8370914 13.84864 0.6261279 85.29556014937451 
Car -1 -1 0 1020.7906969053322 177.02927509193958 1078.5029259471096 223.68062667465554 1.4584765 1.5694025 3.530829 15.064886 1.6132631 24.825493 2.0825553 2.3909998203008223 
Car -1 -1 0 1143.4687420784899 169.7120448471373 1174.450421844722 190.94143847873355 1.4836586 1.5282594 3.7723155 39.87321 1.2640765 52.42253 2.1508842 1.3748504403397268 
Car -1 -1 0 758.3507040668123 181.3433565437156 789.4276417866106 201.86196431844405 1.4769439 1.5844706 3.6769805 12.689913 2.1545758 55.5933 2.010396 0.7794455120221084 
Car -1 -1 0 982.810610515557 162.94984166441947 1070.5305454538293 248.19326418505963 1.798787 1.5818028 3.797598 10.038609 1.5897917 17.244953 2.1572196 1.112234440223753 
Car -1 -1 0 1184.3365723812656 164.4870769581486 1242.0 205.47858646106008 1.7024062 1.6106291 3.8715625 26.818443 1.3549218 32.033703 2.131194 0.8935347401928272 

