Car -1 -1 0 151.85611937876777 200.0524062221418 348.158882380632 308.17373367612623 1.4426527 1.5587864 3.8032742 -5.971081 1.9862082 12.505231 1.5538394 120.18729401940254 
Car -1 -1 0 290.0485074285562 194.3859994848749 411.45819809825105 267.5505010083811 1.4548545 1.5595413 3.684709 -6.045498 2.025853 17.285055 1.5795592 76.45199798601364 
Car -1 -1 0 436.30707219033576 187.20113975600557 500.19061687050527 225.4617709236502 1.4346508 1.6836469 4.185483 -5.9414387 2.0895748 30.798227 1.6299194 46.62668409889192 
Car -1 -1 0 857.460314509276 150.55067846782086 1041.5780773426306 209.84278538847494 1.5121323 1.6636958 4.1393766 8.978057 0.94332844 19.270359 -0.017974623 99.20580408801193 
Car -1 -1 0 372.25956414703984 189.3558783276095 458.24369725896463 241.9659818712711 1.4488637 1.6861565 4.121489 -6.1338105 2.0275178 23.234476 1.5633852 54.31113885263745 
Car -1 -1 0 668.4437172036501 174.89389851586077 732.8237785802374 221.46527817546357 1.4858631 1.584713 3.9924805 3.096789 1.5629193 25.227108 1.5274801 31.58125059032603 
Car -1 -1 0 850.4434781144078 150.6967282327197 999.3711847778794 204.10770846377844 1.5487988 1.6176147 3.8115048 9.473721 0.90628743 21.841057 -0.058086216 23.88271437805948 
Car -1 -1 0 765.1059334835871 165.35816128750994 889.1582408397423 206.4424839335216 1.4868476 1.6548324 4.136291 8.094604 1.215572 27.048466 -0.053047236 26.58576242965725 
Car -1 -1 0 659.6727700828994 172.9793211194905 706.9705168501822 215.22554773019837 1.6797576 1.6151764 4.0616984 3.0753806 1.685449 30.735296 1.5748116 24.557685005531464 
Car -1 -1 0 811.3490179851789 161.47654805108016 943.176650061123 206.8954868168279 1.4660558 1.5937984 3.8611693 8.966494 1.0988084 24.306723 -0.11685988 20.96969436730931 
Car -1 -1 0 469.9060896437495 184.93500155844444 513.3279830065784 217.67408374907933 1.5286393 1.5480086 3.5959647 -5.9694557 2.1759946 36.846817 1.5954096 6.656478963727029 

