Car -1 -1 0 733.288184250143 181.45404352853703 827.9820541383169 251.0662646865539 1.4896514 1.6198472 3.8062735 4.1076856 1.7256994 17.862251 1.6218951 59.193582564685336 
Car -1 -1 0 768.9121365599478 179.36481983615917 931.8764721830099 284.89705801864113 1.5604037 1.5766604 3.4731555 4.0319242 1.6905564 12.655296 1.5284302 97.33938665639468 
Car -1 -1 0 865.148129892265 195.3077746171001 1242.0 375.0 1.4468434 1.5954621 3.8754623 3.9140658 1.7235086 6.9395046 1.5877244 79.18169838166627 
Car -1 -1 0 431.69855092521914 184.89899629944145 512.5768881262724 238.6931775346586 1.4850905 1.6518167 3.9049387 -4.2346926 1.8988426 22.797405 1.616019 72.32924237517062 
Car -1 -1 0 554.1727402970788 178.2973268862116 584.2948417850479 202.11625696450227 1.5572215 1.6024182 3.6982472 -2.7544188 1.9484226 49.949493 1.6489257 17.916528899162195 
Car -1 -1 0 480.85093344113494 182.2825775736916 537.2981768845849 223.12882431485326 1.4617994 1.5182478 3.7954779 -3.9178975 1.8615282 28.65317 1.6260384 21.213289672074918 
Car -1 -1 0 711.9386196529902 178.974629714729 777.352278488632 229.67814812476243 1.4818923 1.5761453 3.6168685 4.2920737 1.6957335 23.370455 1.6107733 25.11945114064315 
Car -1 -1 0 692.5617547516218 178.9725129861116 748.4913750277514 220.54807716203268 1.5047348 1.5769254 3.8667665 4.3285837 1.7639947 28.630138 1.5575978 17.5143187689902 
Car -1 -1 0 503.70977085466706 182.41624238179972 551.6991225545644 215.74286930527364 1.4196543 1.5421946 3.634457 -3.7637866 1.8909802 33.688805 1.6556389 6.202322070150274 
Car -1 -1 0 685.5646476892077 178.50765914901666 722.0673919391563 208.2566026978665 1.5187888 1.5785196 3.5054526 5.085596 1.840332 39.272026 1.5857818 7.9115194308579735 

