Car -1 -1 0 678.3173857568842 186.18113718206817 776.6461013129684 252.52551328058948 1.4361734 1.5459422 3.3704705 2.8502715 1.8030956 18.09746 1.4468119 108.03502967839086 
Car -1 -1 0 646.6766444705753 183.60903346806955 701.5864983417515 225.8330949407638 1.4451879 1.5846313 4.059044 2.4127936 1.8904263 27.808298 1.5273342 50.926548564361916 
Car -1 -1 0 152.72502898192303 193.0219529305425 400.07411262117864 272.9256436064992 1.4158125 1.6039613 4.064584 -6.3344913 1.8302432 14.011652 0.0065182834 106.6321948828408 
Car -1 -1 0 0.0 194.23663274614353 253.61270596212972 323.3057589427178 1.4595783 1.5597169 3.633799 -6.742452 1.7555921 9.2041025 -0.0026221578 52.84494924633738 
Car -1 -1 0 222.58166685695664 190.36609015329313 414.48151546357377 260.46432643763615 1.474076 1.548777 3.721937 -6.4899817 1.8896923 16.343695 0.0033614114 32.65391791388896 
Car -1 -1 0 297.89502633786145 187.8387615529611 456.29150735538997 241.73649748907957 1.459736 1.6205578 4.0781875 -6.691946 1.9153912 21.002 0.06370905 36.55639722934708 
Car -1 -1 0 412.37504394444977 185.48746378635684 516.8631667113943 221.18198431598157 1.4765902 1.6494514 4.1870327 -6.3012543 2.0476267 31.592426 0.09586068 15.675861671875872 
Car -1 -1 0 336.78441514155907 186.43193045081932 466.8762699995349 234.63696499904066 1.4808178 1.5826508 3.7747006 -6.673179 1.9370425 23.432962 -0.010470058 14.493321924624231 
Car -1 -1 0 359.51565346691746 182.57003567784528 478.5788900882934 230.29040101867983 1.6062032 1.5437636 3.7988172 -6.742674 1.965831 25.701204 0.126692 11.05538666293253 
Car -1 -1 0 262.1536127984767 189.3612475662594 431.29648320400463 249.1472282488366 1.4358432 1.5550506 3.8140879 -6.732193 1.8837671 18.697256 0.055257287 17.806331577081817 
Car -1 -1 0 639.5089674587774 181.33307779687635 677.0039891825444 211.31056333157468 1.4785554 1.5729134 4.136223 2.570867 1.9600599 38.874844 1.5286702 5.448391387462978 
Car -1 -1 0 438.59238048556875 176.03966905909823 515.3864356389136 210.33358658948796 1.6779315 1.6459832 3.6832628 -6.6487246 1.8433151 36.47257 -0.09046957 0.575453353698378 
Car -1 -1 0 520.251602995982 181.00703232258027 545.148552384118 204.6929790336025 1.4803656 1.5951397 3.682811 -5.129561 2.047955 48.321117 1.4734979 0.2631467878818512 

