Car -1 -1 0 0.0 192.0805576138812 199.6622959284002 301.67852437238287 1.4205747 1.5923753 3.8167005 -8.382233 1.548323 11.467047 1.5730833 86.92607154448383 
Car -1 -1 0 380.0506702352705 183.71114360193994 495.8764876184609 258.98682009865706 1.4681273 1.6213392 3.6956751 -3.5919135 1.4387834 15.884303 1.5914795 98.11820525038938 
Car -1 -1 0 208.8334792631984 173.91515760513118 349.10360074317055 250.52761491310315 1.6581674 1.6318556 3.8469503 -7.7980433 1.4135833 17.488413 1.5786198 116.9481302570403 
Car -1 -1 0 489.7221343925681 179.23777676700988 546.16921240535 220.42289399127242 1.4983306 1.6644529 4.2481647 -3.4281301 1.2808515 28.282263 1.5779741 65.79469850854085 
Car -1 -1 0 577.9539769029457 177.87126743327136 618.3109692562675 214.81050378954566 1.5273337 1.6698998 3.3700795 -0.41846666 1.2236621 31.429033 1.5445709 23.02852204055992 
Car -1 -1 0 338.09656185384193 182.68394131472533 414.57112369054704 229.30701120361945 1.4599414 1.5949711 3.6987414 -7.7360134 1.3806627 24.402012 1.5135615 18.354717097321977 
Car -1 -1 0 68.7805982161066 187.61940519397223 220.6383900864547 245.51532706163997 1.3758179 1.5865886 3.965116 -12.173101 1.4468751 19.249622 1.5470368 40.25302647144445 
Car -1 -1 0 456.4909834561306 179.0439441421015 495.6249223877789 205.535564576064 1.5058038 1.5821278 3.7386997 -7.7469196 1.1549966 42.743843 1.5891078 12.188274223027747 
Car -1 -1 0 410.14006854919757 183.34095879298906 461.4889329128198 217.71758735045285 1.4431362 1.508825 3.6417577 -7.567572 1.3644344 32.018364 1.5436621 0.25767743587493896 

