Car -1 -1 0 675.9499234238497 181.68235664393518 750.8097387148838 238.5174815867495 1.442164 1.6022009 3.5776138 2.8804803 1.7169317 20.66151 1.5628098 81.60195311681916 
Car -1 -1 0 755.8270384332807 184.48995220428 1017.6176916912394 360.01547551687486 1.5715144 1.6466124 3.7946098 2.9662042 1.7411366 8.615263 1.563946 130.33524237333413 
Car -1 -1 0 274.7846315306329 176.39269911133937 452.73652794815393 237.10088877230518 1.5260583 1.6625223 4.1640854 -6.4556494 1.6249357 19.205109 0.060652804 92.63596264524192 
Car -1 -1 0 652.57974525489 175.38117290277415 695.388509850962 215.15849830833338 1.6212988 1.6394616 3.7632694 2.7610466 1.7384902 31.555481 1.5991395 31.1825762275523 
Car -1 -1 0 60.28024941875961 171.74844581152732 363.4689837626835 283.00108661642207 1.6426454 1.6557853 3.9545133 -6.199195 1.6263218 11.540325 0.029995408 88.84237951991038 
Car -1 -1 0 0.0 176.74635187350762 291.8965638320027 317.27697902701686 1.5516858 1.647481 4.0885854 -6.33988 1.6049945 8.950289 0.05342528 27.606617365546622 
Car -1 -1 0 347.2774292059923 169.08887161539758 484.8336394328903 223.9520393701841 1.7696532 1.7127104 4.139372 -6.3957667 1.648206 24.146936 0.008147102 34.862367568223696 
Car -1 -1 0 139.61733827901597 174.72360750745912 369.5211425574216 257.73827422177567 1.5433195 1.5749404 3.7850044 -6.9098573 1.582492 14.284735 0.02426389 3.682171205045555 
Car -1 -1 0 418.75253720336457 175.38792759037415 514.0923325288924 211.9972662326194 1.5572859 1.6561166 3.9148395 -6.236389 1.6720134 31.744719 -0.04959043 3.619510649565776 
Car -1 -1 0 397.50675622623004 178.38796571819188 507.2225824966409 217.65915037462892 1.5197908 1.5956515 4.0431557 -6.2810845 1.7496597 29.073738 0.049759377 1.526873667777616 
Car -1 -1 0 637.4463269039355 175.1962280857368 667.656561924591 201.86456905637598 1.656059 1.6262228 3.7508607 2.7642484 1.8149352 47.041557 1.537705 1.1917363314716125 

