Car -1 -1 0 700.2238600193566 187.08231603953237 802.3014657599963 264.87957994437346 1.411364 1.5502231 3.4864478 2.9170737 1.7513046 15.485093 1.5846257 69.45224086826757 
Car -1 -1 0 764.0050942152603 178.73872562229096 917.0108900226924 237.00086091806304 1.567896 1.6440712 3.8801918 6.484212 1.7436025 20.578075 0.07529993 84.96784566901184 
Car -1 -1 0 31.428923282723595 192.48338040932177 361.5282548815342 297.64233578146 1.429808 1.58243 4.084552 -6.0628085 1.7481186 10.904132 0.0025144168 107.98119236770481 
Car -1 -1 0 263.0227411856851 181.2197895376744 458.7001583783212 247.58900192903326 1.543212 1.645411 4.3045073 -6.0989885 1.7625474 17.967047 0.060021702 65.89428669661491 
Car -1 -1 0 334.64132080409655 182.8702255742756 479.3429961706677 232.13036896674123 1.4723608 1.6133251 4.1119356 -6.3451614 1.8022414 22.850624 0.05225972 23.029550059896554 
Car -1 -1 0 629.1343491040499 179.79558081100356 667.6200791725713 203.8815882205538 1.5363959 1.649476 4.056734 2.6102793 2.032568 49.42054 1.3658967 8.472061492183737 
Car -1 -1 0 156.80244594698945 183.8256366896593 416.683167926277 275.0978831062118 1.5253007 1.5839721 4.0056243 -5.7142315 1.7366793 13.078439 0.015356462 78.14071980523082 
Car -1 -1 0 291.4942852990975 180.72853535855822 443.64512998832856 239.949728358667 1.5820124 1.6109011 3.7872431 -6.751663 1.8146279 20.414318 -0.05053308 12.050279694183816 
Car -1 -1 0 223.4090017970478 180.76552932747757 425.8125749074378 261.6141243377441 1.6177602 1.5733929 3.767585 -6.0766287 1.7994356 15.59835 0.0998719 23.94569012583352 
Car -1 -1 0 690.0831238210807 183.32790338408282 775.512281068041 215.93565205837945 1.4588346 1.5632157 3.668664 5.745965 1.9640667 33.849735 -0.09681389 12.718915405440587 
Car -1 -1 0 397.4699219757722 177.22914246605475 502.14665361482884 218.00545361650518 1.6272438 1.6358552 3.9981077 -6.5486674 1.813708 29.8675 -0.0331538 9.162779534679393 
Car -1 -1 0 691.6037747756799 176.88525312917736 772.4643127593695 212.9570413820975 1.7403402 1.6538346 3.6888711 6.0683694 1.9466969 35.98007 -0.070568465 4.807570620862019 
Car -1 -1 0 374.29007942925506 182.46472216551888 491.6723081900827 226.83917552996957 1.4820918 1.6004435 3.7100172 -6.1338778 1.8305672 25.314339 0.025865393 11.000211336829945 
Car -1 -1 0 707.0577002587866 183.20696889748112 802.7149594294721 219.79757041291043 1.496911 1.5660672 3.740387 6.189325 1.9539773 30.94398 -0.069335334 3.340368592763338 
Car -1 -1 0 486.07276068964353 181.45649995275915 551.2183503008333 207.05023203373148 1.5887628 1.634814 3.91996 -5.8071194 2.1523132 46.340828 0.056712314 1.8631389217926841 
Car -1 -1 0 405.74303607334485 168.58440816739923 506.16730134209377 209.2264489939339 1.7719452 1.606386 4.1424913 -6.8202715 1.5857959 32.290443 0.014065876 0.9822477730501683 
Car -1 -1 0 668.3472066324086 178.89323299526995 699.1526484941957 198.78976051867141 1.5374453 1.6159577 3.8570719 6.029062 2.0482788 59.007706 1.4274192 1.1479524342943692 

