Car -1 -1 0 686.4520586342144 186.14357689670277 777.7312112963436 249.71183514788902 1.3716623 1.529532 3.4155374 2.8962166 1.3962018 17.286625 1.5477383 79.82931649633385 
Car -1 -1 0 443.3180908307006 180.36293504423807 508.29875342863966 228.23710311601883 1.496001 1.5651828 3.5358176 -4.349469 1.3443589 24.236074 1.5644677 77.8663339022271 
Car -1 -1 0 149.27303280502 186.2426937310198 313.3037638015647 257.6739385439421 1.368785 1.5787145 3.8116767 -8.014427 1.3940036 15.740945 1.5774868 76.530126239432 
Car -1 -1 0 292.43065144263414 184.17037643355664 464.34681573963786 289.2732313832996 1.4918746 1.6410663 4.071214 -3.6526694 1.4770368 12.241497 1.568177 95.17785464014209 
Car -1 -1 0 630.8857864405386 178.5329452128195 664.6075070721082 203.59383862026382 1.4503472 1.6097832 3.907266 2.4149265 1.0635967 43.59872 1.5136424 18.291419157673765 
Car -1 -1 0 501.1455092909406 178.96985562306398 538.8783850685977 208.5064714404382 1.4442565 1.574295 3.634073 -4.4371266 1.1388526 36.9834 1.549505 21.17363412798843 
Car -1 -1 0 584.8025699205139 177.26022113848632 614.1519383336472 203.1020645642644 1.4974678 1.6118804 3.85495 -0.5066116 1.0364685 43.624725 1.5157676 14.404971298268546 
Car -1 -1 0 395.58428766516124 172.8407260376564 451.2553469500901 208.6603057783835 1.6148639 1.6622562 4.0064325 -8.720689 1.0569596 34.41646 1.5649068 24.041563354610624 
Car -1 -1 0 299.30010655613813 182.87331262267125 393.29856572969067 231.4468549706258 1.4732159 1.5382432 3.9750416 -8.516829 1.4021723 23.819191 1.6106372 2.5751050322521216 
Car -1 -1 0 573.9322486308578 177.7438527309625 599.3216092624715 199.00004950010802 1.4707735 1.5590748 3.833761 -1.4454858 0.95377636 51.687347 1.6125729 0.2634962797164917 

