Car -1 -1 0 0.0 185.78702383827672 243.47593540653946 303.9033281694597 1.5383675 1.6116173 3.923369 -7.5383973 1.5489423 11.3434925 1.5711943 122.74338058987837 
Car -1 -1 0 562.9477028834935 179.70185876562812 618.2193855669707 231.86121967129338 1.574569 1.6687975 3.3068357 -0.5152141 1.4081191 23.360968 1.562373 36.14119183809956 
Car -1 -1 0 279.3427711112841 180.68459574396437 478.67706679695993 308.9518629264416 1.5692657 1.6652374 4.0842648 -3.161695 1.5138307 10.847586 1.5838846 117.18325250092161 
Car -1 -1 0 273.209060889968 184.28397110092172 341.78925018454066 221.08223931415733 1.4469223 1.5952944 3.4317894 -12.433257 1.4102864 30.024044 1.5140897 33.121557074414696 
Car -1 -1 0 476.3676117953579 183.32326832409646 539.9500062737618 230.11581461141822 1.445825 1.6864856 4.0176754 -3.249847 1.3873515 24.24106 1.545652 39.25517688872735 
Car -1 -1 0 420.5582790961224 181.8533621896464 467.6185291743365 212.8797374540422 1.4800409 1.6055361 3.785343 -8.152114 1.3196485 36.20521 1.5435203 31.61559478088214 
Car -1 -1 0 82.44395819902289 190.716082638116 230.6772048648047 248.36247650673994 1.3853532 1.6017308 3.9712586 -12.113674 1.5509949 19.652195 1.5578396 17.232460963582113 
Car -1 -1 0 464.8883671565845 179.42146081884732 495.08441430939064 203.3972944626796 1.5881414 1.5790167 3.5904486 -8.71084 1.2043355 49.44255 1.5298178 6.45940352477777 
Car -1 -1 0 509.70109305310996 182.60936157791457 548.3384371421379 211.92480733479667 1.4466629 1.6051615 3.4613523 -3.9999964 1.318045 37.209354 1.5763952 5.034809182212806 
Car -1 -1 0 314.31921261686085 182.1093803762087 406.6149931013604 236.53703952264428 1.6032021 1.5842766 3.5983057 -7.783496 1.5117035 23.00737 1.6158423 5.104779932094178 

