Car -1 -1 0 144.60668698491858 192.18057249527024 427.2470660235952 350.90164391459825 1.4280984 1.7588336 4.476584 -3.7317252 1.738122 9.309074 1.5387273 116.23438922519722 
Car -1 -1 0 643.5764971921278 177.3986528087401 689.6789555637416 214.5735333661076 1.4615705 1.5936089 3.7872438 2.371607 1.6672337 30.74358 1.551249 60.690938654147764 
Car -1 -1 0 0.0 207.05223892398533 226.42408546205283 362.08003907222655 1.3757455 1.5904996 3.942152 -6.7298136 1.9091697 9.2672 1.5497885 105.77342301448684 
Car -1 -1 0 383.5839296803182 187.5807632817951 485.16321410998347 259.642681183124 1.4379985 1.5456388 3.4570675 -3.9663568 1.8170279 16.838415 1.5661136 84.85553960144757 
Car -1 -1 0 773.1081436924 162.8755804028356 927.4653571807529 215.70421756718127 1.6662781 1.7434249 4.5150194 7.8784685 1.3515468 23.828024 -0.08943738 48.09019592905421 
Car -1 -1 0 444.9164276950034 179.43869704527083 494.79714014878004 217.3361734020067 1.7028878 1.6410695 4.005156 -6.7314167 2.0417213 35.123566 1.5739434 18.209311288134053 
Car -1 -1 0 758.9918744150223 159.82523432426905 872.8161936489761 206.4789969446486 1.6801443 1.6372539 3.7694695 7.604804 1.2109386 26.823496 0.010686757 20.86663769986227 
Car -1 -1 0 727.45488170969 165.85435817469764 827.1886346179062 200.20086322819043 1.5319571 1.6659306 4.188711 7.6230354 1.219752 33.041573 0.01237857 14.354014888004077 
Car -1 -1 0 930.9564471529341 153.11989373643394 1004.8559354482613 179.75839286655537 1.551223 1.645964 3.6081233 21.308397 0.40205896 42.975235 -0.07645942 1.9326799070247886 
Car -1 -1 0 961.9328998715932 151.91739096679817 1044.545109485788 180.40580507528728 1.5265211 1.6377182 3.7292213 21.623396 0.40465516 39.69392 -0.1170986 1.9414329169411657 
Car -1 -1 0 354.6682046118594 188.07807501558054 447.8686703759629 237.27560747882362 1.3962414 1.592053 4.1599936 -6.7815375 1.9465141 23.940676 1.6544583 3.6358019979712504 
Car -1 -1 0 902.6121163057128 155.27411565643166 967.989012380684 179.92205284559168 1.5185845 1.610068 3.3758876 20.411388 0.4354697 45.29023 -0.018162444 0.28930824995040894 

