Car -1 -1 0 681.8703118003049 181.17403392877097 762.2194625779399 244.24179056393237 1.4656252 1.5944606 3.9338434 2.8939087 1.710659 19.270103 1.5874968 118.63514769067568 
Car -1 -1 0 140.61046231345549 197.7604759590632 337.2961468792467 303.65745792106503 1.4515996 1.5849156 3.6558373 -6.2166996 1.9495969 12.590644 1.5601108 109.13764998811901 
Car -1 -1 0 806.6048655242531 162.68231803150323 983.326334868377 216.4114910094176 1.5250745 1.7056268 4.578469 8.377741 1.2363565 21.41744 -0.037025463 93.80667008379031 
Car -1 -1 0 342.6240347052512 191.2994611057532 437.83299143162276 250.4799517054407 1.4315747 1.6038486 4.193819 -6.2126064 2.0200589 20.898258 1.5385242 63.34975546601466 
Car -1 -1 0 945.9004251168918 162.47564765385175 1242.0 258.83426782938864 1.4968996 1.6520875 4.22021 8.118044 1.3356752 12.059003 0.011450465 122.15582637059794 
Car -1 -1 0 457.8755483182067 184.66222868640972 505.1100496709224 218.33122600668543 1.4734721 1.5309596 3.7894523 -6.120288 2.074727 34.828465 1.5926795 11.464896701104664 
Car -1 -1 0 1126.3945633580036 144.27748392568145 1242.0 185.24849771399155 1.5234199 1.6095098 3.7817163 22.309528 0.46086285 27.762434 -0.06921056 16.125074700217358 
Car -1 -1 0 478.91563473298515 183.6877836241905 520.8199059416434 212.3413172644125 1.4658315 1.6086874 4.0725837 -6.1036863 2.105387 40.53293 1.6040881 7.448418663888969 
Car -1 -1 0 882.1019163886948 147.27923104525757 1122.848059970489 238.36458006989037 1.8190666 1.7041546 4.1988873 8.20713 1.3083125 15.3157015 -0.025756335 34.928874131832295 

