Car -1 -1 0 691.5425947801174 173.12145217896207 810.2471316051298 265.1067383176525 1.6346238 1.5831528 3.4332767 2.7187338 1.6406789 14.584059 1.5239949 132.26814447581162 
Car -1 -1 0 655.6271618233486 178.5175183877533 704.5555912149468 217.61180849258014 1.4134285 1.5209371 3.4018514 2.7092476 1.6490302 28.299906 1.5505197 63.68704588834607 
Car -1 -1 0 346.01383691354863 177.48287654045566 482.76257054382535 224.08727187232148 1.4603342 1.6008509 4.0408716 -6.357996 1.6186321 23.735458 0.06993013 36.16432877204813 
Car -1 -1 0 150.06258868106866 177.9328397803851 402.8848212682471 270.33224586773616 1.5661414 1.5898771 3.9433227 -6.010346 1.6661034 13.266958 0.07183277 60.832344585662526 
Car -1 -1 0 214.46198006698282 177.1717259800727 428.4929648722528 250.60793255473294 1.5235068 1.6137583 4.0672436 -6.2234654 1.6234465 15.883095 0.0054265773 40.39052228584369 
Car -1 -1 0 697.562862150992 172.63261139393742 788.4729999067913 207.6653835916396 1.5816646 1.6127328 3.9404511 6.1303344 1.5716691 33.436375 0.027526507 11.222260701981636 
Car -1 -1 0 383.9733258517366 176.3612828887205 501.9919345014843 219.70806769595703 1.4865745 1.5636343 3.8237169 -5.894746 1.6161546 25.77311 0.054521944 9.45507157097205 
Car -1 -1 0 627.933925508235 173.4604868009773 648.8196476289972 191.91005145807696 1.535886 1.6472305 3.7652018 2.4518814 1.5896436 62.073013 1.5710222 1.6803076190978423 
Car -1 -1 0 246.49179330353817 164.03959472994418 424.4582741191238 237.85938985903357 1.7690384 1.6729867 3.87281 -6.8061914 1.5578074 18.218712 -0.047544032 2.413963141045139 
Car -1 -1 0 457.7856109053378 164.61163954554297 526.3349739054196 193.73800594026613 1.7906966 1.6497145 4.03177 -7.32049 1.2839539 45.19799 -0.006360622 0.5445098821868212 
Car -1 -1 0 485.9964894555333 173.51576686408688 527.5420497451966 203.79511225046372 1.4611377 1.60054 3.8751345 -5.1932735 1.4967155 36.847248 1.5623296 0.2559812068939209 

