Car -1 -1 0 729.6173891954255 173.69085244658382 935.0915439230176 318.2027667456981 1.6895545 1.6237233 3.936371 2.9542685 1.7040045 10.458981 1.5295453 137.846169247257 
Car -1 -1 0 699.0213361592697 176.85366584649026 769.3206554332576 208.03895655053347 1.4397588 1.4512408 3.6295826 6.1139 1.6486238 35.743755 1.0507023 46.17801989680034 
Car -1 -1 0 619.5229749758296 175.86564438492144 654.0225749553704 200.47168916469838 1.559134 1.5894896 3.3849688 1.7729447 1.7669115 47.971077 1.3877568 29.153428417903413 
Car -1 -1 0 261.27588456168183 185.35042857765046 458.5229605451951 249.14172377783663 1.4230342 1.5890768 4.1655054 -5.867554 1.7363317 17.256035 0.018831704 30.07473006924964 
Car -1 -1 0 287.8689499077046 180.99751210835652 444.30835558100506 238.7542562683182 1.4918076 1.5986602 3.7339876 -6.5882597 1.7246555 19.757063 0.04030958 13.964197183473292 
Car -1 -1 0 188.3661087092445 174.220025718377 389.4803726079275 261.4554426217276 1.6779182 1.5749934 3.4044492 -6.439375 1.707356 14.726613 0.020681472 25.082902406391135 
Car -1 -1 0 85.05371909288 174.48352645992537 354.1151897761942 274.8773330830365 1.5763972 1.5844235 3.6875286 -6.434606 1.605724 12.170885 0.012258153 16.382424967869582 
Car -1 -1 0 359.2450621623174 175.60637606571748 473.96058089524547 219.69170455514097 1.5856733 1.6185063 3.8360374 -7.1256413 1.6913633 26.88116 0.008539498 12.359685976518678 
Car -1 -1 0 378.2409934563737 178.24206528108132 485.04380355433557 217.4339453326834 1.5067345 1.5828073 3.8791838 -7.036669 1.7277765 28.782581 -0.013791632 1.7645500259770166 
Car -1 -1 0 605.5446117564757 174.21512233979587 630.8563080257243 193.89606505835442 1.501692 1.5648664 3.832436 0.65450746 1.6135715 57.31891 1.4632657 0.6655601739694359 

