Car -1 -1 0 691.8194470812535 173.8028648706977 810.7613645223609 270.6745441422706 1.6678116 1.678364 4.100927 2.6840327 1.689644 14.532455 1.5940353 115.80136626296797 
Car -1 -1 0 666.6857675385774 180.699912863367 746.396116001237 240.40487039067096 1.4917047 1.605838 4.096005 2.6632597 1.7387365 20.645031 1.5384562 48.10662737697206 
Car -1 -1 0 648.5441998979466 175.81269122076938 698.9184616820966 218.2485247135652 1.6212845 1.6379191 3.743875 2.5792952 1.7509482 29.726105 1.5415317 51.250065750508966 
Car -1 -1 0 98.49164591874047 190.47272559998467 370.9986237174691 286.37129684382 1.4510586 1.5496876 3.7278204 -6.0903134 1.7640896 12.016209 -0.015325133 70.79615050780403 
Car -1 -1 0 176.20059341624358 181.99997129600348 409.8268018568947 265.1254225914396 1.5562752 1.6593913 4.0247664 -6.2819996 1.7543108 14.670768 -0.06186648 52.90672807236446 
Car -1 -1 0 634.3620258996746 177.22835301221716 666.866462841096 202.95538103496364 1.463702 1.5478137 3.4506652 2.4331634 1.7377048 43.424644 1.5066152 20.201779428594353 
Car -1 -1 0 234.25423482737241 183.21146316268405 422.60701715414683 248.39336773394902 1.459656 1.5766304 3.8973007 -6.618517 1.7196646 17.26952 -0.02854409 4.965470688032334 
Car -1 -1 0 444.14619597535005 180.05011610440002 525.6783688598008 208.83071920705322 1.4922725 1.6203902 4.078619 -6.634447 1.8861701 38.661827 0.011400006 2.249544233336025 
Car -1 -1 0 0.0 186.25112829808896 305.2281955218792 310.00116267872676 1.4797566 1.5810335 4.0150175 -6.4112616 1.67449 9.648727 -0.024347838 8.237178000123496 
Car -1 -1 0 404.54855657632226 169.8830886627444 499.5711324295418 209.68495291070408 1.7810863 1.6969379 3.9913154 -7.179458 1.6481414 33.144188 0.0038915905 3.123564922772938 
Car -1 -1 0 390.04045531987373 181.49327518246466 497.9505800993664 222.41427741648275 1.5121683 1.5944936 3.7780216 -6.381146 1.8590255 28.017054 0.0834283 2.1340795299483974 

