Car -1 -1 0 337.1246874384833 186.66033925723957 403.9823068261394 226.89691934603138 1.3629609 1.5776801 3.3319955 -8.54416 1.4190772 26.19884 1.489282 32.26790153923509 
Car -1 -1 0 462.9124221071863 182.30542732248648 520.0472664684415 221.41155208446983 1.4533572 1.5501347 3.5454636 -4.5220904 1.3451986 28.521673 1.6157799 39.540670729231365 
Car -1 -1 0 495.9785537778298 181.72954209649808 544.2880748185445 210.24890196275877 1.4525809 1.6057682 4.06025 -4.627087 1.27502 38.733955 1.7070202 9.673642100172492 
Car -1 -1 0 378.98468776986687 188.77870746648244 480.8577905061182 255.02446323202466 1.4089884 1.5666648 3.829066 -4.1595683 1.5048683 17.420334 1.5585959 81.44441271860548 
Car -1 -1 0 579.0722771531526 177.9811265949995 608.6804021015598 205.61028571827725 1.4774706 1.5837795 3.342715 -0.7500461 1.0906016 40.129784 1.5480677 18.776082985307223 
Car -1 -1 0 391.31527373305653 178.38356318615618 429.770500542431 202.19985299319154 1.4844879 1.6015607 3.8330984 -12.738456 1.0586356 46.756165 1.5276451 3.348552470491572 
Car -1 -1 0 411.93990328463354 181.176341879098 459.2319870386034 214.84828110319074 1.6542315 1.6081042 3.7307224 -8.817131 1.4557865 37.193405 1.5553975 4.725475686431206 
Car -1 -1 0 515.5529757363655 180.51776264122756 544.915873396778 203.26195474792857 1.4518833 1.5565122 3.5161877 -5.1460786 1.151989 47.773533 1.351979 2.9618961380204913 
Car -1 -1 0 226.17984264051162 185.78207675751685 346.80721736855105 251.92096412131806 1.5401473 1.6383898 3.9530551 -8.219335 1.5565648 18.805908 1.4971728 5.586771282752785 
Car -1 -1 0 309.8385175857088 172.7229076232088 373.90348972596604 211.49934348707072 1.7171391 1.674268 3.961716 -12.401327 1.1639202 33.842415 1.5353606 0.5889295178339325 

