Car -1 -1 0 223.03802387691348 185.06238199314947 419.86287795141936 305.8407351139519 1.505844 1.576771 3.4929547 -4.0198765 1.5039325 10.717367 1.560123 125.9271913065886 
Car -1 -1 0 437.73316805224414 185.33993592084744 508.1710387104782 233.14152425620102 1.3657855 1.5580122 3.4949622 -4.0787783 1.3699429 22.301832 1.5628902 58.96604963677725 
Car -1 -1 0 489.0215653128319 181.93664323299902 538.8558965152761 218.65637774054701 1.4299383 1.5654707 3.8876162 -3.81648 1.3022455 29.938675 1.5723411 26.315631934367147 
Car -1 -1 0 593.9752792689324 179.25247777808357 632.164552320832 213.57046017522939 1.4856386 1.6457148 3.449767 0.2233146 1.2274885 32.861347 1.5497804 31.41213040388008 
Car -1 -1 0 414.3132842093444 180.7605218265947 462.62010500639445 213.78859635612423 1.452492 1.5726073 3.7526593 -7.8060346 1.2565645 33.532204 1.5128529 13.634852013960696 
Car -1 -1 0 177.67283936429732 167.20696151069964 323.12864978368435 248.47235938823843 1.7193048 1.629779 3.6872005 -8.278046 1.3383 17.054716 1.5676931 47.84376227914734 
Car -1 -1 0 579.3000556267926 179.72046753010366 616.528734123311 206.17189585982115 1.4574041 1.586697 3.6996279 -0.49192286 1.1546314 41.552574 1.7166929 6.115882600051197 
Car -1 -1 0 530.5065772362007 179.28354935389956 554.5921238277105 201.62354122891585 1.5031002 1.590571 3.7209556 -4.489086 1.1039678 50.27571 1.5046585 4.85749468430129 
Car -1 -1 0 440.2152687951392 169.6660389287853 481.8565904272046 203.06360027341458 1.971138 1.767906 4.139267 -8.988359 1.0533906 44.50409 1.5624866 8.212913735527414 
Car -1 -1 0 637.6521716887557 179.21007772887245 665.9495236714397 201.75806283602674 1.4485681 1.565448 3.6039686 2.943961 1.0627443 48.005898 1.5418822 4.341840606262039 
Car -1 -1 0 312.78415960032703 168.50554387236582 410.52270506108414 231.75294482609706 1.971168 1.7687101 4.318091 -8.252738 1.4503795 24.586016 1.5978217 1.9298751448608034 

