Car -1 -1 0 710.6699135125718 184.18360098573282 835.3056988155229 228.2824765936362 1.5574704 1.7630756 4.2271094 6.0275626 1.9951088 26.92136 -0.032676212 69.24110591524654 
Car -1 -1 0 835.0556801461317 192.52038323215 1047.3103210898946 268.4137861725265 1.4105105 1.5580965 3.6664944 6.716394 1.8395029 14.8143425 -0.081050694 104.23445937585568 
Car -1 -1 0 0.0 183.54237916251398 311.01522646419335 304.50229463651226 1.4308419 1.6077418 4.0502152 -6.321607 1.5859572 9.5818205 -0.042662416 127.33520514957424 
Car -1 -1 0 798.3727601580867 185.56911648396576 979.6088933650606 254.9214598287554 1.5270896 1.6080792 3.6784296 6.5497746 1.8451824 17.136751 -0.06056693 49.861379966104096 
Car -1 -1 0 98.1310857859729 185.60483164896078 396.0254784198145 279.6605239942411 1.4173102 1.5853474 4.1372027 -5.841797 1.6447072 11.989373 -0.04181643 77.61829588359845 
Car -1 -1 0 643.6782173615721 181.74493800093072 674.6359215900754 209.60336461375522 1.466441 1.6032482 4.1682982 2.802709 2.0028965 41.430298 1.5982721 14.285455619138766 
Car -1 -1 0 262.58737685871705 180.4996516988464 456.6510983777173 250.7142145396362 1.5224087 1.5995183 3.9340117 -5.6902356 1.7087102 16.70824 0.03777071 82.72442504515367 
Car -1 -1 0 431.9272030261072 179.61430625250688 527.1841151766537 213.7741638958452 1.599077 1.657304 4.316342 -6.2403502 1.9342561 34.94029 -0.0024346001 26.05015316026622 
Car -1 -1 0 318.08920981939116 172.32968198542906 474.32958838915704 233.21435311471848 1.748939 1.6887071 4.217229 -6.3046646 1.7338777 21.666063 -0.045589678 30.81150977351364 
Car -1 -1 0 297.6805895165538 182.91814593736655 468.0837820181545 242.61475475610277 1.4742302 1.5903523 3.9731934 -5.8776245 1.7510812 18.980013 0.037206292 22.82141774479326 
Car -1 -1 0 376.71230290991 180.52003553256964 498.98020696488254 221.80188170664192 1.4612272 1.6126747 4.129816 -6.2842054 1.753587 26.68342 0.013383325 12.469897975982025 
Car -1 -1 0 569.822664941708 181.53761854740168 590.1291296738954 198.7848826113672 1.4711117 1.5914474 3.9241571 -2.658963 2.283455 65.51861 1.5946577 1.2624409347246084 
Car -1 -1 0 446.94128577811904 176.3007572060128 518.5542473422398 203.754592716722 1.5648885 1.5894841 3.8628588 -7.401689 1.7714108 42.298004 0.07383119 1.3053619127892364 
Car -1 -1 0 357.38162637016404 180.89951574473878 487.89717843407345 229.70231840152218 1.5522678 1.6130688 3.9270787 -6.1526766 1.8292685 24.02983 0.002860169 0.556179205300774 

