Car -1 -1 0 663.4685570648174 178.67636957042038 722.3254474165255 226.60100029690642 1.4753134 1.5773441 3.406487 2.7411618 1.6854393 24.333212 1.5664167 69.81379819646776 
Car -1 -1 0 720.3484705025206 174.71516555555996 903.0056720737651 305.5326864458703 1.5949652 1.567234 3.4173703 2.7574708 1.6268065 10.595613 1.5165516 129.62095365101823 
Car -1 -1 0 712.2357282849716 173.8675897056367 818.159088985537 215.80715852307148 1.6624348 1.7169818 3.9942136 6.30881 1.7052404 29.558443 0.027658971 43.168190795356495 
Car -1 -1 0 294.00530781814194 180.0857458258271 461.3446678389143 236.26498854765222 1.4557983 1.6052355 4.057561 -6.250473 1.661804 19.731602 0.009745352 52.20478019352268 
Car -1 -1 0 0.0 182.44955498436704 322.57941875819637 316.6769093437738 1.5280516 1.6282667 4.125051 -6.073099 1.6638811 9.280569 0.058400735 103.11534757982949 
Car -1 -1 0 77.55879973198553 182.41323907054542 373.93946064071736 279.3002189460961 1.472971 1.6032326 4.0560803 -6.190547 1.6419666 11.942927 0.00560929 64.51561934528591 
Car -1 -1 0 343.3880618748833 177.50703917093605 486.137619589782 229.31275141301032 1.5011065 1.5663118 3.8957574 -5.825862 1.6472609 21.857872 0.011768972 42.04324706757265 
Car -1 -1 0 356.0794632881464 175.1087304194203 479.82856219357365 224.55266746233997 1.5938678 1.551524 3.7307527 -6.4287696 1.6732334 24.375269 0.13663478 5.931507550985756 
Car -1 -1 0 625.8555443340827 175.51268518797247 653.5483136511552 195.41967759822538 1.5366503 1.6158812 3.688848 2.3961265 1.7580407 58.14818 1.4386408 2.229684050633293 
Car -1 -1 0 438.81233178943916 165.1784529956346 518.9718878624694 197.6802855917232 1.8140843 1.6235476 4.2900295 -7.399804 1.3856747 41.12187 -0.01758306 5.382770991249758 
Car -1 -1 0 197.93602976686327 178.46301137891496 395.5626620850835 245.5825875201936 1.472702 1.5915136 3.9472027 -7.2074766 1.6114738 16.919426 -0.070106536 2.5052908647562786 
Car -1 -1 0 386.18545037094304 174.6784878198274 489.13788886305815 214.54587796834903 1.5697838 1.6313953 3.8294194 -6.93471 1.6462816 29.372114 -0.034283403 3.269964087236024 
Car -1 -1 0 469.76822884534147 175.58046015374518 507.1823479598505 209.77900744641335 1.4396777 1.5408537 3.6474035 -5.4192944 1.5700322 32.588417 1.4392452 5.495537820833174 
Car -1 -1 0 389.4479403734634 177.25014671475375 507.269569648307 218.86027332080118 1.4673177 1.5850329 3.96604 -5.9510627 1.6374135 26.799047 0.17117923 2.266113878568429 
Car -1 -1 0 134.26928832693665 159.0152903296816 371.8693604645152 255.2237882078182 1.7805421 1.6682491 3.8661475 -6.8966317 1.5244274 14.261324 -0.03840943 4.6054579222904355 
Car -1 -1 0 670.0910230724373 169.762384608584 734.405187988549 196.74967832464742 1.6538043 1.6544788 3.7413242 5.771987 1.4643472 45.172905 -0.07022519 0.8467258324076254 

