Car -1 -1 0 365.5502174902686 181.67387721343957 487.25772646791273 262.11354340990476 1.4901304 1.5971067 4.137553 -3.695353 1.4245188 15.392134 1.562341 78.1968352027113 
Car -1 -1 0 696.8796540811045 185.43938501408908 795.9666928030528 255.0659441714696 1.3786752 1.5183421 3.380313 2.971445 1.3841634 15.9410515 1.5629134 90.24468085365304 
Car -1 -1 0 106.95418616405115 179.8495009583052 406.21982363073806 367.3566305040236 1.5876796 1.5739852 3.337193 -3.4417863 1.5422424 7.764787 1.582921 108.56828804462718 
Car -1 -1 0 462.2567187038321 177.6434527976385 516.7340146763983 220.1679473884116 1.4942968 1.559315 3.5594392 -4.3624086 1.2282106 27.06078 1.5433916 74.91590124131056 
Car -1 -1 0 349.625886819131 182.25436938898298 416.67568814352995 222.41097456814987 1.4389335 1.583225 3.7116158 -8.529634 1.33282 27.651152 1.521801 16.588109255280507 
Car -1 -1 0 638.9847542811631 177.42219336984977 672.3469204606818 204.36558585502942 1.4361348 1.5496163 3.9790404 2.6726522 1.020726 40.31641 1.5570307 21.475402817677786 
Car -1 -1 0 587.6418441264576 176.5343176916048 614.4505605206398 200.10171918519654 1.427956 1.5880858 3.7704203 -0.42336333 0.9019485 45.46918 1.533541 17.781609713265258 
Car -1 -1 0 509.45515138251585 179.6832816963219 539.0788016119662 205.55594465276968 1.3530511 1.5423089 3.4236765 -4.5081444 1.0637248 39.371674 1.4746156 11.868144110752038 
Car -1 -1 0 223.7583243433256 184.64143599562837 350.1994827150295 249.33363108377858 1.4760759 1.6410813 3.9696722 -8.029822 1.462973 18.425917 1.5201304 4.259567311001486 
Car -1 -1 0 574.8614683852791 176.4096361331163 600.6300658121265 197.30505170693635 1.4953556 1.5364254 3.6191082 -1.4108938 0.8651602 53.3085 1.6496117 1.9128041833970704 
Car -1 -1 0 294.99040443691575 184.8877415796918 367.3434850583311 220.579539748581 1.4432144 1.506859 3.8987298 -11.823293 1.4299533 31.043146 1.6077498 0.3460271954536438 
Car -1 -1 0 497.31665579832804 174.75540487338722 561.4572176328585 198.32598839691232 1.5684271 1.6734517 4.049012 -5.277376 0.8723812 48.971085 0.15389568 0.5410580039024353 
Car -1 -1 0 454.3177149786595 170.30696326465886 490.96035435857283 195.1918488252503 1.5492264 1.637902 3.7454143 -8.681463 0.6210724 46.634613 1.581939 0.5167333657757469 

