Car -1 -1 0 654.1886271819191 180.3639177508231 705.7171536044821 221.3342698356948 1.4315526 1.6231269 4.344705 2.6723304 1.7476273 28.188988 1.5788747 45.96368925225797 
Car -1 -1 0 397.6889215753734 179.70131742996787 517.253905744658 217.59116099713233 1.4757618 1.6845062 4.5748158 -6.1233253 1.7643805 29.434937 -0.060199015 41.42857073372467 
Car -1 -1 0 179.7472835548267 182.6550808258894 415.34404391026465 261.46324643233703 1.4716955 1.6322718 4.080144 -6.2052665 1.6827298 14.619148 0.04987058 56.492189449367764 
Car -1 -1 0 70.91333424189797 180.98656348948887 364.4549180152801 279.5824479431071 1.5254726 1.6170852 4.073699 -6.4389763 1.6718681 12.145588 0.016936727 96.10396337338997 
Car -1 -1 0 305.9183174667166 180.48036277165062 474.08067246671567 238.30119404966146 1.5281248 1.6352084 4.207391 -6.0764427 1.7518384 20.239664 0.052132703 38.11583324262147 
Car -1 -1 0 0.0 182.5710595598364 251.88254034478786 308.73992648480737 1.5220351 1.5916052 3.5139127 -6.9377203 1.6632483 9.658699 0.017859798 76.30101129608695 
Car -1 -1 0 348.4366724894527 179.84444476750105 476.48716343086767 225.8655235558779 1.4965746 1.5743719 3.9347 -6.710799 1.7459865 24.754143 0.105291575 9.078200790361004 
Car -1 -1 0 689.9646877633213 178.19096567261974 770.0443122618638 208.11663002830895 1.5057149 1.6607627 3.8373632 6.237696 1.7909021 37.6007 -0.066246286 4.160830056780522 
Car -1 -1 0 482.8408736045567 176.98185194873108 549.5958758391213 201.16002666184903 1.516779 1.6220592 4.0035477 -6.0134315 1.7898886 46.682125 0.12632899 6.1604073543597755 
Car -1 -1 0 362.0985865069214 175.75161670346898 469.1854475020962 220.74984039780873 1.626154 1.5709332 3.689236 -7.229539 1.7391398 27.167198 -0.101044245 0.3693642318248749 
Car -1 -1 0 545.5704979184194 176.74024131248186 563.9328721415254 194.10904243815767 1.5248599 1.5739934 4.147147 -5.0168366 1.8938537 66.3996 1.5218768 0.6383743244261668 

