Car -1 -1 0 1094.964202621694 184.54291805446618 1183.360274247724 213.3215367526994 1.4301822 1.5987469 3.928253 28.952534 2.1050816 39.597065 1.4170463 49.12498438712823 
Car -1 -1 0 858.3242399513948 194.90790497311372 1242.0 360.17577397377806 1.4361323 1.5455039 3.7500122 4.6785793 1.6867886 7.3490005 -0.042502612 75.66226674078523 
Car -1 -1 0 465.84557408089233 177.61647569122172 505.6510597122872 205.30369291047418 1.5935172 1.5612613 3.6797462 -7.62455 1.8985372 44.213547 1.1568495 28.2187033209168 
Car -1 -1 0 0.0 168.64486461430567 251.8037400007147 287.7407879135377 1.7165295 1.6624193 3.9266374 -8.090976 1.6558632 11.546598 -0.16759944 58.328157936064585 
Car -1 -1 0 55.88496723378367 173.49134633771993 311.78505225368514 260.0559973021088 1.5437368 1.6111436 3.9610481 -8.061508 1.5570853 13.997836 -0.1617465 17.85402261262096 
Car -1 -1 0 218.78787954600432 177.82318277387978 357.6694027514729 227.89905199117445 1.5150437 1.591531 3.7770123 -10.189916 1.6815851 23.112337 -0.15048872 6.8315264594637215 
Car -1 -1 0 192.79071149341718 165.5985789634716 344.8344573649487 232.82909621681185 1.7699723 1.6730599 3.594975 -9.426177 1.5789593 20.237015 -0.2408596 23.950193739924735 
Car -1 -1 0 240.18397760861689 174.88749666093514 358.3172917342354 219.86632488594927 1.5502291 1.5805494 3.6764443 -11.133108 1.6269825 26.102413 -0.19515693 2.2663515299880808 
Car -1 -1 0 300.5618830265222 165.8469507235902 354.4082269350884 184.51983154237044 1.5280161 1.6228362 4.1480174 -23.5951 0.9546236 60.493973 -0.33606946 0.5519641135613291 

