Car -1 -1 0 690.4723831885622 182.7301849728188 778.8650504585967 250.31801020569088 1.4233758 1.5533388 3.4819505 2.918964 1.6861334 17.451056 1.5767688 90.30905796923423 
Car -1 -1 0 749.6317247281626 173.37699903921634 892.4959141551291 229.88534364456132 1.691411 1.7073327 4.016094 6.5262365 1.7084985 22.594772 0.06358267 78.27201590361882 
Car -1 -1 0 132.4809197637428 188.197733914252 398.6012494943085 275.7757121253321 1.4293103 1.5809836 4.0057077 -6.0051556 1.7208909 12.887972 0.016576178 106.36124534874348 
Car -1 -1 0 365.75601986300825 178.83663942811086 491.76613862228527 224.00945209998912 1.4871005 1.5914559 3.9434645 -6.1422796 1.6996181 24.801771 -0.016926033 18.491935882895675 
Car -1 -1 0 222.07541923473408 183.32167322058825 440.91414599412684 259.2993089515859 1.4785843 1.5814989 3.9647377 -5.696517 1.7092371 15.082754 0.012857704 80.25121916823721 
Car -1 -1 0 304.4623653021493 177.94302886981686 472.15699741428267 237.452958227899 1.5461167 1.6143149 4.1195364 -6.0336933 1.693548 19.909668 0.092311844 53.60812456563476 
Car -1 -1 0 687.2329291604635 179.34959803173865 766.5848706276421 210.61711699788066 1.4891924 1.5358526 3.5910127 5.796125 1.8207204 35.807453 -0.14484605 13.02114798956045 
Car -1 -1 0 388.44679556127977 178.78879381614513 498.7005765781249 221.01112216071164 1.5340106 1.6190028 3.780364 -6.233326 1.7661332 27.341434 0.037326448 9.389644230194635 
Car -1 -1 0 264.5054895794232 177.59497105154279 444.31959418297936 247.57459958773086 1.6056365 1.5837249 3.8179314 -6.137345 1.7272189 17.591364 0.064098604 25.00132171053057 
Car -1 -1 0 633.7074296263276 176.95127809985888 664.0152969389043 199.77769768418722 1.5348203 1.6714994 4.0233502 2.7544754 1.8379675 51.32057 1.5022097 7.933822977900766 
Car -1 -1 0 686.432002876959 173.49610148991977 765.5836634299759 207.4524275835396 1.7468635 1.6866784 3.8473396 6.114565 1.7816595 38.12841 -0.06823727 5.403014572586246 
Car -1 -1 0 320.8306524221173 178.18789224231801 458.51264105819007 231.72349299441322 1.5738686 1.6258979 3.8219354 -6.72395 1.7463033 22.364826 -0.07895824 12.873270666083277 
Car -1 -1 0 403.841441824943 174.69016644898724 507.80330915189865 212.97231308583798 1.6378188 1.6742064 4.2349954 -6.716016 1.7209572 31.810926 -0.01040308 6.356462753987864 
Car -1 -1 0 0.0 186.93381742048902 282.56621864101584 301.5142528997746 1.4594333 1.5730406 3.8572576 -6.9061456 1.6742706 10.199531 0.01224521 21.2253761826872 
Car -1 -1 0 527.8810574496989 178.45858710991217 557.112189382994 202.11763771501066 1.5285076 1.6569812 3.971055 -4.5648565 1.9288253 49.547585 1.5658821 0.2775384187698364 

