Car -1 -1 0 726.1459311865127 187.48033950938327 911.9576731060087 306.2203833472959 1.3772168 1.5877892 4.172 2.9189596 1.6421156 10.975995 1.5633748 105.57808546381506 
Car -1 -1 0 650.3330861036529 172.97802978008693 704.6682236145812 216.97714212385128 1.6760405 1.6449138 4.1360636 2.711275 1.6814911 29.60339 1.5211922 86.13836455898063 
Car -1 -1 0 509.9086946834535 179.13554161785876 566.0147693394832 222.49689842371757 1.4117627 1.5888709 3.5866416 -2.493294 1.6523128 25.823381 1.589335 62.2926686046996 
Car -1 -1 0 416.0953686940124 176.0880847643808 511.2237291614021 210.04110659301492 1.4836295 1.6866442 4.068446 -6.5533733 1.6349485 32.741344 -0.0878766 51.31225186902782 
Car -1 -1 0 0.0 182.81846237130938 312.53652501039454 337.6202849375387 1.5381109 1.6641006 4.3381853 -5.8495207 1.6615839 8.108582 8.821982e-05 100.77978350657521 
Car -1 -1 0 66.30436791514711 186.65084337654704 368.24414122749124 294.9955096152843 1.4617047 1.5428536 3.7208028 -5.7426434 1.6852098 10.821954 0.051823042 87.90912097910086 
Car -1 -1 0 238.82021961073843 174.9351925563988 435.0898211371784 243.47910973316215 1.5210528 1.6609262 4.0621514 -6.322367 1.5733662 17.105492 -0.10113272 50.61094991211266 
Car -1 -1 0 167.2687150935987 181.07320419487542 392.58334603004533 262.43657298068155 1.5123003 1.574174 3.877309 -6.5704803 1.6895453 14.5840645 0.09947076 14.094915812252308 
Car -1 -1 0 25.555319719553694 202.34784164568032 190.54988428421603 285.0745095984851 1.5233378 1.5665507 3.638729 -11.275791 2.2767355 16.534864 1.4574715 0.5889794032781149 

