Car -1 -1 0 78.66091402836176 190.7531352073252 279.9844376033308 274.96248685718035 1.4195712 1.5896652 4.1159973 -8.31217 1.5467391 14.448864 1.5730128 94.82420789539957 
Car -1 -1 0 577.2332874751254 174.1930899524372 653.1084115607525 244.56816434810904 1.5622183 1.6843517 3.3102918 0.17649531 1.3175334 17.61296 1.5704186 58.325867286474306 
Car -1 -1 0 276.86123242580766 178.45060542923437 440.98501806067844 286.61654248772857 1.6175169 1.6355796 3.476186 -4.1165676 1.5163515 12.492375 1.5763148 132.75685590505657 
Car -1 -1 0 435.7195865449488 184.16959299055193 502.02293159409186 228.08572278960133 1.389123 1.5566677 3.452879 -4.6299934 1.3560333 24.473637 1.5823383 63.58119217054366 
Car -1 -1 0 486.41274241306326 177.83569017636094 531.3987783061978 212.57957517449677 1.4723977 1.5914067 4.1418467 -4.386069 1.1596432 32.55826 1.5404124 20.246943332063402 
Car -1 -1 0 240.40820426249323 185.2314916506249 326.02308135350984 225.76730478652055 1.5063475 1.6489257 3.9790642 -12.820414 1.5070221 28.710186 1.5637522 18.954033862271533 
Car -1 -1 0 357.2090514400203 182.70169286282456 427.5827753388327 222.4499471624264 1.4574218 1.6265204 3.5975792 -8.330337 1.3652425 28.171139 1.5890598 20.605261621185416 
Car -1 -1 0 122.45785008121335 186.9609982300234 256.02601981501937 241.49315693415986 1.4727532 1.6671228 4.1868024 -12.398136 1.530474 21.661747 1.5473735 5.2255197501357324 
Car -1 -1 0 639.9207191415468 178.74451626750633 661.5951854364404 193.97710153409597 1.5462782 1.718154 4.157225 4.5842605 0.8893807 75.17792 1.7664595 1.0359939719784181 

