Car -1 -1 0 721.1150012349888 176.04105127433428 808.5732470195587 214.19396056286743 1.442317 1.5193965 3.5222294 6.27952 1.5810261 29.499079 1.0436947 75.64769449417838 
Car -1 -1 0 624.6310284917913 175.80223753224894 661.7659453714738 201.74448636723815 1.4218627 1.5038502 3.4748085 1.907043 1.6001015 41.791893 1.4224186 44.11647512181889 
Car -1 -1 0 55.16385318963548 184.04529969072635 383.8494262846736 291.81882087701456 1.5044727 1.6455195 4.190816 -5.8345337 1.6904162 11.12048 0.021624696 83.87763708504369 
Car -1 -1 0 123.94037176952024 182.97329341158525 373.16930442892266 268.2698920317846 1.4890312 1.5923816 3.9020898 -6.667322 1.6910573 13.596467 0.006390389 25.78879150487212 
Car -1 -1 0 293.20939381996936 174.68722004260437 435.5679321455475 230.97362139067965 1.5419171 1.623312 3.5400476 -6.9416304 1.5966284 20.677784 -0.025268605 32.45229812031921 
Car -1 -1 0 480.0648694160971 175.58552747659633 514.2183583263812 205.01413806133644 1.4748623 1.5335424 3.483455 -5.9234233 1.626626 38.29166 1.4914317 8.179011889009914 
Car -1 -1 0 608.224060889668 174.3102099293695 635.1750611847527 195.79694198697857 1.4587173 1.5503098 3.903856 0.827322 1.5662266 51.26327 1.4923807 1.2154165248791498 
Car -1 -1 0 323.037775570891 176.43386838870254 455.5885318347387 226.83879248933818 1.5125067 1.5990213 3.6835527 -6.827755 1.6289849 22.624512 -0.028787443 4.649982070897211 
Car -1 -1 0 445.1831813840923 175.09517773043592 516.4003075255886 201.16373015484268 1.5567338 1.6348648 4.0138645 -7.861873 1.6971644 44.2336 0.08119225 0.5259681788616604 

