Car -1 -1 0 679.6626323212333 183.04312619421924 767.1136617289795 248.01995773821434 1.4638294 1.6467135 3.6638403 2.835504 1.7535286 18.673744 1.5594265 94.76247651922706 
Car -1 -1 0 791.0208078002904 190.12472217325492 1191.5019727313224 375.0 1.5456035 1.6336989 3.7318249 2.9530332 1.747408 6.556284 1.5598719 126.38569081969997 
Car -1 -1 0 233.963146245034 176.54460164776054 434.7467059197655 245.66004392713933 1.5476928 1.6749275 4.1686125 -6.485178 1.6409907 17.251648 0.07374561 116.89391407823506 
Car -1 -1 0 654.6800653555309 176.27150139973762 702.3793903421372 220.46742414762102 1.6703883 1.6777806 4.176999 2.7699685 1.8210977 29.708202 1.5987573 45.87484097697539 
Car -1 -1 0 0.0 168.7729067521564 316.04600169151985 309.73853982331116 1.6839342 1.6852986 4.047982 -6.247068 1.6351826 9.541549 0.03967665 74.3376776564821 
Car -1 -1 0 62.307980582599875 179.745086373041 330.8341461166174 277.81364718950357 1.5180869 1.610453 3.6552107 -6.8554993 1.6433218 12.20487 0.056962907 9.770606457777378 
Car -1 -1 0 410.8485871375463 178.39350401674827 511.5587616747749 216.94666400567945 1.5220693 1.6352701 3.8731866 -6.0407944 1.757323 29.6998 -0.065559685 10.443050936325239 
Car -1 -1 0 640.0117840806257 177.96552338714577 682.2975425350762 213.0320273305783 1.6071179 1.5783211 3.8955297 2.493194 1.8737376 35.642677 1.5084813 3.525947915863067 
Car -1 -1 0 381.42925210353127 180.31944059305445 499.05895906280244 221.2034831631791 1.46805 1.5873334 4.02402 -6.293301 1.7569983 27.073668 0.029824346 4.653571407645537 
Car -1 -1 0 327.49254643204966 169.06863684485657 480.1454927925729 232.3783234651476 1.8662524 1.7057233 4.195561 -6.2543283 1.7546668 22.215408 0.04473017 0.9175755077372482 
Car -1 -1 0 509.0184397216747 176.38427897336263 563.7995466726754 196.66365145811653 1.5404563 1.6487339 4.031927 -5.6555214 1.8192403 56.055252 0.050062813 0.49891387804727594 

