Car -1 -1 0 412.07370690015995 185.67351098631647 486.9844438148122 232.6095956947268 1.3985039 1.6312288 4.274855 -5.0679727 1.4149214 23.6199 1.5436102 74.153934510415 
Car -1 -1 0 334.5370013281406 186.2119389488434 403.722307467251 226.13454410849207 1.3940581 1.5180807 3.4321785 -8.831816 1.4337665 26.920254 1.549223 52.222700465829575 
Car -1 -1 0 0.0 196.41441813952088 212.87947484481603 316.48567511911403 1.397938 1.555683 3.7238576 -7.584064 1.5922234 10.595317 1.5522428 88.15024669699955 
Car -1 -1 0 161.42694106136244 182.4456935681504 276.85174311084074 234.05401374693912 1.5728128 1.6478097 4.2480836 -12.810929 1.4883943 24.050478 1.5475035 30.35437292807489 
Car -1 -1 0 103.0504313896236 193.36855983570766 424.9954009468372 375.0 1.4678569 1.623807 4.1754284 -3.355877 1.5824811 8.012199 1.5623745 88.80658583772592 
Car -1 -1 0 249.96795981505645 185.4076063988631 368.38331783231297 245.11814800284915 1.4427952 1.6442884 3.8408608 -7.8487606 1.4484683 19.316507 1.5536506 25.005569201993715 
Car -1 -1 0 571.6909747478953 180.04274519302905 604.8229861236134 208.22816720131044 1.4582968 1.6439576 3.5157049 -0.9862191 1.1906513 38.964874 1.5879543 14.200458020766993 
Car -1 -1 0 380.63847360812184 179.42653868002745 417.9826354590581 202.93041321799993 1.4572773 1.5362298 3.5371163 -13.363622 1.0983403 46.373306 1.5232025 5.874936401834719 
Car -1 -1 0 0.0 189.10634498947138 127.57629509112289 258.93078953452925 1.3924602 1.5137565 3.5000527 -12.673643 1.4909856 16.37194 1.4431809 2.061772343953035 

