Car -1 -1 0 767.1731120768417 164.92745403399954 809.1259026370072 186.5740108874096 1.5516955 1.6181496 4.195955 13.285737 0.98349464 53.90858 1.438415 16.3313135508289 
Car -1 -1 0 635.7336397104323 168.85306017468255 706.0136341585647 195.55781187216618 1.459716 1.5985891 3.6987634 3.4028752 1.2410192 40.404335 -0.091061816 43.503307957464884 
Car -1 -1 0 109.16842109319421 171.84395802452119 225.83953853008464 210.8598518630973 1.639483 1.7070628 4.297216 -19.741735 1.5970399 32.306896 -0.6562649 27.86617192587136 
Car -1 -1 0 1047.2357543850533 162.82292652310494 1104.5698413554776 182.8395192955733 1.4760469 1.6100671 3.6400614 35.577095 0.73634356 55.146263 1.3809893 27.352461942389564 
Car -1 -1 0 801.7952337023505 165.2455943598699 840.1930581055549 186.26820319865013 1.5454042 1.6489463 3.8703513 16.06943 0.98609835 55.01048 1.5273814 12.939211879205194 
Car -1 -1 0 296.2291768603632 166.52521247529654 327.91410162065756 185.55066592461316 1.578298 1.5797868 3.1420922 -25.311485 1.0532793 61.477745 1.5029082 3.824439090360468 
Car -1 -1 0 843.6476583238506 165.90512319839894 888.4167920607725 186.13325812760428 1.4608865 1.6813965 3.9106326 19.183783 0.9590347 54.133236 1.4801285 2.245604479446199 
Car -1 -1 0 1000.700060641504 164.8389589512736 1054.496025427218 184.67591737615965 1.4563783 1.6078584 3.8852832 31.783215 0.8679344 54.978123 1.4845299 0.8633932940107045 
Car -1 -1 0 974.291201059827 165.63485460738693 1027.127967719272 187.0304143347071 1.5251787 1.627532 3.4583354 28.826492 1.0105629 53.280235 1.3935752 0.5337746270059166 

