Car -1 -1 0 232.07438036582508 194.98297018894172 405.90385129536094 284.0474578286029 1.4395313 1.7223833 4.4235077 -5.781875 1.9685099 15.010806 1.6014194 126.34645330141613 
Car -1 -1 0 715.3338211850777 178.07858124588185 840.8432294350009 266.17239168077936 1.5142295 1.607476 3.951109 3.2420945 1.6343813 14.615268 1.5674505 95.87040534048782 
Car -1 -1 0 768.5591071777972 182.76492103874654 1027.241953645536 332.95199686163465 1.4373358 1.639781 4.00904 3.3150482 1.5912588 9.188755 1.5550392 91.75332286852262 
Car -1 -1 0 361.7502769606252 189.3208158319279 452.56983327335297 249.44021411831392 1.5046222 1.5536513 3.6566994 -5.7504606 2.023774 20.907253 1.5871068 65.70003334203706 
Car -1 -1 0 680.536035656884 182.99212874843664 746.5392103423181 230.39402256544844 1.4334598 1.5379922 3.6126046 3.4433138 1.8029724 24.45366 1.517315 61.643695139151596 
Car -1 -1 0 436.0960894616338 185.89308238974772 506.8025418210633 225.71963471316172 1.4495997 1.645027 4.170085 -5.619703 2.0285244 29.861029 1.7018889 31.89241617526003 
Car -1 -1 0 997.1300506973877 154.7790128462579 1242.0 264.19111691046413 1.5116756 1.6135364 3.8960903 8.211527 1.2619452 10.887153 -0.05789584 114.54378900538867 
Car -1 -1 0 650.9227200794129 178.96350554163115 689.937343959123 209.62979894699458 1.5401475 1.5523326 3.6526303 3.230622 1.8850815 38.861073 1.5010803 11.802484997648754 
Car -1 -1 0 668.8689526363182 180.67158424446356 719.638524173851 220.613840610088 1.5247431 1.5978976 3.9889672 3.4915185 1.8752136 30.338669 1.5526611 8.58560926184834 
Car -1 -1 0 503.7343804168595 180.73253226046293 530.4059602741729 206.26172407361616 1.4804502 1.5484532 3.6433477 -5.7203865 1.991346 44.899117 1.4703013 0.8709840864769339 

