Car -1 -1 0 729.4402830828043 180.1602597193387 916.1181725920068 313.58866291639674 1.5572498 1.6028993 3.4568665 2.838316 1.679752 10.354915 1.552337 138.24131320913762 
Car -1 -1 0 667.5475081530878 181.90875273208474 735.4756580607306 240.13560193768095 1.4926132 1.5616776 3.3135312 2.5570588 1.7730403 20.680244 1.5826443 99.77141630541155 
Car -1 -1 0 365.804679460284 194.12624889336357 471.95160593942296 269.20493464382275 1.4335756 1.5348511 3.5829937 -4.254086 1.9760313 16.59873 1.5583129 86.50658276404435 
Car -1 -1 0 495.63120009703727 183.51278263339702 534.1832016037225 214.67372033729478 1.5723896 1.5528058 4.078697 -5.1742854 2.1914237 39.85741 1.5815998 32.15404085462143 
Car -1 -1 0 444.8703420408684 180.4148080584806 513.1958648448434 235.80184082007463 1.7733775 1.6121335 4.077994 -4.557203 2.0644495 25.720543 1.5936059 58.711067043511655 
Car -1 -1 0 640.4150022567756 178.6283097385229 677.6688263020396 211.14862872925752 1.5286365 1.5080844 3.5426638 2.4480731 1.8339486 36.352787 1.5338337 26.80986471318554 
Car -1 -1 0 524.8738321863631 183.45280829943889 547.0874578157343 204.49540769236953 1.4951944 1.5671314 3.994535 -5.6156178 2.3387098 55.37761 1.5016687 1.3557352825512032 
Car -1 -1 0 622.3741939436555 178.15400733898142 646.8457943381977 193.53372327208427 1.5548084 1.6742283 4.063741 2.689805 2.1337354 76.63147 1.8469827 1.7964308521247825 
Car -1 -1 0 548.8897074878449 183.01140667778088 570.7168228779607 198.37155548138708 1.4739991 1.5240796 4.182878 -5.0908103 2.549857 74.26218 1.6800885 0.7954898201707656 

