Car -1 -1 0 217.16961784131536 191.21606620563003 443.83255638372367 324.0910356298893 1.4338788 1.7655249 4.5322666 -3.784975 1.7651775 10.719944 1.5322769 129.22528755802796 
Car -1 -1 0 404.0399734903004 187.44954933996883 493.17855471140695 251.98428444668414 1.4230483 1.5032378 3.3850927 -3.9939542 1.828994 18.372766 1.57455 87.78679649137219 
Car -1 -1 0 643.8081460962012 176.66908676624536 686.5788819375066 213.38877331547013 1.5078796 1.5824441 3.7208626 2.4032655 1.6863148 31.88211 1.5650802 64.68239125885202 
Car -1 -1 0 0.0 205.46672755904095 265.24572756945025 337.5185056841614 1.3572036 1.6306163 4.0069885 -6.74868 1.9186591 10.414593 1.5754745 87.4010231282595 
Car -1 -1 0 764.3141137140879 161.53247560828234 914.3284860947424 211.3608182065108 1.6547103 1.7521169 4.613737 7.8461113 1.2787426 24.90369 -0.02905744 39.383866739843285 
Car -1 -1 0 750.9611176281147 163.35285466068865 869.2579582162824 204.21751970939368 1.538295 1.6684406 4.12256 7.73601 1.1806371 28.059483 -0.031227263 16.679090503917855 
Car -1 -1 0 719.730711471311 166.73807556877293 815.026694058593 199.91888361928324 1.534216 1.6723953 4.1505756 7.4253845 1.2514274 34.20026 -0.00075245486 10.072462197720714 
Car -1 -1 0 485.16014717499877 181.33541691671184 521.77320147711 206.20715636379688 1.5190127 1.5910126 3.995491 -6.9356318 2.1014376 47.504745 1.6336695 3.6292031318200064 
Car -1 -1 0 450.07872734735173 179.96841342307852 499.5326312810247 215.80845116169849 1.659437 1.6362083 3.9570255 -6.694554 2.036152 36.20444 1.6001709 0.7467828431870311 
Car -1 -1 0 917.9053171425863 154.00087460639776 968.470402503007 178.80107169863425 1.4686155 1.5037277 3.5313497 20.513367 0.35217285 44.49838 1.5771712 0.26079311966896057 

