Car -1 -1 0 700.7494149892774 179.20250090756267 845.1035120402028 278.0398558672868 1.4516785 1.6690633 4.357835 2.7395525 1.5858887 13.066142 1.5812308 130.64418348971853 
Car -1 -1 0 789.5555630926323 177.50512538959197 959.5885085962832 240.6456134845774 1.4702971 1.6231048 3.700305 6.4815936 1.5927603 17.975227 0.11743497 58.29359746579572 
Car -1 -1 0 677.1232823975694 172.23398823886592 745.9583276447077 199.93414946543083 1.5716453 1.6937004 3.7126646 5.8785267 1.536467 41.853905 -0.03728918 22.01618766434564 
Car -1 -1 0 191.32469228983396 176.36436058770084 433.01433161269193 254.6332427358117 1.4438372 1.6133035 4.145159 -5.753379 1.518245 14.344826 -0.0698614 82.56487480183094 
Car -1 -1 0 0.0 174.61653037152766 290.1913530132744 299.0204432662281 1.5104766 1.6261487 4.078108 -6.6730213 1.5362386 9.666001 0.033220787 84.83938283200852 
Car -1 -1 0 386.8166210113605 173.08988404306965 505.2055892824074 213.49198957677496 1.4503356 1.61799 4.1062994 -6.0123672 1.4594345 26.872684 -0.074744694 31.122090021662984 
Car -1 -1 0 428.75185433925986 170.78629560915334 524.9889186709102 207.49256915369938 1.5664568 1.5886062 3.9193065 -5.7568474 1.4782164 31.59099 0.0024194794 23.544263406803438 
Car -1 -1 0 710.3327214144396 171.55074256532455 802.13759579137 208.71431853887393 1.611534 1.623936 3.737688 6.4881325 1.5550203 32.15394 -0.028941091 15.384980634612354 
Car -1 -1 0 351.1068076299609 172.64338447784945 483.0416467919749 217.31155343760295 1.4574513 1.5984249 4.090611 -6.443498 1.4505792 24.472315 -0.06465317 15.715848480778835 
Car -1 -1 0 720.526122401169 174.147210581677 819.0539124051749 210.62499969352925 1.4650768 1.5467752 3.70515 6.604748 1.5203474 29.94052 -0.06795012 10.462863944305376 
Car -1 -1 0 631.2802613505373 172.26534607590906 654.4822054793681 192.18639559936986 1.5022783 1.6519134 3.9938514 2.5731137 1.4578867 56.413906 1.5764804 6.679880060591264 
Car -1 -1 0 40.10483199945423 166.83339313003097 309.59565076116104 268.89335008742745 1.578192 1.5805006 3.5318668 -7.1071415 1.485093 12.083665 -0.07847181 16.330931094951218 
Car -1 -1 0 525.7855904804662 171.8245232618013 551.1485231953877 193.88484180822945 1.5009604 1.5880622 4.121824 -5.006802 1.4309156 51.18967 1.5222441 8.393859440702347 
Car -1 -1 0 759.6054524063645 174.79313658508852 898.9729273386996 226.10950020949457 1.5167209 1.5919874 3.837767 6.696626 1.5789185 22.267712 0.04184443 2.2588630465084143 
Car -1 -1 0 492.26834298843403 169.2783839776331 525.1227465815451 200.77735304837768 1.5604429 1.5482109 3.8134053 -5.227696 1.3833085 37.7182 1.4722929 1.2955651511764814 

