Car -1 -1 0 670.2220283901426 182.78881169485254 734.7946946707759 233.79087563204163 1.4147675 1.5601709 3.3734264 2.8051646 1.7459015 22.361057 1.5687705 85.50673496222379 
Car -1 -1 0 743.2377107445473 175.97207167244594 989.8743240029097 350.08325784140817 1.6403863 1.5736148 3.4356487 2.7835054 1.6852217 8.618015 1.5177554 133.80701591995035 
Car -1 -1 0 719.5841482696162 173.74187752530418 832.14291596732 220.50031242316493 1.7198353 1.6963959 3.967176 6.2741766 1.7549388 27.551662 0.06514633 51.604544808390784 
Car -1 -1 0 262.49193663675015 184.86764226473815 446.68176168265325 247.35072233459553 1.442217 1.5965257 3.971661 -6.1792555 1.7515519 17.771633 0.0043952614 60.168385219410915 
Car -1 -1 0 0.0 186.86571462421063 330.94737585190506 307.1878701283942 1.4869123 1.607875 4.036165 -6.1897864 1.6982291 10.001702 0.0380515 74.81426926948957 
Car -1 -1 0 318.7016212070263 181.52275692803448 479.1698063025379 238.4135719322616 1.4825753 1.581492 3.9607954 -5.7463636 1.7328596 19.951904 0.045672238 55.4302943700142 
Car -1 -1 0 362.8982392997476 180.41971341588257 495.87549520017643 225.4763915605914 1.4677894 1.6138191 4.143183 -6.1530457 1.7390845 24.859459 0.10207929 16.14544930557081 
Car -1 -1 0 333.8628798556784 177.8970130662342 473.68011420242345 231.54323093294568 1.5759275 1.5653329 3.882862 -6.354695 1.7401992 22.448925 0.14476451 9.042576899331868 
Car -1 -1 0 156.88161505113112 182.9061461940978 375.30026503842197 258.596219093568 1.4687896 1.5811336 3.8056364 -7.047408 1.6906036 15.074232 -0.030096298 9.437604177039413 
Car -1 -1 0 370.2337299379015 179.17444229115105 482.5602527216142 222.639697125868 1.5848334 1.6400567 3.843746 -6.8843994 1.8317969 27.370607 0.0013426896 7.121109356524757 
Car -1 -1 0 443.10364004439504 171.224492180704 520.3400101800289 204.16883832670874 1.7436914 1.6053712 3.951928 -6.8778343 1.657444 39.092373 -0.051085535 3.753758049858514 
Car -1 -1 0 632.2876875360397 177.4294195049631 653.4418737063696 197.57595379546478 1.4907906 1.5914085 3.8789523 2.615401 1.8601853 56.272346 1.6264901 3.632980410731936 
Car -1 -1 0 399.4174119908991 179.47642224740773 506.845104005302 216.66443525958812 1.4660302 1.5907004 4.0396414 -6.397621 1.7475815 29.728973 0.07635556 3.0350407066410816 
Car -1 -1 0 673.4299490707514 173.25290904092313 743.4417222489374 203.21904969963722 1.743465 1.6661333 3.8650515 5.858721 1.7677784 42.992104 -0.08059695 1.972460996228152 
Car -1 -1 0 417.2033361251918 179.49262526424909 509.6930987194661 213.7143642573381 1.4786453 1.5926728 3.7881656 -6.541346 1.7864859 32.502712 0.08586055 1.8471711904074843 
Car -1 -1 0 54.00175837085881 164.98669212012882 334.5498034061238 275.7452790624433 1.7294579 1.6469684 3.7864764 -6.858875 1.6066124 12.248776 -0.08553212 0.3249921202659607 
Car -1 -1 0 659.6869633054108 177.18605423966895 686.6279138141781 194.79224453071376 1.5284274 1.6005833 4.417226 5.7824297 1.9387002 66.04855 1.456125 0.2610335052013397 

