Car -1 -1 0 517.4377884834255 178.01078385737082 751.5216471245406 334.0768984489995 1.5311987 1.57703 3.6800978 0.5259103 1.611288 9.208632 2.04209 135.12856795470051 
Car -1 -1 0 734.5581058376463 181.2463632111785 851.7619180165378 263.8999556250497 1.471144 1.581958 3.6639194 3.9783766 1.6714921 15.235795 2.0571022 134.12531447389546 
Car -1 -1 0 80.38281958983379 179.5307156556527 594.6495338926384 375.0 1.5208182 1.5590858 3.4331682 -1.591838 1.5877941 5.353499 2.027357 105.325392090945 
Car -1 -1 0 1018.2466205599212 187.9216138801176 1102.0469490028781 255.51511469463756 1.6061199 1.6441437 3.205165 12.228138 2.0561347 19.748718 2.0324757 54.9731203546514 
Car -1 -1 0 873.614653586455 177.89414265048 926.1606124301746 216.51454462220417 1.6088916 1.6464393 3.8522472 13.19384 1.8516637 32.677795 2.1045032 25.56521531421145 
Car -1 -1 0 907.1414988259113 181.22616759647138 941.1884306883696 210.5967459464945 1.4827971 1.5273101 3.7862964 17.308426 1.9661663 39.62294 2.0317507 8.498873326526525 
Car -1 -1 0 726.8339683625943 170.99677375396857 837.4095445586076 216.81281155749045 1.7367692 1.6311214 4.049855 6.9214473 1.6663663 29.007065 0.47784814 10.094212680160334 
Car -1 -1 0 1009.7497941976571 183.8927514277171 1043.9040218075531 206.25759136413748 1.479462 1.5913229 3.9192033 29.964664 2.3026252 51.771706 2.2347765 1.5668798904705996 
Car -1 -1 0 1017.4598735515098 190.70551703521818 1078.9772136866823 243.8823451764809 1.5106981 1.619082 3.5265746 14.43166 2.144957 23.712729 2.1334717 0.3183392882347107 

