Car -1 -1 0 668.7900223855381 176.38030982482275 736.5150247602996 227.15877472957095 1.4491253 1.6211196 3.740631 2.8450766 1.5693811 22.72916 1.5623742 91.74964894269235 
Car -1 -1 0 731.121004266688 181.22367611866574 921.7071115289355 310.1467809014892 1.5136489 1.6516626 3.873292 2.9478886 1.6597619 10.6595125 1.570847 98.26312131493277 
Car -1 -1 0 311.9590665986898 172.914839778937 467.06828251044885 227.6488364750124 1.5281506 1.6558846 4.039413 -6.4103765 1.5300303 21.22066 0.12497362 70.07370627736107 
Car -1 -1 0 647.0393394452386 170.46937188720767 690.8198812639835 207.59090760331446 1.6273189 1.6426542 3.8720212 2.7050972 1.5227823 33.582973 1.5502257 32.97341135955007 
Car -1 -1 0 139.22220158516103 169.84159731646463 394.1212060918255 263.4837389860546 1.6383624 1.6703475 3.9966183 -6.2941647 1.5856574 13.528925 0.03516065 75.22986732190644 
Car -1 -1 0 365.2961489480728 163.29592894392982 495.01461243607855 217.06459296855462 1.8801724 1.7240796 4.25669 -6.4278502 1.5459474 26.144596 0.024539217 24.669085051012313 
Car -1 -1 0 640.6746497969768 171.83511014309298 665.3407947691115 195.40643267857544 1.535568 1.594146 3.637568 2.9102163 1.4691916 48.854214 1.6107976 5.781444520259777 
Car -1 -1 0 22.945533736693076 178.44885704866104 349.94186168026647 287.0666336320759 1.5007305 1.6325952 4.095131 -6.304689 1.5934881 11.014647 0.06511135 13.247578952053107 
Car -1 -1 0 423.5111542397701 172.4160827042876 520.3987889978866 206.41942594974367 1.538132 1.6575302 4.2902064 -6.349108 1.5183227 33.647 -0.08526622 3.95404972157409 
Car -1 -1 0 0.0 154.68763840650652 270.98630205510466 316.6174556500343 1.7847253 1.6781795 3.9939876 -6.537321 1.5845029 8.833591 -0.021128582 10.883435028379415 

