Car -1 -1 0 335.49230371145654 187.038807999917 458.6697528658887 263.4241522052815 1.4347868 1.571011 3.5341718 -4.3392167 1.4782455 15.361604 1.5800166 90.6980362636018 
Car -1 -1 0 436.55086181787334 183.5980922511369 501.31230758372936 226.91154604717062 1.4096007 1.548564 3.9454834 -4.790835 1.3569571 25.371878 1.5648648 60.87782002205042 
Car -1 -1 0 25.993388960660212 195.8978453622905 249.85529959295604 286.5880830587853 1.3552268 1.6448302 3.856497 -8.279995 1.5795478 13.148328 1.5468677 82.64624941745024 
Car -1 -1 0 485.6452342365744 181.44639660695316 524.6608374059917 212.90635215320782 1.4372691 1.5337354 3.577308 -4.8710217 1.265066 34.664135 1.5237828 27.741237484514187 
Car -1 -1 0 299.04894589150217 178.67784195483824 383.9646104563135 230.04008662127603 1.5545037 1.6561329 3.651579 -8.624276 1.3566322 23.634459 1.502666 34.59054866126503 
Car -1 -1 0 577.2574502281839 177.29164898632396 608.7312160252424 207.45469986428105 1.5206435 1.5870205 3.176212 -0.7433628 1.1211596 37.84214 1.5534234 16.04128572985709 
Car -1 -1 0 467.01471525708047 174.46494799266122 497.72511649574307 195.75673095466811 1.5439596 1.6576239 3.8270972 -9.343319 0.76437604 54.044025 1.5670322 3.8668301165245844 
Car -1 -1 0 423.58427096864034 175.35820098630919 467.72900027150473 202.118216593816 1.5219405 1.6363356 3.8626423 -9.569273 0.96130836 42.844063 1.6075466 1.4611949592741198 
Car -1 -1 0 482.0658238052625 167.34106421225084 523.6758252483362 183.04667613596152 1.4784272 1.603346 3.762102 -9.9499445 -0.20987993 68.72808 -0.015216747 0.9498946367501259 
Car -1 -1 0 104.66608011405171 171.02891544584125 248.70586112049125 241.6340653133284 1.82376 1.647543 4.3936515 -12.228467 1.4573096 20.790762 1.5383201 2.5442738727701837 

