Car -1 -1 0 698.6385646800287 173.32947918081862 835.3149470152342 267.93484992386374 1.4843056 1.6088736 4.217374 2.7360349 1.494564 13.454513 1.565711 94.31366490689395 
Car -1 -1 0 359.1979876410129 179.28098459472682 502.60263837060666 274.1051170323154 1.4524372 1.596871 4.1189365 -3.114769 1.5902445 13.401825 1.583432 80.13771685914405 
Car -1 -1 0 678.3980737715464 174.03857258607036 763.4526515983749 236.2703482635789 1.4475476 1.5623606 3.9373426 2.7921607 1.4817237 18.837948 1.5570675 54.53525857720087 
Car -1 -1 0 503.3799769179545 173.92031046072998 553.3509607592282 217.8268909765686 1.4682708 1.5999091 4.0466776 -2.8875399 1.5101879 26.296623 1.5111693 50.35726668810759 
Car -1 -1 0 176.16600880901944 187.81515083723065 456.5783499200512 375.0 1.4812474 1.6522483 3.7097046 -2.8382719 1.6836932 7.8838654 1.5397879 80.98319450142876 
Car -1 -1 0 651.4967220355774 161.18571333022635 708.300261363497 211.43702021224723 1.847065 1.631217 3.8848367 2.7052455 1.4181788 28.511946 1.5066524 29.749546760985186 
Car -1 -1 0 631.6041521855311 165.3267143062059 660.5179919555136 191.8243906538365 1.6533105 1.590872 3.8023055 2.337061 1.1836487 46.94155 1.5443373 15.277936022378686 
Car -1 -1 0 657.6838275775432 171.35037076355636 726.4692467377971 219.73160092445318 1.4687679 1.5638822 3.8153102 2.641722 1.4231203 23.866982 1.4934324 34.976539648487844 
Car -1 -1 0 536.6162681871979 171.50498168923644 570.5438651823736 201.0020446212568 1.434355 1.5236133 4.385155 -2.841682 1.368756 37.29764 1.5451467 10.791277908294022 

