Car -1 -1 0 5.7891389288396855 193.23384750031929 236.5358090235853 287.8723201272786 1.3821546 1.5490102 3.8409348 -8.316959 1.546052 12.760134 1.553117 94.54399441855222 
Car -1 -1 0 576.420912172508 174.27512409174813 653.4535654172664 247.13174267831909 1.5784695 1.669722 3.308459 0.15680014 1.3414373 17.234241 1.5639321 62.590360126778826 
Car -1 -1 0 211.68080892308345 182.49056883070398 417.10846253600886 307.78930527717 1.5553787 1.6067026 3.4309645 -4.094493 1.5215507 10.650198 1.5850745 109.66686130451575 
Car -1 -1 0 478.9716002386468 179.11028729993788 526.7775670067306 216.19322295266088 1.485578 1.5915993 4.240527 -4.4193864 1.2409893 30.94616 1.5340081 22.17002250233212 
Car -1 -1 0 423.7122489163795 184.60265085956902 495.19644406085575 231.685884686595 1.3810623 1.5158956 3.4023182 -4.6017966 1.3630801 22.799507 1.5877514 70.40633248509725 
Car -1 -1 0 339.69069555220506 181.55116612075074 418.859898032281 224.63674628119995 1.4657619 1.6227804 3.9070184 -8.269766 1.3410953 26.420229 1.5850892 50.87130731900585 
Car -1 -1 0 83.38038584958831 187.13958164999264 232.1855842737286 244.1858533295853 1.4173793 1.6248446 4.1156673 -12.332636 1.476628 20.06926 1.5569069 21.91644561850864 
Car -1 -1 0 215.98519840053885 184.2285443593543 299.9422972899582 226.8951470628712 1.4861659 1.5314331 3.729363 -12.980493 1.4517813 26.948675 1.5074172 8.703304506315384 
Car -1 -1 0 152.61928679882567 187.56604700531594 229.18867767473748 222.60239121081727 1.4634098 1.6177773 3.65995 -18.53758 1.5748744 32.18629 1.464853 0.5071910799921542 

