Car -1 -1 0 663.4217801488453 188.91815779947717 720.1867600454142 235.8873157312994 1.475376 1.6089057 3.674272 2.8638692 2.0897744 25.75891 1.5711427 69.88309287599998 
Car -1 -1 0 759.2027296892197 200.2061918306068 1031.57628400715 375.0 1.4556544 1.5966735 3.654783 2.9379892 1.8394687 8.2767105 1.5439949 96.2496312250529 
Car -1 -1 0 705.896063871736 190.15478263568173 842.9781973097981 288.82294906060673 1.517787 1.6601247 3.8283143 2.95192 1.8927331 13.7067795 1.5505899 82.419703042519 
Car -1 -1 0 344.60243082454735 187.11974236469268 484.65627053216105 235.466770951831 1.5167292 1.679981 4.2250133 -6.4887023 2.016377 24.253857 0.08559212 52.850423501503066 
Car -1 -1 0 230.89985013869605 185.25428673664007 432.3090936191097 261.2140576314619 1.6161466 1.6777673 3.974712 -6.273767 1.9164796 16.562641 0.037548017 58.487425226807694 
Car -1 -1 0 647.123506723229 184.56907828938498 685.9095825220356 218.85666453284202 1.5891514 1.6321789 3.655815 2.8351884 2.2121863 36.535263 1.5585122 19.635163286348355 
Car -1 -1 0 384.37466451896137 176.56499453206015 506.19823056096897 225.28524389605477 1.9011837 1.7569336 4.5219107 -6.5751905 2.0559928 29.196848 0.010917583 15.033783881187851 
Car -1 -1 0 149.15538129666697 191.75118646627462 401.0406758826092 276.96299485626804 1.4907458 1.643111 4.140603 -6.3555136 1.8813138 13.975707 0.056460522 15.439626899006255 
Car -1 -1 0 0.0 175.75990785287163 341.21759118349183 321.2073490316998 1.7444386 1.6690023 4.209998 -5.983942 1.7867221 9.594488 0.033486776 35.3835216271188 
Car -1 -1 0 449.7577570037525 186.6871420872884 530.7915988057226 217.68428819190072 1.5028331 1.6286674 3.9213464 -6.0214596 2.224956 36.73819 -0.058620885 0.3034297227859497 
Car -1 -1 0 629.9027170771593 183.42346047821033 659.8080781161618 207.8608750715717 1.6417499 1.5734719 3.6061857 2.5079074 2.4308696 51.986855 1.452344 0.2940845489501953 

