Car -1 -1 0 718.4264103377067 186.29363091852704 852.33628403959 286.1850870429445 1.4231361 1.5580138 3.5577946 2.8946726 1.6907148 12.564877 1.5997603 80.40887969084413 
Car -1 -1 0 782.4759410593693 173.37040886561948 967.7993503674793 243.56042275774112 1.624367 1.6707968 3.9432023 6.379382 1.6376903 17.663946 0.059838038 78.70645138361769 
Car -1 -1 0 289.024471206127 181.42191802995202 461.1197409249907 238.01399269969053 1.4755499 1.6319066 4.2106586 -6.363038 1.7213069 19.878376 0.00087035436 28.94793654750982 
Car -1 -1 0 638.0172143823436 178.0086691614719 666.8784231368155 203.01632811237897 1.5129609 1.6698511 3.974612 2.722466 1.8592372 46.473633 1.5829341 17.8626808429269 
Car -1 -1 0 193.13175837418905 181.19137349322247 426.23602083065106 260.5671934020184 1.5285873 1.6237173 4.175703 -6.1114597 1.7121525 14.985274 0.043035943 62.644683360413 
Car -1 -1 0 25.53367725245939 181.99974843344603 370.7757722055265 304.42614771461797 1.5567698 1.5969747 4.002015 -5.6425285 1.6972111 10.193665 0.044243738 80.34310776891137 
Car -1 -1 0 123.28327003758642 180.48799596602933 385.26129377710083 276.92352290419046 1.5486362 1.5854994 3.8315954 -6.0972075 1.6918525 12.633144 0.058361474 43.56651957388373 
Car -1 -1 0 374.124257512414 177.42874169160558 488.8108497498594 222.90787217759234 1.6354033 1.6551346 3.8947678 -6.5917444 1.8119775 26.984869 -0.019202732 18.979807132880016 
Car -1 -1 0 696.7389682804098 181.2165371231688 797.1624818574358 216.80980545592897 1.4485068 1.5851326 3.9331846 5.873597 1.8208537 31.008177 -0.1727044 15.606282678498165 
Car -1 -1 0 235.45545447929098 180.01959288882813 416.3462328876038 248.8915634983681 1.5683788 1.6068664 3.7657256 -6.7692146 1.750979 17.501163 -0.044135816 19.82485757674939 
Car -1 -1 0 713.9843261782047 182.23879051306048 824.2356282463824 221.2676855982485 1.4354382 1.5744321 3.8879242 6.1774487 1.8148263 28.108107 -0.14546165 16.377275997721153 
Car -1 -1 0 335.66098355762256 180.98122008003506 473.39207640363713 232.10821825756994 1.5041245 1.6183618 3.7959037 -6.2881927 1.7660351 22.378757 0.03429017 13.442688618758783 
Car -1 -1 0 623.5641479602596 177.66754864512663 644.037524903256 195.9164777989675 1.4786747 1.5735582 3.8853474 2.0933924 1.9023979 61.516922 1.6488007 1.2763685969110625 
Car -1 -1 0 392.06576706315366 175.87608420771042 501.5315587414965 216.47092416513158 1.604779 1.6284001 4.1130276 -6.5872912 1.7317641 29.48313 -0.010247484 3.0146204660602187 
Car -1 -1 0 698.6700461376416 174.85302453396943 788.6522623746675 212.82732782004362 1.6741762 1.6194098 3.7278333 6.082123 1.7681955 32.926315 -0.11006084 1.9664574403534676 
Car -1 -1 0 475.5750798707793 179.12361586655734 546.0276437272678 205.30970592998142 1.5308852 1.6455159 4.0008183 -5.9073715 1.9157764 43.442837 0.014826921 0.26231759786605835 

