Car -1 -1 0 167.14729364093955 180.48192355320154 362.19987142021057 287.7374679187008 1.6312419 1.7243273 4.271187 -6.135206 1.7963109 13.448036 1.5336795 125.41171965639822 
Car -1 -1 0 319.09600095643935 179.14305352858236 428.2194819961048 246.71241162814465 1.6441176 1.6868701 4.3716536 -6.426843 1.8390659 20.166237 1.5535711 51.1369206342033 
Car -1 -1 0 424.82000539024443 183.03719977021203 481.2228299319766 220.3887219941909 1.4439387 1.5631548 3.8664777 -6.625023 1.9071445 30.88483 1.5742841 41.6589594572695 
Car -1 -1 0 515.6735872302506 179.69024496883077 555.5592494593661 208.80061715931643 1.4165486 1.6718413 4.5496583 -3.878185 1.8024921 38.457638 1.5680116 32.0057014702115 
Car -1 -1 0 630.8288571687342 173.17374139165972 655.5897420330757 195.5048707145056 1.5619881 1.6182855 3.8222227 2.4126322 1.5860713 52.43564 1.5700264 9.708220084035979 
Car -1 -1 0 1079.675797473602 144.5399483885628 1242.0 202.29976289920296 1.4507949 1.5920608 3.8533187 15.3974085 0.7396104 19.96254 0.68880713 35.808236740573875 
Car -1 -1 0 697.9309642954755 168.40162341952825 770.0714221070235 193.93043893319893 1.5770102 1.695079 4.2577763 7.79301 1.30197 45.435684 0.0075592725 3.6342422306566755 
Car -1 -1 0 856.0810592587202 152.9486297342193 894.7723943314035 178.929612771005 1.9366876 1.6396922 3.5154326 20.423836 0.4528911 55.555237 1.5555553 0.2676868736743927 
Car -1 -1 0 487.17025721999545 182.43117806571644 525.6463269040083 207.54539137807376 1.4630222 1.6846304 3.991962 -6.4695334 2.0955276 45.618446 1.6187687 0.25447869300842285 

