Car -1 -1 0 88.43777833092595 195.41958219795387 322.57094543554604 321.34883967042583 1.4661933 1.535493 3.5365818 -5.7642126 1.8595438 10.80649 1.5673187 125.11726083124981 
Car -1 -1 0 723.6179827558406 180.90488852298023 857.6868902198711 265.3408217928902 1.4261818 1.5910941 3.707244 3.455542 1.6083869 14.438738 1.5210669 125.08945969281322 
Car -1 -1 0 339.84605835696635 184.3617071437165 458.7432857222244 245.2118180493469 1.4297001 1.6768012 4.2284937 -5.654643 1.7832062 19.973377 1.6776427 80.09761956282547 
Car -1 -1 0 664.3968667578863 175.57677170685432 715.1162336988865 215.49765431674652 1.4797639 1.5514536 3.7050104 3.1439013 1.5957391 28.8669 1.5520434 55.3335595491276 
Car -1 -1 0 689.31698145689 177.43275038574967 777.8060599192147 236.3691230438871 1.4522591 1.6272844 3.9651356 3.336545 1.5926578 20.108677 1.5274888 48.10120962250578 
Car -1 -1 0 467.235193255417 175.80906762240696 511.232457379588 210.26063420421758 1.5625355 1.6128786 3.6211085 -5.7592864 1.7128495 34.87068 1.5440524 23.023009542180663 
Car -1 -1 0 491.8943433228806 178.06572630655612 529.3564644594372 206.71304155498416 1.4999374 1.5893322 3.59861 -5.470137 1.8035635 40.23479 1.5726392 1.8721255872850937 
Car -1 -1 0 69.54564908283835 187.08890524357554 216.705558032404 234.89576676634164 1.4910394 1.5576248 3.8304257 -15.314529 1.9772666 23.820602 -0.02436819 4.516806516855556 
Car -1 -1 0 503.31791069329176 171.99516487491297 552.0594529784397 192.07194678307687 1.6221268 1.6205097 3.663683 -6.763714 1.5527359 59.660065 0.33167365 1.4704961941181047 

