Car -1 -1 0 685.9318084739848 186.26434216978183 772.4706526967815 249.9840888900687 1.4537603 1.5570472 3.362703 3.036068 1.8370242 18.90319 1.5207853 83.57872903659927 
Car -1 -1 0 752.3273398034839 187.1290964455024 865.8737146906734 229.13955380189736 1.4363782 1.5948057 3.7035098 7.1618996 1.9710933 26.1476 0.044886738 65.00378624274133 
Car -1 -1 0 0.0 188.1258630803205 276.8197937100737 320.17359661399445 1.4959158 1.5962265 3.7525785 -6.527417 1.7116287 9.287394 -0.05728431 82.13793315099291 
Car -1 -1 0 51.43410202165445 191.82938003716018 371.019601130785 296.79042444980934 1.4682252 1.6100016 4.11981 -6.0755777 1.792646 11.38629 -0.07134659 57.18787587204325 
Car -1 -1 0 344.4156590800675 179.37736439833083 479.1997663655611 231.72259689642422 1.6244409 1.6537776 3.9817681 -6.368292 1.8457831 23.552794 -0.052122362 32.488756787032095 
Car -1 -1 0 298.02376477789625 177.3772142417054 461.7613444360852 247.5228913461724 1.7206167 1.5960746 3.7191293 -5.8669534 1.8432631 18.688093 0.042507853 50.31182619072651 
Car -1 -1 0 459.1147162330356 178.26191527593616 535.7498733568814 207.68678959108894 1.6810929 1.7092628 4.227448 -6.549573 2.0057101 42.42911 0.013066041 16.9524734503196 
Car -1 -1 0 166.57893436109427 184.23125616545929 399.0177427926851 269.91361084854395 1.5311874 1.6126686 3.757812 -6.1805315 1.763742 13.930025 0.0064460854 47.648854763859596 
Car -1 -1 0 237.8493555951741 187.32072621041578 443.70553330256195 257.7827281440098 1.4772854 1.612404 4.0794983 -6.008589 1.8242216 16.400955 0.04779175 26.940638607304077 
Car -1 -1 0 719.8489094313469 182.71973384997375 828.0998987105256 223.46834375609856 1.564212 1.669934 3.9618511 6.531583 1.9713454 28.939363 0.0008518222 4.669141435473833 
Car -1 -1 0 481.4099243882248 177.35172090178634 552.2516781397943 204.16209040020735 1.7205777 1.7259183 4.504457 -6.068532 2.0231938 47.586945 -0.04331408 3.90356568206124 
Car -1 -1 0 693.9555550680477 183.47512564154331 778.412791909368 214.7346899869926 1.5137436 1.6034615 4.0341983 6.3442607 2.063546 36.451008 0.048909467 1.6118382312912456 

