Car -1 -1 0 409.73754587912276 185.4302449105299 493.9756506066081 239.0751607659045 1.41077 1.5718913 3.5197005 -4.3716173 1.4174805 20.70136 1.6004957 69.56113671035197 
Car -1 -1 0 465.4127254487006 182.1525582093533 518.7984722228093 218.6600333172915 1.4601779 1.5801709 4.022567 -4.8529415 1.3376625 30.775799 1.5871606 40.25632626085881 
Car -1 -1 0 136.6539008014022 196.5811899518042 397.20124381688385 336.3816057984608 1.3888352 1.6007527 3.9805255 -4.119584 1.5702286 9.4700165 1.5546391 87.29159811560456 
Car -1 -1 0 359.13071885488375 179.35475603422734 425.02604079802336 221.51135993479022 1.6000452 1.6395252 3.989049 -8.678184 1.3775944 29.310612 1.5296191 33.56743053070373 
Car -1 -1 0 501.5713532449342 180.52935357832214 536.9954419587307 208.3758024678018 1.4842478 1.5659484 3.721563 -4.8682494 1.2344602 40.185528 1.5592813 19.18601137380286 
Car -1 -1 0 580.4629301107545 178.18819156746235 609.8385952041898 206.9325999092819 1.4925697 1.525612 2.772064 -0.6464282 1.1276624 38.724533 1.555514 14.842703778747367 
Car -1 -1 0 213.93398017332837 189.03247938732545 334.5324567649403 248.79396001106124 1.3736651 1.5194978 3.4767447 -8.418799 1.4811194 18.492256 1.5609293 17.783262335244494 
Car -1 -1 0 0.0 189.5118209774122 144.38269645242377 252.27490603512024 1.4496181 1.5942327 4.0527515 -13.88313 1.5611553 17.699152 0.083836526 13.733609406871341 
Car -1 -1 0 212.42841681482938 170.33627906483284 317.11571616326967 228.19556622760544 1.9285251 1.8168455 4.41674 -12.314845 1.4325747 26.194504 1.541419 15.290117000733458 
Car -1 -1 0 347.1451741868451 181.0022229581295 434.1566372559036 209.90071908093478 1.4831564 1.5994947 4.080159 -11.309408 1.2669084 37.702766 0.004512839 0.5030493286731628 

