Car -1 -1 0 707.5691008135502 189.04592382018612 856.9903846414998 286.59511239940144 1.4090154 1.5392779 3.3898165 2.8907917 1.735217 12.771865 1.469252 113.91956685832011 
Car -1 -1 0 652.8445663212559 182.74411637335513 727.2953206114333 236.16465114014872 1.4489298 1.6418961 4.327957 2.411093 1.7887398 22.588438 1.5204395 79.19801864573715 
Car -1 -1 0 0.0 196.3998224560033 283.5628902912609 330.34748305087373 1.4170129 1.604509 4.20979 -6.411247 1.7284247 8.730735 0.0047110994 96.43326011639014 
Car -1 -1 0 645.4891339890902 180.7175701194445 689.3709280920172 215.9972603254805 1.4870875 1.5643203 4.067318 2.617308 1.8734684 33.392746 1.5348845 17.95801179770793 
Car -1 -1 0 368.3037138714486 185.93569958041115 498.7720403027592 228.15141642942794 1.4466032 1.6448941 4.316065 -6.3264847 1.9382414 26.203854 0.042353112 39.323398352762304 
Car -1 -1 0 25.979905911991676 193.81139377623964 330.5189233417487 299.6604301974169 1.4639704 1.5409195 3.761529 -6.463522 1.8086324 11.078773 0.009089953 55.420247339341046 
Car -1 -1 0 246.10254411743648 186.5653140832849 426.5124558976257 249.7410776617149 1.4873414 1.6106019 3.9416928 -6.8016095 1.849591 18.210064 0.02422007 28.49548792675069 
Car -1 -1 0 201.53000723247243 189.96742957787066 407.98918987138046 262.0154167522131 1.4324698 1.5715036 3.8354402 -6.5296736 1.8258932 15.681784 0.063447654 51.700585813958 
Car -1 -1 0 292.8505774607315 183.55037375684432 439.5094445957322 240.2819988638972 1.5089561 1.5433646 3.656881 -6.8866863 1.8288615 20.575018 0.13141517 15.925855172701159 
Car -1 -1 0 123.08846283329122 193.06645598273576 368.01083548925783 277.8340647281079 1.430017 1.5425904 3.7884936 -6.6444016 1.8290415 13.407711 0.034695074 32.344518677416914 
Car -1 -1 0 628.9346861838299 177.50621982530683 656.9206364649959 201.0201085603809 1.6262324 1.6027822 3.5261416 2.3924627 1.9761115 52.443596 1.4913921 6.0045891680831405 
Car -1 -1 0 385.49403279082856 184.00134452421167 491.8961624715441 224.13710141473877 1.5315018 1.6025844 3.860288 -6.772962 1.9900182 28.838755 0.020034319 6.744369780117279 
Car -1 -1 0 400.1707224603167 174.88503882567522 496.7314870991122 216.60267749190274 1.7490317 1.6712122 3.797792 -6.9035034 1.8391196 31.168247 0.00022493838 2.8905499271384483 

