Car -1 -1 0 727.0692282072969 185.48067047650326 924.5748774554284 265.7542506498641 1.492732 1.5842787 3.5160298 4.325541 1.7671728 14.703956 -0.10899611 128.94398079191276 
Car -1 -1 0 0.0 183.82319973337832 248.64047583820349 294.61318898736465 1.4613051 1.6034651 4.0990357 -7.7022734 1.6335245 10.504255 0.010930093 63.44937596704702 
Car -1 -1 0 132.97054844226525 180.4321648170979 356.2480294704919 254.5398651202247 1.4943345 1.633821 4.018257 -7.7962313 1.6694171 15.708101 -0.07337843 124.7882927024999 
Car -1 -1 0 694.2955761561819 185.15680796783832 865.9037162114013 253.01956483053218 1.479944 1.5448129 3.6304946 3.9344409 1.7846484 16.966637 -0.0735673 20.36770879448978 
Car -1 -1 0 224.2506581951581 173.46862798817992 377.13943340712825 236.80428638890777 1.7042904 1.6388241 3.7859125 -8.711618 1.7229139 20.651148 -0.21946567 33.936926839957884 
Car -1 -1 0 458.1040176310455 178.43719609784307 490.7958730731544 202.46544244434193 1.6787688 1.6834939 3.518766 -10.003308 2.1059902 53.263927 1.1782564 15.048123066722455 
Car -1 -1 0 176.6407248921326 176.31060457342443 357.6859925654576 246.64591452992263 1.6397884 1.6364051 3.7974737 -8.431601 1.7317812 18.06807 -0.17408052 8.577818555041983 
Car -1 -1 0 263.42616903625594 172.9700428922187 391.7093767729186 227.81468714530388 1.6628226 1.5532027 3.619803 -8.89944 1.6667122 23.033276 -0.21962447 7.255736686476728 
Car -1 -1 0 1018.9020360586713 188.33517428757398 1091.1331606818512 223.53008915960265 1.4961371 1.6272137 3.984327 21.132015 2.2695827 34.18158 -0.6623938 4.038397434322231 
Car -1 -1 0 962.9530302454763 187.52941705064202 1019.183780507019 210.17492130234945 1.4465866 1.6636238 3.7287064 26.667381 2.5146484 50.564663 1.4547474 0.2651236951351166 

