Car -1 -1 0 437.40094658017944 169.81582597969268 519.2391245606522 202.01706131927955 1.4937882 1.6336946 3.7891567 -6.331151 1.3528497 34.703278 -0.23271075 41.5201692115658 
Car -1 -1 0 698.8467843113003 168.85059567428135 741.2644996729908 190.34960247888867 1.4369762 1.6181124 4.033643 7.659931 1.1693916 50.366432 1.3654099 19.877799275138678 
Car -1 -1 0 979.0058053587144 162.62646928943363 1033.2516014493076 182.99444618057518 1.4700346 1.5174513 3.490294 29.606157 0.7318744 53.966137 1.2773652 41.40822477786772 
Car -1 -1 0 908.9471502715578 162.43150338526368 963.2787299870573 187.01855561969177 1.6889877 1.6330231 3.8082385 23.284712 0.97302246 51.591175 1.3769993 8.44597102899995 
Car -1 -1 0 775.5778099013567 166.70213134941469 825.3322188010272 187.50485827084768 1.4210098 1.7683582 4.268818 13.5716 1.0007826 51.54908 1.3835633 3.6668339545681 
Car -1 -1 0 59.041044343717694 174.28996765320622 114.53576531166907 196.6457566811358 1.4641982 1.6563348 3.6814618 -35.76612 1.5665494 49.469067 1.3893085 3.1487737953247175 
Car -1 -1 0 730.4497511406063 166.7333620018536 774.3738361519239 187.86935821977997 1.4531751 1.656481 3.6457324 10.1649475 1.0323591 51.581364 1.315112 5.788642808018401 
Car -1 -1 0 98.37257087069298 172.58230404095076 152.24139538979344 195.63211533182047 1.4984406 1.5839888 3.8961112 -32.782787 1.4807777 48.96074 1.3997499 1.6070508714400937 
Car -1 -1 0 604.9983857718188 164.71626314739675 659.88757343008 188.33521378755125 1.5677023 1.5685061 3.6006653 1.5524904 1.0275617 49.66915 0.7206427 4.818597042883267 
Car -1 -1 0 294.6191285776673 149.05158476686097 329.31484053033574 189.80958421409167 2.8804026 1.8432186 4.9709425 -22.057772 1.1982653 53.635017 1.2909768 1.0308408746889368 

