Car -1 -1 0 680.6179863508052 181.3302705363183 768.5019946125052 252.56540845217452 1.4875262 1.5504597 3.2021992 2.620955 1.7067337 17.054533 1.5652276 104.20859598866481 
Car -1 -1 0 783.0685998758195 179.61337947795002 1133.7492842216404 375.0 1.5532326 1.5852547 3.4642043 2.8798904 1.6334858 6.818923 1.5505333 146.51695625837937 
Car -1 -1 0 296.3138027308255 197.36714669125837 442.8975496204375 298.63540056626175 1.4629707 1.5467421 3.5830257 -4.1758556 1.969828 13.109506 1.5465977 82.1508992416989 
Car -1 -1 0 647.2345990287134 177.2120129663147 689.479493228084 214.2668682597447 1.5718389 1.6092211 3.8238132 2.630904 1.7825421 32.971283 1.5681962 45.57915837765467 
Car -1 -1 0 420.0642774744641 180.65599923737219 500.0227521349975 245.6895422193364 1.7753825 1.6245816 4.029615 -4.487754 2.037173 22.19587 1.5708188 95.48837817346627 
Car -1 -1 0 488.75592221033304 183.88762074048188 529.6397563544829 217.9324292731889 1.5575233 1.5765041 3.9031453 -4.9863105 2.1418846 36.248802 1.5531119 40.99429184331693 
Car -1 -1 0 523.393948413932 183.0563401325211 550.4950749465429 205.9081506283942 1.5317044 1.5619464 3.8164694 -5.195167 2.2936544 51.977665 1.5725082 9.759795704813495 
Car -1 -1 0 548.6755144176506 182.74441874544544 571.5972613934491 198.65179217312473 1.45546 1.541159 4.2119565 -4.824332 2.457114 70.89843 1.6763947 0.4322017729282379 
Car -1 -1 0 627.1640581309512 176.4214790028116 654.5724120684449 193.1322627780141 1.6168053 1.70652 4.231684 3.2033608 1.989275 73.05785 1.8839269 0.8461376128576155 

