Car -1 -1 0 918.7280015307244 190.26408389708246 1242.0 318.1089935509958 1.4941657 1.5670938 3.8283033 6.2910633 1.7406667 9.431238 0.0005884325 44.19149073544381 
Car -1 -1 0 630.5248804877435 182.35685795854198 677.5337325741892 215.67945475138666 1.4964806 1.6206411 4.320712 2.1465034 1.9989505 35.915398 1.460537 36.73829836268705 
Car -1 -1 0 768.127743792435 188.8783625310423 948.7678796200759 254.17014300960994 1.449702 1.5600934 3.803287 5.9095263 1.8555193 17.368715 -0.066259585 53.300998874512786 
Car -1 -1 0 842.6235600576485 189.56044929245553 1102.6224271352462 285.64592089753523 1.4970479 1.5816967 3.6686907 6.0890713 1.802768 12.368116 -0.0245752 61.291233897364606 
Car -1 -1 0 732.4194861021654 188.60994876511336 894.8983891655215 243.68112452751564 1.4293153 1.6071696 4.0950975 5.675684 1.8945377 20.302464 -0.099100836 46.323776976992896 
Car -1 -1 0 0.0 193.83575602525266 289.9439986114191 324.2978563040457 1.4692717 1.6212311 4.110566 -6.4966707 1.7613375 9.217751 0.0075208736 77.97430181145745 
Car -1 -1 0 44.11321454777028 189.50274045423828 342.6131447936157 292.86532920130435 1.5063207 1.6302899 3.9652262 -6.6301537 1.7987694 11.744522 0.058608375 55.32186750891575 
Car -1 -1 0 194.83268467743184 182.41796205586834 407.796176541899 259.86123651618465 1.624367 1.6726543 4.085988 -6.8142424 1.8519456 16.263607 -0.034204576 52.998469842860366 
Car -1 -1 0 817.8522384571598 186.86817053919606 1034.753305084401 265.2919917935908 1.4853263 1.5860802 3.8099904 6.4556856 1.7933606 14.928939 -0.07340248 22.73842239369338 
Car -1 -1 0 420.4877079160542 183.74096720050446 515.0727999796256 217.38874954684454 1.4595447 1.592988 3.956266 -6.367453 1.964823 32.660477 0.015491817 17.553916241806146 
Car -1 -1 0 730.8398747971387 175.86107593027575 871.361002486966 235.60111142552796 1.7866018 1.6776947 3.9336288 5.953678 1.8852566 22.67538 -0.08169624 19.797263229800944 
Car -1 -1 0 399.220440602734 181.85506960477025 501.6259203452557 222.2373554870707 1.6118243 1.6278208 3.8892822 -6.567479 1.9970152 30.027863 0.018409928 18.664523112873717 
Car -1 -1 0 245.62364133896142 170.9441599296623 435.64767734237984 246.50464574582932 1.8776395 1.6779923 4.3314047 -6.8953958 1.8301809 18.812641 -0.02030596 18.233121236198247 

