Car -1 -1 0 702.1130217820038 173.58287048549562 850.149102359295 287.976896439607 1.6585743 1.6741287 4.084513 2.6843538 1.6733143 12.539674 1.5827342 113.17517768708464 
Car -1 -1 0 673.7433733113071 179.8731395835237 766.3735889223298 246.41064636529816 1.4777257 1.6544632 4.176793 2.7120533 1.6789333 18.576208 1.5475236 52.219771928621405 
Car -1 -1 0 651.7966559051974 175.3051831290365 705.6533735297427 220.86590198766623 1.6185637 1.6043744 3.5698082 2.5839257 1.7186127 27.639313 1.5363562 62.86349611655602 
Car -1 -1 0 0.0 191.3909438202196 330.73874541349164 310.5561507457593 1.4782515 1.5750735 3.84422 -6.122689 1.7594686 10.082762 0.03981522 82.4263784023841 
Car -1 -1 0 104.5468392885787 184.62853224134193 379.7093173677312 280.9045440290209 1.5395043 1.6541803 3.9805787 -6.281415 1.7613457 12.678111 -0.045228757 78.82324869469747 
Car -1 -1 0 634.8774985170918 178.6088159447811 670.0185725974221 205.73442346798223 1.4574299 1.5312781 3.579036 2.4185908 1.8022997 41.394974 1.491133 18.015479720064803 
Car -1 -1 0 368.54938995038657 183.03162402016355 487.35066807445725 228.9015732312639 1.5740988 1.6058547 3.859754 -6.4964285 1.9540076 26.044352 0.045094743 8.082527820701905 
Car -1 -1 0 173.06524568022635 187.1605182374231 399.6810105361128 260.50692388179965 1.4369164 1.5676384 4.088273 -6.7088985 1.7556067 15.262312 -0.01312536 8.09241531492853 
Car -1 -1 0 449.8430266608863 180.19063828597794 531.4770554157514 209.27552771775262 1.4691293 1.6052327 3.983382 -6.17244 1.8612443 37.718037 0.021571394 1.377617407786258 
Car -1 -1 0 399.4155559974083 169.9973884650457 495.6400159854181 211.14937073654022 1.7286217 1.694929 3.8028252 -6.94748 1.6086273 31.203197 -0.024841491 2.4015067854255134 
Car -1 -1 0 620.6638799376277 174.0430557952114 640.0588096101466 188.5902371931477 1.4656637 1.6721327 4.021222 2.1385112 1.5927947 75.08907 1.5120118 0.4987066512187173 

