Car -1 -1 0 642.5727378511558 185.21726730692066 723.8920104386691 247.24449003506498 1.5443326 1.5286498 3.2445972 1.995475 1.9227308 20.366528 1.4226806 107.4319089514892 
Car -1 -1 0 561.0276071365064 187.92341838931895 600.0999939271468 219.8756564792598 1.5749427 1.6066146 3.4157352 -1.6133567 2.430308 39.12414 1.3749127 59.317373992007155 
Car -1 -1 0 385.494081855545 192.4730468579569 444.32655622606626 248.45920276657284 1.519299 1.6639816 3.5845563 -6.09535 2.193717 22.869537 1.3431312 38.91649528321997 
Car -1 -1 0 719.9709954962223 186.23061750717326 901.1910139679787 307.49972211468173 1.4907076 1.5745479 3.972952 2.9141972 1.7383771 11.337471 1.522918 96.5071461980039 
Car -1 -1 0 601.8106510387843 182.5138439219511 666.4233033965853 231.77666967950233 1.6775882 1.5835354 3.6164217 0.856784 2.0685863 27.268162 1.3511543 61.074602001267294 
Car -1 -1 0 777.3683871387416 141.43859145179027 1242.0 375.0 1.7920367 1.7332091 4.393734 2.8867955 1.620595 6.1659837 1.5325793 95.56175171231962 
Car -1 -1 0 537.9569003153892 187.94336435284026 568.2974551987011 212.03406969422826 1.4993898 1.578139 3.8556323 -3.909709 2.578018 49.527042 1.35953 12.652473528603016 
Car -1 -1 0 435.3351798893814 192.2490723095567 465.60100535669164 219.01514773166488 1.464258 1.4865344 3.439722 -9.636953 2.69207 43.878273 1.446115 4.782666898331372 
Car -1 -1 0 524.2167422446361 187.17217150297964 544.4239574164317 205.6349181904202 1.5218321 1.5724715 3.951236 -6.7797894 2.8484082 64.77321 1.4075019 0.8619363928513242 

