Car -1 -1 0 388.8219929236378 184.3675567403832 505.28171785019475 262.1724188308742 1.4478056 1.6304187 4.2461147 -3.282743 1.4320233 15.512566 1.5546088 85.90647980248417 
Car -1 -1 0 173.9296294830057 197.48846908090246 448.4574596647165 353.0412538267549 1.348319 1.6295373 4.326193 -3.1881042 1.5349283 8.752475 1.5522485 98.14257593745073 
Car -1 -1 0 556.5753157510931 177.13616757265075 623.3128971149229 239.7470096817321 1.5713557 1.6770241 3.2822325 -0.4854572 1.3685822 19.708683 1.5383904 51.4763133541399 
Car -1 -1 0 251.76504743039297 180.40969945088423 369.4486039718166 241.12603073011257 1.4695318 1.6039045 3.782462 -7.8043513 1.353211 19.291481 1.5687873 92.76531597539353 
Car -1 -1 0 338.1710271713431 179.81052396601544 392.45345113180394 207.9968875952666 1.4098575 1.594352 3.8139832 -12.66963 1.1394954 37.86793 1.5652603 37.24899074517778 
Car -1 -1 0 511.5580579576013 178.2499641553819 557.2108190358352 213.5818465190707 1.5076228 1.6020002 4.1592813 -3.2528787 1.2103927 32.764816 1.5852466 20.462282287846037 
Car -1 -1 0 447.79063787226704 172.5252628576193 485.86658741494006 198.88736475303196 1.5633175 1.6487664 3.8856778 -8.653505 0.8107531 44.582672 1.5579282 7.412395807673178 
Car -1 -1 0 386.1795275529354 177.15637887744148 450.96275594878864 214.85497216135434 1.5347775 1.6394784 3.8142262 -8.106164 1.2066681 31.21313 1.6228899 7.304999542617499 
Car -1 -1 0 457.3330112808048 174.68150930654394 532.6621775668167 230.6979916153857 1.6076603 1.6720814 4.227894 -3.441453 1.3053315 22.755903 1.5841212 18.16501983948735 
Car -1 -1 0 241.57872249598935 181.78527332734177 311.51238136872905 222.7208328568492 1.4670346 1.5367436 3.127254 -12.525799 1.3440962 27.406029 1.4515827 2.8184931961446016 

