Car -1 -1 0 324.66717280591 192.33079139541567 463.11986707505247 284.32296512148537 1.4409776 1.5630827 3.5433989 -3.9663508 1.8625036 13.83592 1.5814811 109.9958087719039 
Car -1 -1 0 649.1413054350611 179.65457347395258 698.2616715858273 219.60423094993305 1.4355686 1.5419254 3.498284 2.4563618 1.7188916 28.29482 1.5488466 62.25436975906913 
Car -1 -1 0 437.324138345438 183.1290295173499 490.5356603595633 223.66195199550415 1.6703588 1.6406448 4.108957 -6.553224 2.1675005 32.845898 1.5582306 29.419642324526894 
Car -1 -1 0 737.4510053271597 166.67661695999465 847.3360193455217 206.084628155121 1.62905 1.6677938 4.2392015 7.737341 1.3736889 30.756124 -0.045368064 34.89654253363483 
Car -1 -1 0 796.0758793751004 168.43107552397316 960.1268907530099 222.8114607394267 1.5488735 1.7013961 4.2711887 7.941737 1.4228988 21.551262 -0.071105585 56.37542141105081 
Car -1 -1 0 989.7024077030288 153.79855269870475 1081.267296039245 185.03978425481677 1.5735207 1.6618459 3.7628548 21.927677 0.6137587 37.2296 -0.030578945 13.484661501498486 
Car -1 -1 0 775.2593323529593 162.1093755169584 911.3406089777897 213.33036312139134 1.6821578 1.6760098 4.09388 7.918272 1.3292915 24.651882 -0.058240198 25.150281571854833 
Car -1 -1 0 339.23119026778494 193.0162193934629 429.9613210257099 248.02451219163524 1.399125 1.5499225 3.798296 -6.629999 2.0571995 21.648335 1.5671864 5.486525430135167 
Car -1 -1 0 475.7405907402886 183.44163839283448 521.2439830971301 210.58630355716215 1.5111406 1.5893786 4.2593985 -6.7282834 2.191101 44.119064 1.7105366 1.4156950265930286 
Car -1 -1 0 0.0 193.84828730567116 185.08158746530873 263.16818248277076 1.6046408 1.5496 3.623747 -12.846714 2.1514406 17.990429 0.015142856 0.6525418937511169 
Car -1 -1 0 1029.5099614852822 152.41856131522644 1136.5961188150811 185.62679081821 1.5192807 1.6797405 4.0534534 22.2793 0.5843566 34.025 -0.08790642 1.0336943024004726 
Car -1 -1 0 957.151302485921 156.65206647154935 1041.665158657816 183.99121012529935 1.5034808 1.6486129 3.8521743 21.84293 0.6124762 40.51803 0.007118349 0.28294631838798523 

