Car -1 -1 0 696.1184403231066 184.9770825256712 790.1467241720528 257.76666065676704 1.429846 1.5466248 3.4182053 2.935778 1.7353075 16.46299 1.5816163 84.27844186884349 
Car -1 -1 0 758.3191840007081 176.0380170381439 902.6916637210165 234.02419440437896 1.648986 1.6484216 3.8545094 6.5118036 1.7484083 21.576923 0.06809607 76.13355879044025 
Car -1 -1 0 87.22897440907866 189.41382521408343 382.32574797499467 285.7601520477528 1.4375067 1.5872098 4.0408144 -6.012231 1.7289841 11.874688 0.01580999 111.63564273563667 
Car -1 -1 0 688.0809620164877 181.6913820131456 778.4773237605739 212.60298082349468 1.4233619 1.5706992 4.0201316 5.9486976 1.8634193 34.87722 -0.13660397 17.71552218334026 
Car -1 -1 0 193.80917815245044 182.61350849385715 430.96160528065906 266.2295534731821 1.5088844 1.5822442 3.985781 -5.686692 1.7112339 14.091608 0.039114848 77.9833330761128 
Car -1 -1 0 637.0261811443893 179.02737216224835 664.6745433826251 201.95712152414114 1.5010904 1.6372083 4.096649 2.8454986 1.9499769 50.405083 1.5558016 9.519686412062269 
Car -1 -1 0 286.46695147094755 179.74920553551416 466.24967756581805 241.8368513127287 1.5283406 1.6214281 4.193581 -6.047759 1.7188605 18.957687 0.08162542 36.69442692249251 
Car -1 -1 0 246.6785521146986 177.63648664057246 435.8680541693493 253.55856841788477 1.63076 1.5730368 3.7787886 -6.101502 1.7474247 16.612072 0.11004084 25.315051856547267 
Car -1 -1 0 301.71572079854514 180.10233261933087 452.778495321156 235.571836223289 1.5567505 1.6407317 3.9768064 -6.796365 1.7810146 21.407072 -0.04931054 11.368520128614236 
Car -1 -1 0 0.0 185.98652535020648 250.71794232257636 314.95663960077883 1.4740112 1.5766237 3.8338783 -6.883381 1.655796 9.197606 -0.00096777297 25.054456899409498 
Car -1 -1 0 342.32380714992496 181.48693141203512 484.2638647424152 228.24130706643595 1.4669151 1.6208816 4.2309017 -6.3812633 1.7608253 23.751717 0.0013107746 9.055562053710739 
Car -1 -1 0 372.3106937393023 177.1262209372932 493.86749633569923 221.83327413344853 1.5632768 1.6860013 4.002094 -6.436839 1.7267277 26.52131 0.12400692 2.51262573180128 
Car -1 -1 0 415.3713808227066 166.83010040178803 513.612085135868 206.92119574753988 1.8018497 1.6265867 4.241074 -6.6383376 1.5311121 33.319366 -0.036749605 1.0305493863113107 
Car -1 -1 0 410.24499051684614 177.48467888217968 507.9112358132243 215.11089201880384 1.5463762 1.6138427 3.7865767 -6.3864594 1.7503681 30.836494 0.07630615 1.3669284406566045 
Car -1 -1 0 691.0453014807993 176.23572942488198 772.8119990307673 210.24366217219338 1.6776772 1.6379741 3.8112051 6.209815 1.8550231 36.818527 -0.10858815 1.44609009647741 

