Car -1 -1 0 735.2845738722364 182.7874039912799 964.4224583126712 322.8757035664176 1.4232512 1.6403006 4.310232 2.922902 1.5879505 9.800344 1.5610485 98.04139285411522 
Car -1 -1 0 341.42456331799883 179.79496677379828 493.84950173150315 232.5477703389716 1.4848484 1.6542858 4.0883393 -5.6771817 1.7023547 21.593729 0.09474663 51.71940885043282 
Car -1 -1 0 106.98801614470514 182.56521152290242 369.9051166179251 281.35237648344344 1.5367675 1.5948752 3.699178 -6.214352 1.7149377 12.321331 0.06540756 97.59373537456244 
Car -1 -1 0 680.4435158003995 172.95845996329484 738.7429169924683 220.77264877198684 1.528497 1.6140063 3.7069988 3.3834822 1.5323812 24.95214 1.6026009 46.161892175857396 
Car -1 -1 0 393.3606741432965 176.25739818604197 507.72188674730285 214.1131441451576 1.4379741 1.6107203 4.1767735 -6.198064 1.576222 28.437084 -0.03220919 33.74975067358927 
Car -1 -1 0 0.0 193.68800446683372 311.6430241311639 314.8216035872353 1.4185588 1.5587859 3.974762 -6.3056064 1.7257221 9.704361 0.07885925 42.30252355596447 
Car -1 -1 0 487.78704731273643 176.09663381546335 525.3360573992187 208.38197852213818 1.4672208 1.5530179 3.280827 -4.92632 1.6312864 34.818527 1.5037842 9.165826458476376 
Car -1 -1 0 471.86459532246175 174.2984070361388 545.7058945188518 204.06961336795752 1.5539271 1.6370485 3.7137105 -5.345069 1.632787 38.567505 0.004145003 2.1435623602485196 
Car -1 -1 0 672.3117539990258 170.44894062812136 720.985503498043 210.463906801832 1.5595024 1.5816032 3.5513074 3.5487986 1.4657699 29.897678 1.56883 4.644717727826553 
Car -1 -1 0 663.612819495524 175.92384270690167 691.85998617873 201.59612970016875 1.4634233 1.5218735 3.4972582 4.133485 1.6559398 43.40986 1.7141672 0.9877003730366448 
Car -1 -1 0 528.8440737673104 172.4204468057268 558.7437637584387 197.34282176019283 1.6379483 1.6683477 4.030158 -4.5546346 1.609454 49.555664 1.3843983 0.591013821578917 
Car -1 -1 0 547.1545666977164 176.3281060339876 578.1498579473615 197.94866509593334 1.4739269 1.6356671 3.7022436 -3.4033248 1.7329935 51.81689 1.3409755 0.2633479757713088 

