Car -1 -1 0 722.1782011741115 181.14184181398053 864.5344973008175 232.6978687222181 1.5704705 1.7285746 4.1190996 5.837275 1.8479834 23.220684 -0.036831953 94.36567877453955 
Car -1 -1 0 898.7472565630466 192.27064380545548 1193.4804425662383 294.87394989185884 1.4037027 1.5573847 3.646911 6.585643 1.7267069 11.106792 -0.06545661 118.05915459102312 
Car -1 -1 0 844.9259188953505 183.97230079797745 1084.1882439371466 272.63879766215535 1.5199327 1.5849001 3.6855624 6.489233 1.7401125 13.435764 -0.033164095 55.01298438755078 
Car -1 -1 0 637.3795127060847 180.35366003124412 673.9013949855557 209.58514534648282 1.4026062 1.5502954 4.097933 2.359548 1.8164684 37.749855 1.5459564 20.096279513740857 
Car -1 -1 0 152.91007603563884 181.42346573583652 412.41008431434074 274.2046162710846 1.5305505 1.5938691 3.9309688 -5.719268 1.6941161 12.916405 0.030041656 92.9945410380629 
Car -1 -1 0 0.0 189.51392270623057 301.86337263471256 328.6541396830279 1.4127998 1.571208 4.113395 -5.932708 1.6227162 8.303259 -0.001250836 67.55788344937956 
Car -1 -1 0 408.6937715940379 178.75447288323866 513.6341783285641 214.4743196071667 1.4848003 1.6264973 4.1720257 -6.36862 1.7475827 31.215357 0.051195398 27.90110819604898 
Car -1 -1 0 336.39787070762253 179.17797410848067 472.94323212838935 227.75337304431585 1.4608607 1.580405 3.8908746 -6.391921 1.6683614 22.801033 -0.043419585 19.99154025697607 
Car -1 -1 0 252.49682151870726 172.32327031895812 440.6591215070673 246.1387320591898 1.7346845 1.6817632 4.073253 -6.402052 1.7222121 17.904358 -0.053212944 51.400860367539714 
Car -1 -1 0 203.7591049509027 183.24100466089425 429.8924682591818 257.9099911616529 1.4591472 1.599915 4.1420383 -6.0802226 1.6917582 15.254882 0.05053106 25.63123736742761 
Car -1 -1 0 5.094746847874241 188.45762069296578 330.90564408294944 295.4588546812975 1.4312274 1.5574921 3.891568 -6.378129 1.6800987 10.69786 0.016305018 22.23423106155942 
Car -1 -1 0 428.1858426620085 171.66790491394215 509.06203519213625 203.55425429464347 1.6646105 1.6080059 3.9591055 -7.515602 1.6026908 38.65356 0.09389276 2.631597330586894 
Car -1 -1 0 621.7153891166062 174.79012015340984 640.4525739082305 192.28196512333415 1.5246952 1.5962495 4.099734 1.9783986 1.7059202 65.44702 1.6257585 1.3011785126879842 
Car -1 -1 0 559.144343006192 177.34923902653657 582.9333836566325 195.1818747594089 1.45207 1.602977 3.8095427 -3.3269763 1.8495071 61.78058 1.4012148 1.0698213371735217 
Car -1 -1 0 293.1788035248312 179.0381222776047 455.6664583680651 234.28126337166876 1.481435 1.5869881 4.081175 -6.5475025 1.6633816 20.383614 -0.025456741 1.4532827153900019 

