Car -1 -1 0 411.1725689325489 186.23454554350232 523.5789618416676 269.9536603075547 1.4720016 1.630425 3.7597823 -2.8427327 1.7882152 15.169838 1.5684582 94.90085553658861 
Car -1 -1 0 669.3726380320398 180.90333278047981 745.4874273830585 239.7219735083664 1.4707501 1.5703226 4.2111 2.7019715 1.7256547 20.735085 1.5593019 71.79525598110533 
Car -1 -1 0 525.5968399657493 182.37399898712212 570.8067164921138 217.55394669219712 1.4813875 1.5933478 4.100732 -2.7933702 1.9520583 33.59137 1.6122594 39.90458382344966 
Car -1 -1 0 641.2558487085918 173.34494023990052 683.0987483876969 212.7384071509119 1.8470013 1.5959948 3.8318393 2.5591393 1.8727158 35.83593 1.5154276 15.801779937956997 
Car -1 -1 0 646.6376449872796 180.64875472788353 694.0714346783967 217.82938347122644 1.4679468 1.5141857 3.742969 2.5694559 1.825746 31.205402 1.5084004 20.458421661429732 
Car -1 -1 0 458.54793106152243 184.26361472898026 535.5233796494049 242.87005722720662 1.4755051 1.6024526 3.859236 -3.149333 1.8358353 20.85298 1.5764438 17.906101285544647 
Car -1 -1 0 548.114479748313 181.03066411767293 578.3338004855997 207.15966942079237 1.4826248 1.608384 4.234737 -2.806247 2.009717 44.39105 1.5656832 7.410045683964872 
Car -1 -1 0 630.3539249851501 177.26293464316365 652.053327163805 199.36619616939004 1.5792961 1.5355388 3.5599666 2.3441048 1.9206163 54.06424 1.5895374 2.435574333639249 
Car -1 -1 0 660.1431633287682 181.50476697452953 716.590443199833 226.82148963887002 1.4681637 1.5504203 3.8263314 2.7698412 1.8034711 26.039637 1.5518878 0.8363015534813303 

