Car -1 -1 0 730.9583556717009 182.6998758783452 977.052074965265 339.6270105824755 1.4823996 1.6689926 4.4076176 2.7747223 1.6393843 9.298546 1.5683957 126.6837657429069 
Car -1 -1 0 738.2373898403457 178.63046284479623 851.2416871954098 219.84170431177802 1.4255356 1.5660703 3.6553292 6.646478 1.6416496 26.101898 -0.060954206 27.701884674969747 
Car -1 -1 0 31.875577608812257 176.84206920511335 381.4173783861792 288.3590382005298 1.482471 1.6316676 4.1915097 -5.6924086 1.5462965 10.6034975 -0.061980978 107.92627705457717 
Car -1 -1 0 824.8305734412897 179.30393027006892 1048.781139726671 258.7019561829204 1.437259 1.5913954 3.7129738 6.2971697 1.573415 14.227872 0.11506462 57.96925028269695 
Car -1 -1 0 300.78602285106797 174.36199013202057 463.00829684748845 228.0298026105004 1.4700991 1.6341054 4.1855817 -6.446865 1.5155051 20.772057 -0.06619395 31.954129249490343 
Car -1 -1 0 723.6132101261521 176.19646710723646 821.6533007299014 216.9051673636199 1.5402353 1.5645418 3.465098 6.3411064 1.6750983 28.275112 -0.03227709 19.594997995026645 
Car -1 -1 0 683.0126086560593 175.7089885706975 761.9503974538515 204.92890523665605 1.4991379 1.7149688 3.857989 5.928655 1.653836 38.15021 -0.046651594 22.572843793513634 
Car -1 -1 0 350.5169208287933 174.73859474994623 493.03189668136065 221.0761122912359 1.4313496 1.6087072 4.1900425 -5.9602256 1.4943142 23.232922 -0.033367515 26.086419611814208 
Car -1 -1 0 405.2152499987202 172.5401986541778 517.450579752268 214.28065310948747 1.5626888 1.6144457 3.9866486 -5.664046 1.5509405 27.86141 0.02070235 36.83496515893556 
Car -1 -1 0 480.7921909000665 173.12960591863643 549.6196090522877 198.06343313259606 1.5668538 1.6670909 4.1279645 -6.0306077 1.5849421 46.35992 0.080149844 9.000940774017018 
Car -1 -1 0 766.151517881339 179.39298149425937 939.3716154132368 241.04559366697185 1.5019611 1.6089633 3.933938 6.1707582 1.6783504 18.611107 0.024496377 16.2590930008546 
Car -1 -1 0 633.3983633664243 175.41926950762308 658.336358390558 196.5054217025904 1.4666383 1.6074402 3.9911804 2.6159546 1.6610001 52.670483 1.5676908 7.3086802942271785 
Car -1 -1 0 420.2180350821453 175.69900980567465 520.5345877691288 211.91117644685025 1.47385 1.5774773 3.8734796 -5.8447113 1.5980392 30.509144 0.10487694 1.9862664049729668 
Car -1 -1 0 423.30135226382674 169.91584216785353 514.3827725275555 206.96113247825642 1.6294234 1.6379417 3.9199116 -6.322247 1.5001894 32.743713 -0.098178685 1.043703425191201 

