Car -1 -1 0 711.7782043984851 180.56734875396657 887.067307506535 291.78380833530787 1.4239563 1.6369393 4.2572947 2.817401 1.5717678 11.681342 1.5495551 107.2064941290938 
Car -1 -1 0 670.3633540540345 172.58195872870223 723.4213263004888 216.65844565383492 1.5250082 1.6161377 3.624403 3.1759791 1.5155957 26.795984 1.5952333 29.087883736608845 
Car -1 -1 0 0.0 195.2549958408105 319.6856310968443 329.2439872634547 1.4325907 1.5777508 4.026886 -5.911752 1.738019 8.92829 0.06070751 87.473869844145 
Car -1 -1 0 396.24390071101374 175.44849087514825 507.6547162978283 211.0363082136296 1.4449658 1.6221349 4.3432374 -6.549974 1.5570213 30.293194 -0.027228406 21.119831058832208 
Car -1 -1 0 41.89822866998072 192.3967920411294 344.72120404369844 292.67752792798484 1.4247159 1.5463351 3.9550571 -6.465152 1.7583852 11.4538965 0.047132988 29.114612007244975 
Car -1 -1 0 361.37100332729625 178.85900035998003 496.2260062097379 227.35157711372915 1.4838488 1.6127253 3.9546428 -5.855685 1.6893686 23.530704 0.18915781 27.960804556995335 
Car -1 -1 0 166.34229514859183 182.804868101806 392.99673574846736 266.8643500912729 1.5144299 1.5934436 3.7580762 -6.3893223 1.7233891 14.1894045 0.08992105 81.26584836219943 
Car -1 -1 0 663.9579078041806 172.57212891301162 707.201299744477 210.83212611755388 1.594224 1.5854702 3.6152742 3.3048468 1.5824788 31.885242 1.5867949 18.497529408092973 
Car -1 -1 0 499.4934656461694 176.48461673332358 533.9533853745623 206.9102708342474 1.4997817 1.6253496 3.9754333 -4.8536525 1.7018143 38.10355 1.4884436 3.5761153550992515 
Car -1 -1 0 441.93351101484035 174.1143332945253 522.5536195128594 207.18396511464846 1.5976875 1.6388775 3.677647 -6.2781076 1.6618035 35.81685 0.038449965 3.8460637604608343 

