Car -1 -1 0 744.0201817782212 190.54617323897634 942.9222771695801 331.3333655856698 1.450058 1.5617886 3.4452357 2.8728805 1.7278485 9.597895 1.5819304 84.85230354968517 
Car -1 -1 0 703.7914786268481 184.29620447932277 817.1270320238583 222.95141674254867 1.4132657 1.57848 4.009797 5.807394 1.8729161 27.980146 -0.11028549 31.27497762222448 
Car -1 -1 0 637.2526124046649 179.28914392955662 669.195736505275 206.4150620811702 1.5227966 1.6320143 4.1715593 2.5922122 1.9302826 43.594425 1.5595948 21.013017628943015 
Car -1 -1 0 725.1439418394741 186.14126277102102 854.1755715678705 229.78637269317377 1.4280608 1.5988925 4.064438 6.2155633 1.9083439 25.13319 -0.07405548 25.818089720696758 
Car -1 -1 0 88.16185600319913 183.52991801065804 384.844085559892 284.8863784373974 1.5412371 1.6235247 4.1504326 -6.0910068 1.7331455 12.066227 0.04485996 98.55331957602344 
Car -1 -1 0 286.7076004888753 181.1635953743031 450.42009937218177 241.76139658929029 1.5389707 1.637179 3.870235 -6.442915 1.7746792 19.52495 0.06474054 23.046985485055696 
Car -1 -1 0 233.3764766105436 184.51788123763183 432.4942401022867 252.06055593636566 1.4835057 1.6135457 4.069878 -6.408129 1.7718741 16.989866 0.020765988 31.77458733686812 
Car -1 -1 0 341.35366963832104 177.86333531466357 474.3236657589489 229.78313758217155 1.6360385 1.6650176 4.013337 -6.600047 1.8092555 23.94051 -0.0899697 39.796693732478076 
Car -1 -1 0 813.1373761652717 174.63970316806476 1044.8492859334128 261.015559369027 1.6453009 1.6307133 4.010125 6.369737 1.6841092 14.732138 0.06760237 48.87119416563283 
Car -1 -1 0 0.0 182.32151216481395 319.0325684762994 315.9532876115236 1.5895436 1.5800748 3.7777815 -6.081687 1.7279618 9.630943 0.068888836 60.81891800508784 
Car -1 -1 0 161.00727160521072 183.8872854324126 381.8682587725426 264.04953399092386 1.5155334 1.5977719 3.7393696 -6.74872 1.7519726 14.661933 0.00078389 25.592197272243656 
Car -1 -1 0 705.5738983900193 175.4992292795455 806.7951660922105 218.72286879459546 1.740872 1.6673946 3.8349013 6.0832834 1.8550916 30.168533 -0.08154639 9.434035362588803 
Car -1 -1 0 455.23084991373406 178.03467429585749 532.9599720569639 209.78525010943858 1.6141479 1.6487731 3.7870116 -6.0134816 1.8921034 37.839443 0.025717895 5.2527237238555795 
Car -1 -1 0 758.0898421714821 181.69011178427016 911.7538345097178 239.00388089196554 1.5084488 1.5997366 3.7707 6.1939864 1.7647662 20.089865 -0.02163395 3.1584862377748895 
Car -1 -1 0 366.79850042787217 175.08955262375713 487.76465021261527 221.9041787786729 1.6572722 1.6061958 4.067921 -6.6240797 1.7421775 26.515747 -0.042091418 1.5209305153478228 
Car -1 -1 0 465.44795646942424 181.74336944884024 539.3767189443641 209.51202949103228 1.5021559 1.6144152 3.8854856 -5.959487 2.0101757 40.400723 0.014118388 1.3047714216209962 
Car -1 -1 0 788.0042386629019 179.62316200373547 972.690135983292 248.13221763783835 1.5448008 1.5825498 3.8164248 6.3630714 1.713927 17.2277 0.0044711344 1.2182110785057851 

