Car -1 -1 0 419.6938089023243 183.15856644669498 508.91277311679534 240.78864055524562 1.5178766 1.6801909 3.9606583 -4.2607155 1.8575339 21.756092 1.6307619 73.26197942020625 
Car -1 -1 0 780.8588992760843 179.54069097130025 964.0076125852772 296.19075027347947 1.56308 1.5982497 3.4779596 4.0207663 1.6872231 11.633181 1.5401056 96.90187404297124 
Car -1 -1 0 737.6451421714037 180.1566397752553 842.4745559395166 255.01434440263782 1.5024817 1.6466407 3.898192 4.072534 1.6931952 16.856613 1.6194856 59.72579383994797 
Car -1 -1 0 715.4541905464969 177.8376232043572 784.1594369136918 231.5889496071752 1.4955778 1.580266 3.7440605 4.2514744 1.6630784 22.340687 1.6225033 36.43317487870201 
Car -1 -1 0 472.9440640828959 182.11663715383742 534.6123274679012 224.72914846495692 1.4518169 1.5846801 4.0365534 -3.9513094 1.8315732 27.528858 1.6178079 31.341325000414795 
Car -1 -1 0 550.2578786071467 177.47328498004214 582.223458984901 201.94019325590494 1.567781 1.615458 3.697125 -2.8951075 1.8929352 48.873665 1.6642039 12.314084237307036 
Car -1 -1 0 502.279891151858 181.62651431268273 549.2816815483003 216.6084680100282 1.4442362 1.5516344 3.8643591 -3.7383666 1.8659899 32.730247 1.606921 15.712428778325236 
Car -1 -1 0 692.7932614846686 178.25520431550675 752.189215645181 221.2440839970521 1.5017524 1.5761038 3.7634773 4.241733 1.7225363 27.589336 1.5403748 25.897510833750424 
Car -1 -1 0 684.3971726873442 177.6439834452418 723.0013110182546 207.68006008813128 1.4990256 1.5605675 3.3930297 4.946967 1.7643619 38.261757 1.5569897 2.222643039513998 

