Car -1 -1 0 669.0622559006014 191.98420446214385 828.9819160102384 305.61867588138017 1.4675161 1.571904 3.9644728 2.1195123 1.8414079 12.054838 1.4766939 101.41312896052035 
Car -1 -1 0 742.258215309258 198.12301003193087 1119.4577882595256 375.0 1.4998671 1.6537087 4.1309004 2.756072 1.8320366 7.3423796 1.4629097 121.87582032998078 
Car -1 -1 0 263.17223482708505 199.529368576296 393.4551666290946 301.34908829920437 1.5344458 1.5665691 3.5151415 -5.172512 2.1094751 13.699601 1.4219861 80.80997695787688 
Car -1 -1 0 601.4165235236346 183.2461291337068 702.5184612366149 262.7087735840736 1.6254905 1.6261353 3.72907 0.8942731 1.9023293 17.248518 1.4058554 93.49604376370108 
Car -1 -1 0 567.1977717665746 188.17724746643282 613.8775379120868 228.1074586287309 1.4360645 1.5539019 4.142481 -0.84778506 2.1133966 29.746134 1.4534812 25.95719204539437 
Car -1 -1 0 446.9654861480598 187.7800107674209 478.2503701088787 213.14559899688848 1.4772061 1.5912913 3.9407783 -9.418563 2.4805734 46.462803 1.469156 9.742292466943814 
Car -1 -1 0 386.29451301647265 182.493237588454 448.80015195498765 243.17959797001058 1.8511802 1.6525568 4.018097 -6.5059743 2.2105815 24.7916 1.418548 63.24988089366761 
Car -1 -1 0 567.7895007120428 187.76410700556482 601.8291877925477 221.29261034412156 1.4647171 1.527661 3.6295495 -1.2434292 2.227312 35.040886 1.5019546 0.6989581111352169 
Car -1 -1 0 543.2699427961203 184.09558936693458 577.2702506205317 211.42800412581957 1.6056924 1.5925049 3.8641112 -3.1923459 2.3567042 46.143147 1.3477737 0.8831554635755315 

