Car -1 -1 0 330.18891011306937 177.6728031933956 473.1664326380839 280.1665551560568 1.6010334 1.5936344 3.2950583 -3.5203924 1.4832075 12.884146 1.5803244 108.17915586659475 
Car -1 -1 0 696.6475780922053 185.76423542483843 801.1781562998395 257.5406760787984 1.3741375 1.5299138 3.405998 2.9338026 1.3872778 15.504422 1.5535724 81.97545899896147 
Car -1 -1 0 74.90080721058528 185.42502843380908 272.57892036207363 275.83679581826357 1.453182 1.573103 3.5549798 -7.805336 1.4575918 13.352986 1.5538374 102.73334076262576 
Car -1 -1 0 432.3326157632341 179.55171991969578 512.5635445740309 235.6664133849366 1.4637839 1.5937294 4.0607986 -3.7831235 1.3160357 20.789394 1.5616224 62.44345998649601 
Car -1 -1 0 309.50580275563516 181.08797599932845 396.21428684098976 229.02026422593036 1.4412767 1.5774469 3.635221 -8.183649 1.3171601 23.441963 1.5591521 23.51560765134882 
Car -1 -1 0 641.7139854562458 176.75910367301742 683.1880486522311 207.6366991773287 1.4733832 1.6172516 4.0339503 2.7372742 1.0698607 36.35215 1.5268284 36.657994136265735 
Car -1 -1 0 483.68379992017145 176.99648165635102 530.2508041517012 212.45047697831055 1.4857419 1.561318 3.6079574 -4.393315 1.1413058 31.929419 1.5719806 40.41577599137116 
Car -1 -1 0 586.5562705375283 175.94323068818142 611.9082365922678 198.55357083963807 1.490324 1.6664028 4.0683703 -0.58291256 0.8791443 49.440575 1.5406926 9.804879599519289 
Car -1 -1 0 516.0106488415084 177.67801656681252 545.3332510807899 202.86006986104803 1.4770792 1.5565672 3.6818058 -4.7298846 1.0349487 44.111343 1.400645 3.8105285697907987 
Car -1 -1 0 571.2932661281751 175.918710368873 599.4663143057952 195.7830324689603 1.5060214 1.5897924 3.7775755 -1.6794627 0.8011666 56.48241 1.7123845 0.3221895098686218 
Car -1 -1 0 537.368367754514 173.5852232301485 560.2008709522685 194.248885629852 1.4842298 1.6078296 3.9913995 -4.39361 0.6488359 53.702553 1.4664916 0.26310670375823975 

