Car -1 -1 0 798.5763054305426 179.28081813923157 1093.3419826556167 375.0 1.5020926 1.5766344 3.345435 2.9752321 1.5811014 7.1397223 1.6511385 97.15318276181465 
Car -1 -1 0 97.52680491042716 200.82893753171254 326.88846010992125 326.5970305209606 1.5361637 1.6060176 3.77803 -6.0589027 2.057322 11.548586 1.5654472 91.52211617834756 
Car -1 -1 0 451.40847849970936 186.26423217624867 500.46145210779304 220.78140998261725 1.4851635 1.5700266 3.5923595 -6.2875357 2.1560056 34.276463 1.5998415 36.655812683321386 
Car -1 -1 0 645.7788058677397 174.9996450367666 683.5325968098692 207.9031111573606 1.6259573 1.636565 3.8292732 2.8390698 1.7441858 37.832314 1.5570943 28.614034905405504 
Car -1 -1 0 211.09377832281712 196.2749262474925 274.1691512418582 226.14545879581135 1.4946855 1.6189215 3.888 -20.815615 2.8918972 41.099598 1.5697316 12.093933522294542 
Car -1 -1 0 474.1125751221265 185.44362964369736 515.9957617465856 215.33990571451187 1.5006261 1.6016334 3.8105595 -6.2564797 2.2281523 39.768368 1.5997654 12.603865496484204 
Car -1 -1 0 260.1288006253137 193.44723591031618 324.02838631901676 222.7682809629417 1.4679332 1.6888415 4.251817 -18.074886 2.7077146 41.290226 1.598847 6.316403266746486 
Car -1 -1 0 168.20159686647295 198.40430222627228 231.1526828331444 227.80368841147785 1.4758983 1.7033885 4.030553 -23.738935 3.0354352 41.949547 1.4686612 7.032020418729788 
Car -1 -1 0 530.4231292554309 181.88855552095825 554.0971909112917 199.81998622112812 1.4986514 1.5775954 3.9636512 -6.0484176 2.3331861 64.539665 1.3396358 1.6599481360557926 
Car -1 -1 0 806.1676702171854 163.3314884169515 834.0375776828383 181.47093674644555 1.5304198 1.611893 3.7280858 18.287586 0.72700804 62.79937 1.6522669 1.6815289890545806 
Car -1 -1 0 498.57154628087574 180.4585197233265 534.5692197781023 206.76385621899723 1.63748 1.6112823 4.173601 -6.172286 2.1688905 48.285805 1.6375687 0.6771540979360823 

