Car -1 -1 0 721.4105747354203 173.16013633945286 910.7567341001287 316.94225022142774 1.6795642 1.65539 4.1389194 2.7384713 1.6849146 10.523943 1.592006 124.16631720380781 
Car -1 -1 0 681.5225863755878 181.5928996577561 788.6244480556957 257.2436440387412 1.4659433 1.6358352 4.133632 2.7275853 1.6917021 16.552116 1.5440677 73.91895631164104 
Car -1 -1 0 655.550711699088 175.0205332053533 715.8732578359622 224.80942285213504 1.6320419 1.639771 3.5943012 2.631905 1.7145021 25.636393 1.5341022 75.09612303657717 
Car -1 -1 0 640.9221795936203 177.99842605623164 673.0601167329994 206.2835497482658 1.4493322 1.477035 3.3940105 2.5460072 1.7417202 39.30113 1.5554602 18.852798605404832 
Car -1 -1 0 0.0 185.9438654855755 343.18514858778343 304.51297833183054 1.5568657 1.671567 4.088643 -6.274823 1.7675536 10.650165 -0.063258484 74.01418852369363 
Car -1 -1 0 356.5553431234321 183.50322235996234 488.9425432798234 231.90316354549788 1.5257428 1.5947679 3.9808292 -6.184367 1.895652 24.113344 0.07789717 19.686267678644505 
Car -1 -1 0 113.50884652904713 190.9046195275675 376.5192688868042 275.3463729498969 1.431034 1.5745549 4.0751524 -6.6092825 1.7855382 13.370323 -0.0063909744 12.875772593204129 
Car -1 -1 0 620.2045548297885 174.89407412482907 642.2260713306215 190.42539983862156 1.5161668 1.6582489 3.8383095 2.1626053 1.7281566 72.97038 1.4471734 1.630504781114194 
Car -1 -1 0 445.6694652639259 179.19863799828352 531.5004889862183 209.18992952471177 1.4806788 1.6175928 4.0908284 -6.13144 1.812149 36.840378 0.023074523 4.236326076318286 
Car -1 -1 0 423.59228174847465 180.98840353021535 520.0976586057403 212.40896761696212 1.4456203 1.6345277 4.286351 -6.5358944 1.844481 34.51283 0.023275923 0.5599592273147209 

