Car -1 -1 0 709.9708593311723 187.0169231947007 849.8067420728695 283.1633650535434 1.4479887 1.5853488 3.4532778 2.9407575 1.7407088 13.149414 1.5218253 98.15491171658391 
Car -1 -1 0 697.1063265033421 174.9591567031964 812.6572799533122 218.66684360832485 1.8084565 1.734153 4.5729933 6.157657 1.9013237 30.887653 -0.033160556 45.888440388519605 
Car -1 -1 0 786.4847805019167 189.2454350637411 936.4803968872084 243.2410813293541 1.4227657 1.5908842 3.7195091 7.048378 1.9078261 20.454544 0.055524297 62.072888964338766 
Car -1 -1 0 245.6175465716093 176.07514247606377 431.339086186311 246.0174075159591 1.6146573 1.6805228 3.9767165 -6.5439124 1.6984997 17.765688 -0.08974134 59.24486093535624 
Car -1 -1 0 4.27950238682906 185.33815889007911 353.2135979703367 299.6000747038178 1.5049598 1.622619 4.1166525 -6.07955 1.7009743 10.506093 0.0055970545 61.36168962811331 
Car -1 -1 0 143.08758653104536 169.22418408620862 399.430719952503 274.1537314477509 1.758259 1.6181613 3.8270621 -5.9084954 1.6974357 12.905951 0.0033335106 80.84757615355933 
Car -1 -1 0 741.8981620368156 180.24383894313257 874.1255570226766 233.40270197987752 1.618988 1.6371087 3.821701 6.2798753 1.865226 23.134867 0.047102265 17.209151694864076 
Car -1 -1 0 457.4197801706031 171.88980659208357 535.9365304265161 203.7829601221771 1.7900887 1.7432926 4.3853145 -6.4714937 1.7359705 41.634872 -0.12423632 15.182941523887008 
Car -1 -1 0 438.6611718814567 175.31137572792633 515.7650230442822 207.03971198972658 1.5587819 1.6469016 3.6412175 -6.644411 1.6861063 36.486443 -0.041784886 11.627465898478953 

