Car -1 -1 0 779.0704190000291 175.960995711223 926.858907221035 237.1486947040913 1.4256923 1.5393367 3.5389135 6.2662983 1.5154371 18.924118 1.0477442 99.9996402298165 
Car -1 -1 0 629.0454957850308 176.15990013818325 680.4952465541473 211.50923134625296 1.4230173 1.5729547 3.4310892 1.897585 1.5742006 31.190475 1.4345362 72.3481933768398 
Car -1 -1 0 353.0104027865432 177.07737759640264 473.2955039990856 218.86639293163307 1.477799 1.6364892 4.0391164 -7.1753697 1.6392968 26.648668 -0.062218446 36.38183028756405 
Car -1 -1 0 610.4766139198093 173.8498850500844 649.4406279560236 201.6381184971829 1.4867439 1.5686319 4.189356 1.1040981 1.5462561 40.939095 1.4406435 12.788717269456496 
Car -1 -1 0 0.0 171.23774264644283 261.4944130765207 298.8196662277925 1.6565855 1.6552455 3.4379013 -7.0432467 1.6355991 10.209789 0.007793573 93.01536769268127 
Car -1 -1 0 492.6000628380667 175.47112964956136 520.824604958668 200.73328938592692 1.4965429 1.6225865 3.930142 -6.485058 1.6682048 45.250683 1.3959548 11.18454814789596 
Car -1 -1 0 287.81771156984297 176.3105212580824 433.6170508337208 228.66183440635328 1.5093074 1.6270971 3.8500764 -7.4782877 1.6186869 21.880302 0.073303364 16.777357610607524 
Car -1 -1 0 58.002172480751355 180.99839001550183 339.0176405767752 275.4270497796409 1.4661657 1.605344 3.8596077 -6.8099413 1.613661 12.209101 0.028845562 28.539224749036123 
Car -1 -1 0 448.3418425537798 177.388743709077 493.2654295779695 209.339537637632 1.4303346 1.6500825 4.0837574 -6.6631165 1.6633744 34.98732 1.5039384 0.32589632272720337 

