Car -1 -1 0 678.8428836078521 178.90153686680682 779.239015178727 253.23161167523008 1.4785535 1.6076199 4.266145 2.6405194 1.63762 16.839529 1.5635258 117.83131132793109 
Car -1 -1 0 761.2450163006151 183.75901296770823 970.435132659749 333.0381294629397 1.507046 1.4714453 3.2706478 3.019516 1.6703892 9.165933 1.5619249 97.62212964868432 
Car -1 -1 0 426.1544955767536 181.06809213967347 500.92572937381846 232.63632404747082 1.4859126 1.6838341 3.9864209 -4.6390586 1.7755753 23.43728 1.553934 87.6343117762864 
Car -1 -1 0 143.68603905613637 180.12044533718569 331.9592295005886 239.592730821174 1.4575479 1.5954473 4.0795565 -9.554213 1.6547275 18.734638 0.023162242 79.94444882255375 
Car -1 -1 0 465.73925068354504 172.56199674633316 518.2166237744692 220.31614563126473 1.7910631 1.5833267 3.7276638 -4.6483326 1.7801111 28.944597 1.5462987 38.2710311245324 
Car -1 -1 0 668.8091881159407 176.32926138828446 730.1601383790573 231.01590777946504 1.5937082 1.5645394 3.579446 2.7970786 1.713438 23.057419 1.5855408 35.497394555053184 
Car -1 -1 0 648.0919352838507 176.80810310189233 697.5838158300144 214.48093178019613 1.526907 1.5535893 3.7573845 2.7079258 1.7106006 31.585356 1.4907846 11.489335075954576 
Car -1 -1 0 604.6880048131213 172.8209317841102 625.0168562723474 187.7892021063611 1.4883614 1.490594 3.4677048 0.51744765 1.4850729 73.5798 1.4026808 1.7593170990680382 
Car -1 -1 0 535.5343807775513 176.2317295067265 554.2171538112478 192.36968909339603 1.4919816 1.5798522 3.6883295 -6.248964 1.8262258 69.45981 1.4232938 0.7348788789422025 

