Car -1 -1 0 401.19317384382566 179.0106887144548 485.7649747377803 240.31292891741447 1.517287 1.5609747 3.4088812 -4.3417673 1.3637073 19.50739 1.5570087 91.56838430518827 
Car -1 -1 0 665.8919450855205 181.46379638616585 732.1135414753094 229.35604981372973 1.3719165 1.5313127 3.4994924 2.7761228 1.26444 22.360535 1.5459061 64.496724969001 
Car -1 -1 0 249.3986895893508 183.89333798551866 361.8393964193714 238.27424239095836 1.4013348 1.5983146 3.8578148 -8.431007 1.367259 20.457218 1.5655077 70.52673824379181 
Car -1 -1 0 481.9286423081384 179.7293108324151 528.4239032738442 213.88654525626066 1.4469956 1.594071 3.6596992 -4.5228415 1.214577 32.288345 1.5635188 33.70549423714332 
Car -1 -1 0 354.7229053620579 169.35454291130776 422.6392873985933 216.44765413880933 1.7698811 1.6255145 4.0431285 -8.737319 1.1737778 29.061726 1.5405031 36.53956568129186 
Car -1 -1 0 585.2891095291212 176.81453803224932 614.9266277081595 204.1281610089398 1.4733857 1.5995448 3.8373857 -0.44035733 1.0201998 40.719685 1.5402122 15.650338977903505 
Car -1 -1 0 621.5369840265683 175.74875975149388 648.604406846606 197.6734473792653 1.5038776 1.5919545 3.8751612 1.953135 0.854513 51.283417 1.520703 10.116801354559335 
Car -1 -1 0 516.844257837659 175.91388492478453 545.4582823017944 201.84812950568593 1.492374 1.5860258 3.8088696 -4.543762 0.95710546 43.32233 1.4994841 7.556180694695966 
Car -1 -1 0 569.8412721085532 177.036587101931 597.8392898418858 199.71211802025937 1.4647887 1.5471859 3.6115718 -1.6028686 0.93643636 48.325726 1.4437842 1.610054411653226 
Car -1 -1 0 430.2653631081848 175.77505023651827 499.562040116933 200.31852102129568 1.5205019 1.6613274 4.12091 -8.958436 0.9356407 45.496212 -0.06467328 0.2771863341331482 

