Car -1 -1 0 1056.9144816533706 151.97835120520674 1242.0 265.2782941795478 1.601325 1.6261103 4.054393 9.1852 1.306279 12.3760395 1.8781984 139.3169815704997 
Car -1 -1 0 1016.6255947609599 159.5015592907101 1127.3333742706777 231.96971553114017 1.5891421 1.632927 4.060048 11.374707 1.2963386 18.010445 1.962574 68.31537375474798 
Car -1 -1 0 60.58246012836135 215.96303815322818 375.2380196235316 375.0 1.4766858 1.5825248 3.535426 -4.757709 2.0874934 8.743308 0.4489623 131.76312428659358 
Car -1 -1 0 778.1691955554347 171.79543294566676 869.5496365724864 255.34859408883543 1.5534883 1.6654001 4.2088375 4.7604675 1.5338064 15.677399 1.9151078 72.49357119623095 
Car -1 -1 0 984.4762529040319 152.78541825653238 1048.9114499896104 208.60154980671572 1.9862125 1.5779796 3.8747969 15.574368 1.2720735 27.766895 1.9288718 57.29371572096241 
Car -1 -1 0 968.9918987383967 158.08217210448197 1010.8692733668694 197.64472309291855 1.9503524 1.5909882 3.7551756 19.767288 1.2221315 37.609413 1.9634718 12.83460642790476 
Car -1 -1 0 796.5432612982353 165.21667610107264 871.311630204849 234.30349283148453 1.6962326 1.6368406 3.9248219 6.2480826 1.5087194 19.84148 1.9570575 3.599937950781951 
Car -1 -1 0 647.4713213878227 171.0326860156 711.0800098025878 194.822582067813 1.5781487 1.606476 4.0448847 4.7688293 1.4573281 49.352142 0.3745966 1.0966678878200784 
Car -1 -1 0 854.9685613516226 171.48796078597158 896.8014803052878 208.94002788704293 1.5567126 1.5895588 3.7723866 11.763536 1.4999324 32.03029 1.883581 0.5870603943529566 
Car -1 -1 0 846.6959550340431 172.539463694196 890.7328201140258 213.87503614641793 1.5211678 1.5397688 3.1697447 10.139451 1.5095925 28.302582 1.9047499 0.8228019729141891 
Car -1 -1 0 943.1331702603981 166.0471739852756 972.1252959135753 184.954562833759 1.5181379 1.5672307 4.103766 28.960733 0.97159463 60.125927 1.866842 0.2722313702106476 

