Car -1 -1 0 55.966743820602005 203.5929488573479 301.8129294996368 336.62982995658217 1.4494877 1.5145899 3.568792 -5.958508 1.973501 10.497373 1.545706 124.22655089914414 
Car -1 -1 0 266.02469641678954 195.297376002557 405.7561255016798 273.7051689801332 1.4302098 1.6446965 4.1434608 -6.0308394 2.0059931 16.431423 1.5611283 93.152348575489 
Car -1 -1 0 690.7090101093172 176.28617058907173 789.2548982741922 241.64459183316052 1.4551222 1.6422642 4.1055107 3.1805887 1.5523474 18.36094 1.5380735 62.582852786839624 
Car -1 -1 0 385.63536203520016 189.7560429785239 473.4765559285203 240.78688653386598 1.4431715 1.6849844 4.3858786 -5.8818507 2.059914 24.103699 1.6105187 76.7603146300127 
Car -1 -1 0 674.058841878338 175.13388521261354 741.0105194906482 226.4565460937482 1.5393494 1.6407235 4.0084047 3.1430666 1.6209966 23.829887 1.5638696 57.6911512617712 
Car -1 -1 0 819.6834344778288 156.01381931315348 994.9473714699723 213.9709274929518 1.533288 1.6649673 4.250988 8.246844 1.0877714 20.156704 -0.11358089 54.45020496258307 
Car -1 -1 0 660.2417249568458 176.47897764974655 705.5413583635934 211.9797220398291 1.5455675 1.596255 3.6772027 3.3648436 1.7240934 33.664917 1.5294598 27.67180390971547 
Car -1 -1 0 1001.8283104915832 136.9330197237739 1242.0 231.82145479679733 1.512219 1.6308134 4.051961 9.199043 0.93975306 12.408262 -0.046778657 108.24956417226767 
Car -1 -1 0 963.8540190710472 138.76655936717646 1184.6515245966268 222.82843930757116 1.6317832 1.5858347 3.567356 9.472445 0.9700883 14.877445 -0.0443271 46.85589212863621 
Car -1 -1 0 893.3101713280721 153.2459085252159 1081.3242487600749 218.39841790926118 1.4759647 1.5929824 3.7416492 8.99317 1.031763 17.327497 -0.10140476 59.853545299593414 
Car -1 -1 0 478.09452336801445 182.1430580739627 526.1930339363752 213.8496456602202 1.5633128 1.5841622 4.1674485 -5.738506 2.09304 38.9927 1.6743851 9.0091988120445 
Car -1 -1 0 436.6779001994396 188.6112488729546 497.100309695244 228.8684608475355 1.4762127 1.6278626 3.8208792 -5.836051 2.171794 29.913368 1.6059815 16.17523075960759 
Car -1 -1 0 518.9863739421819 180.27993022943554 544.7737808436467 201.15097980625808 1.46792 1.4992704 3.6936362 -5.771992 2.041923 53.919662 1.5793498 1.8875113596651667 
Car -1 -1 0 591.3536042747894 175.93105805831638 617.5636488884955 190.87918172737938 1.4897671 1.5884995 3.677542 -0.55487466 1.8169923 74.73207 1.2269174 0.33168545365333557 

