Car -1 -1 0 290.6579293658318 184.5043754931831 465.6243695187774 292.24513103126293 1.4636257 1.6137903 3.7515001 -3.4838328 1.4539626 11.647593 1.578803 100.20348872391587 
Car -1 -1 0 241.51338606259418 184.6064492408645 367.68204426865685 248.13344993275967 1.4634172 1.6108187 3.6506505 -7.590185 1.4493824 18.407139 1.5992069 43.68189006181763 
Car -1 -1 0 0.0 176.12295434108268 246.75498056121444 297.9285821813666 1.6410867 1.6305625 4.008555 -7.676219 1.5185802 11.692922 1.5664803 124.2557670212772 
Car -1 -1 0 582.5915004561086 177.12003838279276 620.4555564047971 212.4858184428213 1.5311497 1.6393414 3.496521 -0.24709997 1.1806508 32.871674 1.5698441 24.89160643292311 
Car -1 -1 0 115.622961741342 186.02352131546508 264.684693268282 242.34845429592554 1.4107906 1.6924343 4.2282414 -11.495745 1.4358685 20.191225 1.5836637 16.28393077978366 
Car -1 -1 0 438.87594747201837 179.7460390627909 484.4899607619399 210.32493697002528 1.5240809 1.6062546 3.5784311 -7.561035 1.251468 37.63162 1.5885123 23.20240308520207 
Car -1 -1 0 378.20755793191694 182.55967912433903 443.8430016159978 222.60303044840572 1.4332521 1.5361739 3.6144059 -7.4324284 1.3381865 27.538795 1.5682755 13.62300836814412 
Car -1 -1 0 472.69761790876436 180.86527654353839 541.5954508699737 229.53843718701899 1.4860206 1.6557564 4.278121 -3.251893 1.3531996 24.097946 1.5853021 56.422039772385155 
Car -1 -1 0 492.2325229453051 177.21448363442323 518.4712445962932 196.007593555976 1.4361409 1.6116729 4.117771 -8.03942 0.82470024 57.015316 1.5417348 0.3536246418952942 

