Car -1 -1 0 675.6995455910904 181.0908523444831 751.1913598991067 239.52651655781372 1.448079 1.5642002 3.9762998 2.837353 1.7039886 20.429062 1.570606 110.92325104722738 
Car -1 -1 0 182.32843369041706 196.51208790458978 356.8913566118381 292.2309388162356 1.4558377 1.5865418 3.699568 -6.2498655 1.9670665 13.740542 1.5690017 108.33790244793508 
Car -1 -1 0 920.4495588788269 164.00164788220465 1220.982806753902 251.028181110007 1.4937439 1.6835089 4.484726 8.323065 1.3418 13.279352 -0.02372336 124.06543028452455 
Car -1 -1 0 794.7391859857321 164.32283310752487 956.0503264383227 214.43759977924435 1.5021304 1.6836169 4.4347444 8.242137 1.2464187 22.589212 -0.05479237 82.8934951668952 
Car -1 -1 0 351.68856591073376 190.9503714904651 441.245173614086 247.71964428860718 1.4354755 1.6040045 4.0027347 -6.241986 2.0270245 21.561108 1.5399983 37.24743101134434 
Car -1 -1 0 1106.792777497918 146.4727733712969 1225.969197687848 186.31934589284074 1.5486838 1.5787022 3.5890145 22.229641 0.5233463 28.884375 -0.028950576 19.2168451349734 
Car -1 -1 0 458.80299130857514 183.24927866201688 510.1378010196502 216.6233684287394 1.5124944 1.5830299 4.1728935 -6.1980567 2.0643444 36.16735 1.6407146 11.877442741497907 
Car -1 -1 0 861.3934718509382 151.1923838624396 1080.0783621488015 233.11597412801868 1.7672398 1.6855145 4.1525946 8.114864 1.2999595 16.452759 -0.021834165 54.86931583855054 
Car -1 -1 0 711.7314126848919 167.7467858468833 775.9018761621667 191.60122417321054 1.5655634 1.6672823 4.022892 8.940672 1.2303774 48.26812 0.040146627 4.610315323786689 
Car -1 -1 0 1048.5804001981044 149.0280418516423 1164.5465095321006 183.86265468584946 1.5005484 1.6311325 3.9646852 21.977587 0.47421262 32.015488 0.06067395 0.8989652226390753 

