Car -1 -1 0 821.0215462441836 198.2165667167672 1115.2911891607698 290.0820610301302 1.4668554 1.6984121 4.41858 6.241855 1.953398 12.932382 0.02731714 96.5259720654188 
Car -1 -1 0 179.28041428548997 188.9552946046332 415.61733065802264 266.35823446050773 1.4742806 1.667787 4.250896 -6.3972797 1.8353317 15.171075 -0.08361677 77.88692891714683 
Car -1 -1 0 777.7038718275872 196.88490697858293 924.8415996028436 251.8881496325195 1.4294226 1.5494637 3.6323118 6.7740183 2.1392016 20.420563 -0.064875536 65.15636978451867 
Car -1 -1 0 269.66405885739016 191.06390618391313 461.11954393769213 255.50453912834598 1.4415848 1.6088768 4.1433167 -5.8295937 1.9088664 17.58982 -0.059126224 41.5129441537173 
Car -1 -1 0 699.0033277066747 191.43893308898632 794.9534788011629 228.18859397145695 1.5638008 1.7426605 3.983395 6.1248646 2.4224763 32.462517 -0.0016096547 34.28590214008591 
Car -1 -1 0 356.21360085760557 188.43800257271596 498.1072871132383 242.55902895814418 1.5533034 1.6183256 3.9383972 -5.5855947 2.05756 22.32273 0.11206612 58.67591969673775 
Car -1 -1 0 750.9607131159794 193.18048486050043 884.2904683092705 245.29495218037366 1.5165617 1.6016212 3.7016447 6.4850655 2.182767 22.694853 -0.0842484 32.84450185551993 
Car -1 -1 0 643.0542929186698 190.7122559036697 668.4214786664426 215.62258432515503 1.457804 1.5807086 3.8059676 2.980442 2.667879 46.95025 1.622297 15.481957561912456 
Car -1 -1 0 462.3496037217941 190.021351158797 544.6816724611665 219.37504960690006 1.5574038 1.6493589 4.3098173 -5.972326 2.5562797 40.815052 0.16496485 11.891309685938328 
Car -1 -1 0 971.1507181229662 197.87844000660047 1242.0 350.47447172626823 1.55649 1.6287177 3.822658 6.649314 1.8890746 8.631701 0.07637419 27.08656344131031 
Car -1 -1 0 386.3454663784392 182.96030211932245 504.6224672334746 229.0786745607334 1.6700776 1.6511996 4.117643 -6.1502743 2.0651271 27.353262 -0.012488288 20.3996834338476 
Car -1 -1 0 377.10568123713017 191.4266986954884 505.17253996496845 237.9421551858645 1.4716127 1.5935624 3.9811022 -5.748946 2.138558 24.808746 0.15887333 3.1820956233866076 
Car -1 -1 0 680.1269080146465 189.14570101682088 707.0367125817589 211.40606283612777 1.5980637 1.5449044 3.578187 6.5211315 2.909916 56.280994 1.5298625 0.31829410791397095 
Car -1 -1 0 470.79064925143365 185.02949804264728 534.9117680075279 210.12011323342966 1.607465 1.5860659 3.9955971 -7.051303 2.4300923 47.900494 0.028485807 0.26586535573005676 

