Car -1 -1 0 190.63746045702607 185.31267576528555 407.96443462510354 259.2011757752607 1.4672709 1.6128496 3.9936998 -6.5700526 1.7509149 15.529085 0.04631915 72.18538248218654 
Car -1 -1 0 663.0866846596024 174.48615372597675 749.8548477434649 244.02562605628 1.7812655 1.7269187 4.4395304 2.6685452 1.8335178 20.843897 1.5266635 96.93840774926397 
Car -1 -1 0 306.20065740219206 186.39957950364152 459.97736361626505 241.65702140573148 1.4446913 1.5739284 3.8087626 -6.294287 1.842829 20.266762 0.0823803 30.524085593267642 
Car -1 -1 0 650.4506945065697 181.8896950112113 693.73772802227 219.14426908806567 1.4938046 1.6082554 3.7473297 2.6930795 1.9146239 31.723946 1.5790448 15.813962601104967 
Car -1 -1 0 254.30658000697224 185.22114707073573 445.9922756340082 249.65933262790918 1.4856654 1.6167753 4.1568613 -6.315261 1.8063872 17.840889 0.030317042 24.71233000791178 
Car -1 -1 0 634.2512997594263 180.1150148733539 668.0869593721419 205.86629996506545 1.4524908 1.5470316 3.567987 2.4731288 1.9096122 43.581272 1.4852266 6.350538602173375 
Car -1 -1 0 361.66552074179737 170.65669286008824 482.6103429350067 221.03616068153602 1.8447464 1.6806808 4.2049384 -7.0347843 1.7642874 27.39799 -0.06612232 5.25769969367423 
Car -1 -1 0 428.3980229523164 178.8126529402423 514.2818449049423 213.41879746002613 1.5834892 1.6359036 3.7060626 -6.539593 1.8751928 34.33861 0.091595665 5.401015999374374 
Car -1 -1 0 352.85084889284536 179.8894292886591 475.6095384593371 229.93365393265262 1.6620083 1.6297992 3.8419235 -6.7137833 1.914928 25.072641 -0.026884444 5.05464237478341 
Car -1 -1 0 329.3949101486408 183.52042457034347 463.49619893711207 234.2275558801612 1.515847 1.5882378 3.7742682 -6.7302895 1.8700532 22.9729 0.105057605 2.5499672734980683 
Car -1 -1 0 453.36554480629513 180.61058387217597 528.1432948264292 207.95555551116536 1.538368 1.6477697 4.118185 -6.868557 1.9994721 41.996864 -0.035413053 0.6427706644816591 
Car -1 -1 0 446.0280411415193 175.30041789564123 500.1364356764835 220.55465252495057 1.79205 1.6139317 4.0444846 -5.754894 1.903482 30.829084 1.5529647 0.2770792543888092 

