Car -1 -1 0 357.53974652160537 185.25409463654003 496.6393579156269 275.6030144278329 1.4694527 1.6280127 4.1972623 -3.2527745 1.4703017 13.794256 1.5680561 110.63024056527217 
Car -1 -1 0 235.43656411930445 180.43120723305256 361.12043994580046 243.9276044196202 1.4521002 1.5833443 3.9135299 -7.7382116 1.3426836 18.407463 1.5564342 105.02912345868768 
Car -1 -1 0 35.74143782251392 200.22205216217574 420.1831802391498 375.0 1.3547266 1.634069 4.2579713 -3.1656375 1.5476015 7.090083 1.5450819 95.0960899200356 
Car -1 -1 0 555.5031092509043 177.60761137696903 621.0705144599935 238.0941813498954 1.5552694 1.6864641 3.2941294 -0.5069409 1.3596454 20.14138 1.5580305 55.963170191813525 
Car -1 -1 0 510.3040721919559 178.3063969316263 549.4145639574683 216.04296401572088 1.5508673 1.5940163 3.8141422 -3.3360004 1.2669144 31.50639 1.4927309 28.626667347616053 
Car -1 -1 0 332.29025632970496 181.30905850366946 386.85132146525785 210.44314422176865 1.4181874 1.6027437 3.697348 -12.626282 1.2280202 36.86036 1.5460639 33.439107943238646 
Car -1 -1 0 448.15834074444257 174.23698638919777 528.4702771951747 235.1234513785038 1.6078818 1.6498909 4.1105385 -3.365415 1.3179574 21.043287 1.5763657 43.63930652787326 
Car -1 -1 0 379.99752859087477 175.28023368988667 447.8510353113406 214.12454043710775 1.5302141 1.651777 3.732463 -8.042554 1.1388211 30.232023 1.6327039 9.849671143546995 
Car -1 -1 0 441.2928707800942 176.54994289755433 483.8777647290874 203.0752601796455 1.5325421 1.618047 3.7707648 -8.688753 1.0318644 43.46266 1.6295282 2.443068600469817 
Car -1 -1 0 424.41556501954244 175.85588880176584 446.3191444387918 195.52091909647154 1.4792676 1.6082313 4.190455 -13.467985 0.77519226 56.301247 1.3299372 0.6874372513496958 

