Car -1 -1 0 119.35101556997893 179.45854743874088 391.89094236558554 347.59104844723157 1.7165339 1.6346526 4.1426516 -4.3211956 1.8235395 9.610061 1.5598347 134.9546935340166 
Car -1 -1 0 719.5188766104367 170.37357728670668 878.9305813803445 276.3323310774348 1.5553851 1.6458383 4.1623425 3.1064572 1.5189745 12.6863985 1.5538293 103.39167418335154 
Car -1 -1 0 791.0700684662434 174.38623459522265 1191.3274801286116 375.0 1.5079126 1.643992 3.848922 2.9658768 1.5260577 6.617791 1.5737137 101.97122015287573 
Car -1 -1 0 498.3160307686147 177.969458674377 526.8601276764632 204.4411789937248 1.5313439 1.6714116 3.8949816 -5.960524 1.8616736 44.559456 1.4504697 10.129278407090206 
Car -1 -1 0 625.7027397488301 173.06845162897324 664.6114948870293 201.00721876652054 1.5529122 1.5240773 3.345766 2.0274303 1.5659006 41.91668 1.3863418 10.277175594232816 
Car -1 -1 0 579.0352029440754 176.16041225374553 604.3064883310747 194.80110063096512 1.5030868 1.5695385 3.8295531 -1.5409677 1.7915292 60.921886 1.3935046 4.204127829816827 
Car -1 -1 0 601.4526453681121 172.15559556572796 634.7120255129041 195.35093147339597 1.5041542 1.5154953 3.705349 0.5374197 1.4588643 48.7545 1.3748522 2.99008919545649 
Car -1 -1 0 558.5136029257378 176.75467174477325 582.2416944274719 193.87353544562328 1.6148106 1.6347303 3.6380749 -3.8769789 2.0088654 70.924904 1.3152971 0.6675438912438383 
Car -1 -1 0 649.6732370266003 171.4605481640105 695.1488457534775 208.2128704579339 1.5624106 1.6137661 3.9564734 2.784433 1.5031722 32.672935 1.5441861 0.5178220008333919 

