Car -1 -1 0 695.4339776747112 189.90902419136074 850.330423545467 251.23523302831916 1.4714799 1.5980345 3.6220276 4.1918826 1.9390528 18.815647 -0.09413822 111.09745768403815 
Car -1 -1 0 828.7461447184035 196.5605431013778 1242.0 354.1797664978635 1.4798573 1.6477119 3.7904856 4.6043334 1.776588 8.050411 -0.08454248 126.65492971632258 
Car -1 -1 0 227.04057920931322 179.34530342511894 398.9152167899619 238.30751518166392 1.5107019 1.6459365 4.0311356 -7.9778037 1.6968095 19.69589 -0.08485189 83.44477597430637 
Car -1 -1 0 671.6688558675622 188.4844660449761 806.3786586158736 242.76131396325007 1.4734093 1.5555059 3.5866287 3.740044 1.9525778 21.136374 -0.11780594 23.863339905537515 
Car -1 -1 0 85.33589850917045 179.05193809462295 333.59912216372174 258.7299209036973 1.4982734 1.588638 4.1105375 -7.903649 1.629709 14.497081 0.004767744 53.72610612042363 
Car -1 -1 0 0.0 179.59693136161218 284.7967501542492 279.14753647649377 1.4681216 1.6002048 4.088205 -7.6898437 1.5868742 11.739635 -0.08343753 50.13012494273132 
Car -1 -1 0 459.6029691858239 178.77604744617514 493.25958609305684 201.9883664151087 1.7461765 1.6573997 3.47215 -10.577032 2.2312694 57.18135 1.0835478 6.619412202707437 
Car -1 -1 0 282.038560987596 170.85863095950722 405.5384648478696 223.04979322435744 1.6859293 1.618883 3.7821522 -8.934111 1.6214728 24.541813 -0.23893626 10.846287562421404 
Car -1 -1 0 367.1887786993305 170.45162163759517 408.3461935708824 212.24189665050764 1.8782566 1.5933082 3.7353659 -10.633515 1.7702819 34.45913 1.1947687 2.040850542149494 
Car -1 -1 0 255.79355117304206 173.63012500905705 398.55924339628683 228.69604080972874 1.6066983 1.5920647 3.793765 -8.547853 1.631562 22.098293 -0.11967134 2.533884480582398 

