Car -1 -1 0 691.6658674137005 185.6484308285677 791.5255027568003 256.26129208159375 1.4298866 1.5735357 3.4311116 2.994559 1.7623599 16.997753 1.5218805 73.27220638677554 
Car -1 -1 0 759.9852574702433 185.59053065893238 885.8068254612726 229.6150865486314 1.3956072 1.6003546 3.7938125 7.103988 1.840266 24.291777 0.052497763 47.983875018748044 
Car -1 -1 0 0.0 184.81290777134708 323.1695946189947 314.1283264857639 1.5012158 1.6323047 4.1527705 -6.167939 1.6745148 9.504145 -0.06624314 68.11992184479541 
Car -1 -1 0 254.47127758676262 171.78390972643322 445.5209462623867 251.87237193319808 1.7693495 1.6290284 3.856667 -5.923125 1.7457085 16.77072 -0.0081440825 65.37060447023951 
Car -1 -1 0 176.22392515789105 183.1110466566403 418.21606336647415 265.9988626343283 1.5292335 1.6180699 4.107545 -6.068907 1.7447644 14.338653 -0.0068099014 41.584255387981734 
Car -1 -1 0 318.68737521816354 175.6152758667409 464.4270329916967 233.60898627036954 1.6485114 1.6744398 3.933401 -6.432932 1.7352355 21.634762 -0.09861047 30.788234031837767 
Car -1 -1 0 693.4168230550482 176.92457687314567 789.434957535148 211.83042240928697 1.6226358 1.6612514 4.2765355 6.2905893 1.8235588 34.686512 -0.046202958 18.998751675145865 
Car -1 -1 0 78.75688261338286 180.762412423449 359.8242764115362 281.206003517549 1.518501 1.5922092 3.7673597 -6.2768526 1.6587188 11.91938 -0.04153735 39.18804786312435 
Car -1 -1 0 452.5828557096994 174.5236174803566 527.4487292847516 205.5069941890489 1.6915617 1.6932695 3.9452984 -6.64602 1.7871406 40.39797 -0.030948887 13.490263564578088 
Car -1 -1 0 725.7825106757062 179.03955381794134 841.580901347126 223.22717137846212 1.586509 1.6484339 3.9509757 6.448742 1.8254409 27.009245 0.01915435 10.902691001360077 
Car -1 -1 0 476.6416086778214 172.25574654356151 546.5694848059549 200.7243221631362 1.7515514 1.7271094 4.289237 -6.158245 1.7147431 45.518448 -0.1255339 2.0548948054817773 

