Car -1 -1 0 719.6280617997816 177.24515203849705 842.5434471235793 265.5947496856191 1.5700784 1.6309719 3.8083029 3.3841047 1.6724578 14.917305 1.5693637 81.02233499902562 
Car -1 -1 0 675.9748533033231 183.2719940464469 729.4769241102127 223.06862880503206 1.4190671 1.5182467 3.275171 3.5923543 1.8515633 28.279715 1.519341 58.27230841396516 
Car -1 -1 0 122.34662971295697 183.8659429505531 397.89971190267823 266.35567202777963 1.4008954 1.6273978 4.3076506 -6.3088875 1.6185669 13.376383 -0.033864174 141.57524899469314 
Car -1 -1 0 762.860492890102 182.94457130284343 967.8078413604233 322.6032123757613 1.5053602 1.6051493 3.6326482 3.2416024 1.6692455 9.880871 1.598599 87.14738252670693 
Car -1 -1 0 278.0190986181307 180.27405032517206 450.9089040004034 242.03976554799263 1.5233148 1.6635649 3.9832761 -6.3180523 1.7271991 18.919495 -0.03784895 52.90548533241167 
Car -1 -1 0 365.3284301886407 178.9943784959184 492.12842480978844 229.25105401073492 1.5632448 1.6136348 3.7175915 -5.8060484 1.7696989 23.450577 -0.0013048762 12.33572107799194 
Car -1 -1 0 328.64440899829697 181.29589600938152 488.6386141531194 234.9684640463769 1.473192 1.6182245 4.2412624 -5.7505627 1.7299283 21.019413 -0.054832056 13.256156952035324 
Car -1 -1 0 418.8816151860991 173.8742998725348 525.5942063152485 218.36535443592234 1.680886 1.6152463 3.8047204 -5.3653207 1.7225634 28.39157 0.14953457 12.926094640896569 
Car -1 -1 0 433.96763997476677 174.27312778236413 526.1638474368277 212.63891590151536 1.7074435 1.6607828 4.0059934 -5.886411 1.7745066 33.139935 -0.064386606 2.575782657560412 
Car -1 -1 0 539.6485997317119 177.71831319300406 564.3839533607093 199.85625528767824 1.5478888 1.5838059 3.5427217 -4.1974897 1.9173162 53.015823 1.5565436 2.079981449402667 
Car -1 -1 0 395.29805280808506 181.16855693136057 516.4235980386098 224.1418077938685 1.4704528 1.5825281 3.983024 -5.4712863 1.7799467 25.949463 0.05958187 4.591319747180857 
Car -1 -1 0 722.582791673251 180.20434711992826 809.2708667036169 211.8844216420773 1.4977148 1.6375704 4.0213227 7.6539516 1.8707302 35.59998 0.100630276 2.793009578876004 

