Car -1 -1 0 646.7876524290319 176.91698635848212 691.1628935111 211.3417992802678 1.530369 1.5758584 3.800926 2.7827852 1.7355075 34.48302 1.5065252 49.45479438389056 
Car -1 -1 0 433.5378754109508 187.4628630016748 490.4500790636998 226.16972230330276 1.4906763 1.5698347 3.4888945 -6.2551856 2.1526523 30.913883 1.6206433 44.751836754417354 
Car -1 -1 0 461.8578681334378 186.98656067424494 507.41801347839396 219.22143789534684 1.4692978 1.5506864 3.700397 -6.245303 2.2190578 36.405216 1.6024137 16.339774878975266 
Car -1 -1 0 86.28102636242814 201.56449531136795 163.98041100865686 233.96143267606573 1.4905474 1.6406883 3.8796089 -25.836744 3.106193 38.640285 1.5410914 19.856082990623612 
Car -1 -1 0 131.71593783533876 199.3178096568222 205.6315074023415 230.8178562473085 1.4547197 1.6472814 3.9302778 -23.516127 2.9453173 38.652378 1.5408994 17.183657001331177 
Car -1 -1 0 160.3585091357229 197.99565349037778 250.73787176174525 228.5157140471115 1.456698 1.6299326 3.752274 -20.627357 2.7756438 36.91636 0.06545654 11.949381750530902 
Car -1 -1 0 0.0 204.69074954837535 88.41204473079844 240.0963580677193 1.6092292 1.7067354 4.3213115 -30.466742 3.4261706 38.971386 1.5118364 3.0201761744391202 
Car -1 -1 0 816.9824000869166 160.29837442113867 845.7483712085589 178.9288484438178 1.4862635 1.6409745 4.0299067 18.300518 0.4846264 59.668434 1.7058649 0.3005654215812683 
Car -1 -1 0 229.9043768581033 195.76314903421 291.3885714522081 227.88931540287848 1.4659407 1.7098758 3.953749 -18.253794 2.7357373 37.92989 1.4538248 0.27604915880344955 

