Car -1 -1 0 778.3568340953558 177.15224609062741 1012.9205681789157 347.9549234456428 1.524532 1.5684254 3.3560715 2.9932761 1.5840547 8.259689 1.6461036 108.60352792919008 
Car -1 -1 0 149.23794036426506 198.21143613486097 349.52322166331305 310.21103947242074 1.539032 1.6245923 3.7890081 -6.0604067 2.0507917 12.667395 1.5708745 85.91382775549368 
Car -1 -1 0 455.6743849990407 186.39591282970468 503.95127563800975 219.96534290842695 1.4918079 1.5631407 3.604725 -6.3039303 2.1904068 35.384995 1.6185737 33.16029925781412 
Car -1 -1 0 643.7755617405722 175.5252265137934 680.2857152681745 206.83130719921445 1.5909251 1.6245363 3.8190577 2.782373 1.7421337 38.91974 1.5525812 31.681507489062355 
Car -1 -1 0 183.5815568383955 198.176089632723 237.36772629277712 226.61844319286456 1.4694502 1.5835104 3.8873146 -23.687887 3.0490766 42.965096 1.4098595 10.469116142126449 
Car -1 -1 0 220.6887496425442 196.63883325335112 282.33584912560934 226.46827276629278 1.5331546 1.6683829 3.900125 -20.831148 2.9867969 42.14695 1.5698981 9.551431497522943 
Car -1 -1 0 479.38857912190906 185.61328313899133 519.8199743167033 214.67409593055294 1.4951751 1.585774 4.124258 -6.194931 2.257451 41.02769 1.5927558 9.883486611457974 
Car -1 -1 0 804.0444272387095 163.1683998080453 830.0361862123136 180.5804649711186 1.4958097 1.625325 3.8779628 18.369347 0.6637533 64.00814 1.6926 3.863167497423177 
Car -1 -1 0 504.64759628480107 181.37508614546326 528.7240955381378 205.81035487024573 1.543973 1.5621703 4.115429 -6.3622193 2.150782 49.23565 1.4299477 0.6566978666143547 
Car -1 -1 0 538.3019175141487 182.4622876459714 565.4085278914192 199.9286874148972 1.4800317 1.5623052 3.877763 -5.198723 2.3784218 65.42483 1.7341669 0.7896126996860253 

