Car -1 -1 0 748.5410389845981 185.72619495644173 942.2188555663544 249.88426039994414 1.4275553 1.6135547 4.150052 5.6174436 1.7563586 17.441221 -0.08975157 55.96608792578301 
Car -1 -1 0 907.0676991476658 189.43061139700458 1242.0 314.8724197194722 1.4706799 1.5768782 3.7716074 6.1297836 1.7080472 9.504944 -0.020565458 87.4953514864881 
Car -1 -1 0 796.1789311939649 186.77136951453153 1016.3973072805575 265.09405943344177 1.4415672 1.5605721 3.8087912 5.8818946 1.7398198 14.53614 -0.0781552 84.74427000107431 
Car -1 -1 0 631.4712190942074 179.5441724167413 678.8216104845795 213.69685511658332 1.4191275 1.6127198 4.219892 2.0171318 1.7450564 32.990044 1.5002452 40.54155885293809 
Car -1 -1 0 0.0 183.36646875517454 261.3641405558886 320.4681499581745 1.4946513 1.6022067 3.9137428 -6.616377 1.6365007 8.867622 0.034647338 42.561750790473795 
Car -1 -1 0 85.59541667277729 178.89004951118798 362.07251422172567 274.1354519916477 1.6131504 1.6977797 4.1804557 -6.942981 1.7331417 13.345294 -0.0725868 77.53561462155385 
Car -1 -1 0 861.1764128059374 185.2838168619726 1127.7431015723741 283.13306977733896 1.4724612 1.5685679 3.6915355 6.3340178 1.6972657 12.077299 -0.10440432 27.681922375673132 
Car -1 -1 0 390.45918677976897 179.10865922969182 500.26239616668653 215.97121150334144 1.4574103 1.6157898 4.1599474 -6.6856656 1.7218854 29.662241 -0.019179266 27.251890627935705 
Car -1 -1 0 742.3400199369123 170.45152315766424 904.1580525128985 239.06538174658863 1.792294 1.6683174 3.9280696 5.798317 1.7295377 19.834457 -0.07915098 29.210714819764537 
Car -1 -1 0 360.8788724747357 177.21552006766547 480.10324518322915 221.5048335686642 1.6026666 1.6213095 4.0575275 -7.0326767 1.7714727 27.099335 -0.007932773 23.013363280262624 
Car -1 -1 0 398.0516914202383 154.11537444106474 433.98803808631334 177.17781041771497 1.7112696 1.6195099 3.6477652 -14.81633 0.32083336 55.40226 1.6220994 4.102046201601134 
Car -1 -1 0 174.2558867923579 163.76654001889446 402.21819427226177 252.1782542541457 1.8402877 1.6847477 4.287962 -6.95953 1.6511323 15.962604 -0.047780246 1.6359469602231906 

