Car -1 -1 0 765.3258244742293 177.81098153142162 901.4252319516826 233.99325566686133 1.4158378 1.5980363 3.5430877 6.23897 1.5696721 20.458344 1.0475812 86.83167169697901 
Car -1 -1 0 625.4212858350563 177.42830952473003 674.6352502527775 211.71132286693302 1.4454252 1.5234056 3.3609247 1.7806957 1.6639105 32.68012 1.4049995 61.04947003613954 
Car -1 -1 0 27.876195326172294 180.84589963029802 299.5016911859475 283.4269453549321 1.5247824 1.5998211 3.4249752 -7.0813465 1.6635497 11.69191 0.021479681 103.33147469726632 
Car -1 -1 0 609.4663477158599 175.8802979320463 640.5129677055058 202.5160152108161 1.4703164 1.5089393 3.9396086 0.86318785 1.6561539 42.297188 1.5120158 12.59136238340197 
Car -1 -1 0 360.27471445069784 178.35864056997804 476.66405119537217 218.60607705274853 1.4999771 1.6541307 4.146272 -7.3695426 1.7218794 28.120808 -0.06785866 32.48577882215973 
Car -1 -1 0 491.582391300295 177.5375465938496 523.4615778764323 201.74655722200174 1.47838 1.6548072 4.2163057 -6.603903 1.7975748 47.032814 1.5278506 15.242843227388565 
Car -1 -1 0 115.33957442926044 181.86043222969076 365.9682009879956 266.52920499241134 1.4854864 1.6145262 3.9137173 -6.836427 1.6660306 13.648369 -0.0043092067 17.614056236458072 
Car -1 -1 0 418.20906056799396 177.94836537951116 499.79388899660967 206.38078137602363 1.5334921 1.6118801 4.1770062 -8.32456 1.8227208 40.095993 0.03027365 3.998294553051066 
Car -1 -1 0 338.5206593003403 177.42039883033513 451.6150251853321 227.46177007601298 1.5002496 1.6848059 4.0091624 -7.1649485 1.6639758 23.928356 0.7064923 1.0296000418493718 
Car -1 -1 0 410.1606322789488 179.7961425969299 495.03550146293713 210.41331355419436 1.4402921 1.5782255 3.7796426 -7.59485 1.785994 35.120457 0.011290545 0.25316813588142395 

