Car -1 -1 0 287.45579788855963 194.06892530213727 449.11405756317873 297.52723773848703 1.4222885 1.5565374 3.4247804 -3.9429832 1.8365428 12.359005 1.5942086 102.62174333067729 
Car -1 -1 0 652.5679844863789 181.14517076122766 705.1465922768197 222.92823002409415 1.4225733 1.6002252 4.098981 2.5598168 1.7613351 27.43021 1.5695424 57.874590240970406 
Car -1 -1 0 804.6404512311277 163.76705780553482 992.962070061536 224.33776953950982 1.6283981 1.7287124 4.6035976 8.023033 1.3841023 20.287334 -0.010874333 89.53174269852896 
Car -1 -1 0 430.66866049126253 182.26208447733615 487.8786089181705 224.7446266078944 1.6944664 1.6492728 4.0558147 -6.5249243 2.134457 31.711979 1.5762935 30.57196949826886 
Car -1 -1 0 742.6950134516 165.38709145336355 859.063272210651 206.25787739277305 1.6240299 1.6830683 4.3094816 7.7928896 1.3273268 29.614227 -0.047743313 40.702705713965315 
Car -1 -1 0 477.41975284407573 184.35933793766856 518.2464783438644 212.21827495902107 1.5179 1.6071925 3.9095967 -6.599104 2.2348962 42.965164 1.6316463 7.9686247816301465 
Car -1 -1 0 781.714768841811 160.87934556445774 927.9847376115758 215.02620847126482 1.6895297 1.6694322 4.1810627 7.900651 1.3158877 23.456366 -0.05208624 25.923950867536075 
Car -1 -1 0 944.1647590155131 156.50777246433427 1013.8454150949162 184.88991752885664 1.5109509 1.6693251 3.6769235 20.575058 0.6407435 40.345 1.437222 4.553934371460959 
Car -1 -1 0 674.631843696051 163.28560078244132 697.8082051856846 182.48167935503375 1.7852838 1.6336719 4.2404947 7.324215 0.89539814 69.25221 1.5359992 3.2986056713649194 

