Car -1 -1 0 667.4924276468554 181.70087145550644 807.8047427012679 285.1273720188817 1.5983723 1.6259402 3.7659836 2.1894968 1.5440536 13.044503 1.5009036 139.01825743347774 
Car -1 -1 0 389.098585730054 187.18629398905568 463.54953018652446 236.61422985772643 1.3912014 1.5465707 3.9123862 -5.5301485 1.4580588 22.390657 1.5118437 62.705318715671275 
Car -1 -1 0 537.7121062519132 180.61442061279362 581.1406130401916 220.87500827095727 1.5495162 1.6400425 3.4470465 -2.0071945 1.372426 29.467518 1.4645233 47.34935323197947 
Car -1 -1 0 300.1581109872797 190.31738240044848 415.0330592572742 262.5938532469385 1.3873346 1.5483439 3.4945087 -5.360422 1.5126154 15.852614 1.4960885 91.88965075455526 
Car -1 -1 0 527.4650648588257 183.59527173952688 560.7967271235401 212.18051212022857 1.4747353 1.5569128 3.3155754 -3.361195 1.3911362 38.756298 1.5549097 7.387782561756361 
Car -1 -1 0 462.7053900505486 182.5392492789748 497.4418677712522 208.12708365207416 1.453165 1.5820574 4.024676 -7.5329947 1.3011662 42.879677 1.5125909 7.412405061132232 
Car -1 -1 0 576.9151242320413 181.27492549357248 603.2457639967722 201.04814357404058 1.4771464 1.6273819 3.853324 -1.3593897 1.1827533 55.719666 1.4370522 8.575294128199191 
Car -1 -1 0 418.5963794304499 183.81514431412313 475.21334062969913 221.96101509553378 1.4919676 1.6764635 4.3803043 -6.680354 1.4371889 30.355412 1.5066261 9.113541781784765 
Car -1 -1 0 324.3197388637895 182.5406837469085 393.36817337525497 222.26047285810088 1.5060444 1.6574445 3.5507023 -9.952002 1.4046166 29.056713 1.5399754 4.047912023670101 
Car -1 -1 0 173.2004430398018 168.36708441746836 308.9862020566744 248.35677833893763 1.9367471 1.7802112 4.5913343 -9.848213 1.5288007 19.777407 1.4722016 9.444086345875176 
Car -1 -1 0 435.09418937767515 176.22960824955598 457.7613984014436 193.78337059981655 1.5294633 1.6103743 3.885513 -14.428493 0.74650323 64.659355 1.4506354 0.8632003611790385 

