Car -1 -1 0 276.9416457410045 192.0819490452978 455.0685777999958 323.96958056046134 1.5317777 1.5514263 3.410886 -3.3684049 1.8605502 10.610493 1.5423067 115.12501663307185 
Car -1 -1 0 819.1196309667519 191.59244257282992 1137.9096788007794 375.0 1.4450109 1.5859172 3.9036698 3.6312385 1.7026515 7.951877 1.592746 144.27042887080026 
Car -1 -1 0 716.9002346735539 175.62833116386753 860.1760585783226 277.44714337389195 1.6021224 1.6322365 3.7316632 3.1271367 1.6606901 13.344189 1.5428765 98.12976608324026 
Car -1 -1 0 667.4413046654844 179.74929979267995 727.1366851869636 225.58889040522962 1.4747858 1.6367526 4.2488403 3.0707312 1.7433558 25.978462 1.5718001 39.098288429130406 
Car -1 -1 0 537.228271454554 178.1636813418859 571.1828379643107 204.52243176162864 1.495054 1.6222365 3.9505997 -3.30937 1.8316247 43.73447 1.605813 12.702326418069685 
Car -1 -1 0 654.0345957224007 177.01464348122238 690.1755482939825 209.0776811062612 1.5934322 1.5394127 3.2987504 3.2495549 1.821929 37.958405 1.5466378 13.058366701648342 
Car -1 -1 0 464.8094989206367 170.01933959261223 536.6787784167564 239.07164431803028 1.8926153 1.6906778 4.336674 -3.2045405 1.8149216 21.97494 1.5330117 20.879616495948067 
Car -1 -1 0 693.0581265985131 182.095543458437 774.4578421932532 241.60513881249454 1.4478291 1.5696305 3.7634304 3.3427148 1.7286378 20.033096 1.5585574 2.907439855018423 
Car -1 -1 0 664.16042437282 177.92953802674865 709.9967230980616 216.64083839798786 1.5446029 1.6178448 3.6815095 3.2850711 1.7765429 31.1236 1.5810916 0.5699121125012651 

