Car -1 -1 0 668.4471480999088 178.83473170739444 748.8516868669662 248.2570267503727 1.6600753 1.6439115 3.9558415 2.5778787 1.8387284 19.574167 1.5723847 93.48334664616874 
Car -1 -1 0 743.0398082113868 190.2212914491853 990.0339728959955 353.9871544213217 1.4493062 1.6047044 3.6702704 2.758519 1.7012577 8.622212 1.5579247 117.22130234417429 
Car -1 -1 0 657.0942097028311 181.61085222778698 717.6514991039272 230.3518580292067 1.5333955 1.627723 4.1829376 2.6693754 1.8691525 25.56063 1.5541475 22.13523536890405 
Car -1 -1 0 253.92528526367147 187.60885931613996 434.7399977838556 254.49967859809476 1.4772973 1.5658247 3.7043626 -6.1775103 1.8426483 17.07528 -0.004375477 38.042144352571256 
Car -1 -1 0 288.7619061654948 178.86783957248812 457.09825445200806 243.00250960241385 1.6564033 1.6754197 4.063928 -6.358841 1.828259 19.712198 -0.03434103 33.77783688677691 
Car -1 -1 0 641.27078586185 178.36028497224257 683.1503884740998 214.93016762044513 1.6434069 1.6344593 3.472521 2.4843578 1.9218719 34.72338 1.5323274 23.607862940791374 
Car -1 -1 0 72.20237850719222 166.1561351927366 366.2705977316188 282.48171001989334 1.8064795 1.6919695 4.008053 -6.3601875 1.7024648 12.069107 0.008995805 87.57617408528728 
Car -1 -1 0 630.3901828360874 180.2003645121376 656.3468439473819 204.07866448422467 1.5061966 1.5581429 3.768778 2.2415915 2.0198364 48.561222 1.5674903 2.7749717174531865 
Car -1 -1 0 509.1275217420912 181.10908323190375 535.6452720564125 206.47722552750557 1.4581435 1.5375571 3.5950234 -5.418202 1.9899554 44.593323 1.4255335 3.548076646097759 
Car -1 -1 0 374.49624087846297 181.87499451109082 483.7082929125007 222.28971329528335 1.5506809 1.6154088 4.0066223 -7.1768494 1.923844 28.963306 -0.038334154 2.8712744274931237 
Car -1 -1 0 171.0267416173545 186.24630405624978 399.535289903547 266.42014033288166 1.4991535 1.5434821 3.9248195 -6.4292655 1.7854757 14.597471 -0.029211309 1.1543000106295895 

