Car -1 -1 0 29.10044216194275 203.49912015283905 301.8421838667715 347.5584902291428 1.5465417 1.60601 3.7764437 -6.072686 2.070572 10.444912 1.577235 94.44578134889142 
Car -1 -1 0 830.8231590508524 181.7094970699395 1217.2885283749044 375.0 1.4714129 1.5533047 3.4206002 2.9847286 1.5672727 6.027111 1.6777886 76.57928787421929 
Car -1 -1 0 445.5881667467711 187.4172806532409 498.18473911436683 222.70803038972232 1.4567513 1.5698794 3.674797 -6.26886 2.1645818 33.19874 1.6156254 47.10983903215721 
Car -1 -1 0 644.6775822320187 175.76502373054777 685.2091312597993 209.18328867178354 1.5954978 1.6242933 3.751359 2.7644706 1.7512138 36.68868 1.5293287 38.707177562875025 
Car -1 -1 0 201.22886025136725 196.24054358393255 264.6203787414886 226.759825897265 1.4808903 1.6218704 3.8962193 -20.808727 2.8426266 40.031113 1.5264857 12.370732312690276 
Car -1 -1 0 470.0912005591923 186.1711758898337 512.740895025322 215.96047248278882 1.4462949 1.5408514 3.5435898 -6.244794 2.1893187 38.451843 1.6176405 10.746287170367248 
Car -1 -1 0 251.49745100160567 193.57808796161584 314.4695556340809 224.04999223258926 1.4855225 1.7070415 4.229086 -18.11376 2.7023997 40.226955 1.5393767 6.052082539652696 
Car -1 -1 0 497.51571975715393 181.63803848243165 531.208229798571 208.18513356155714 1.5964124 1.5732527 4.328826 -6.151023 2.1950855 47.002274 1.5830668 3.229879800209353 
Car -1 -1 0 125.26007023300856 201.55086133460404 218.23045843916532 230.03403697317302 1.4587009 1.623059 4.139028 -23.95907 3.0667882 39.565865 0.026940674 3.586781929485663 
Car -1 -1 0 535.8578071977753 182.36853082124375 564.0684412759533 200.57143530618455 1.4856108 1.6020893 4.153995 -5.1918654 2.3491454 63.319607 1.707649 0.25515997409820557 

