Car -1 -1 0 305.3873453579379 180.48694743607422 388.82435879370934 226.22269222696679 1.4275084 1.5944765 3.8313055 -8.710131 1.2799141 24.386726 1.525588 25.603327743222394 
Car -1 -1 0 0.0 192.61825911447212 344.88999159348424 375.0 1.4582813 1.5711315 3.569888 -4.1948137 1.554133 7.5148897 1.5814219 89.38003909768106 
Car -1 -1 0 350.0174702258196 184.05705969713034 462.72814481857495 249.79701811012984 1.395158 1.5816722 4.074029 -4.6716003 1.370569 17.294613 1.5685563 110.3305210315446 
Car -1 -1 0 451.56476855109617 180.11525312205114 510.0090455217568 220.9894418591582 1.408216 1.5453821 3.709417 -4.6067157 1.2324932 26.628311 1.5613045 69.21038121315355 
Car -1 -1 0 127.1102084203451 176.23795024775254 292.71970989742056 254.15223025184602 1.4829543 1.6097932 3.6845698 -8.375287 1.3120794 15.542452 1.5477333 45.05105939331707 
Car -1 -1 0 575.4372653136747 174.91732627523268 609.6525138373682 206.20426463938597 1.5014155 1.642602 3.5636 -0.7476773 1.0072113 36.298767 1.545642 21.801914876082627 
Car -1 -1 0 216.20327183546505 177.47231104044926 306.19290655805446 224.80585762067685 1.5640926 1.5945628 3.6025596 -12.2009945 1.3082197 25.587898 1.5276735 33.050591864348554 
Car -1 -1 0 20.346776148945665 176.7286822501291 130.8300521499444 215.22611748851884 1.4710101 1.5455788 3.9619043 -21.637403 1.1467161 29.463219 1.5898268 0.8479511008061016 
Car -1 -1 0 438.6005763494579 171.3724482868507 504.7081531829353 200.2060025796036 1.7538319 1.6958338 3.8542633 -8.381193 0.91180134 44.685596 -0.059177123 0.2541980743408203 

