Car -1 -1 0 422.58534557514974 184.01203000216606 495.2683142159561 231.55168817798221 1.3672047 1.5580806 3.6075854 -4.545913 1.3325881 22.484283 1.5620632 75.31794742600216 
Car -1 -1 0 0.0 182.76221667242183 202.0148284210173 296.1717965115127 1.545877 1.5580959 3.5938802 -8.307617 1.5124338 11.611673 1.5496595 100.99797455901266 
Car -1 -1 0 261.67562037684206 187.17993649467377 428.2255766163647 278.3355399387221 1.4113513 1.5976307 4.0042157 -4.590697 1.4529462 13.21942 1.5720791 106.39713002738435 
Car -1 -1 0 238.43679908327445 184.1418241684765 350.98483509301764 239.99232897986204 1.4304258 1.6027365 3.7768633 -8.68196 1.402922 20.315573 1.5503039 20.52010856886123 
Car -1 -1 0 132.2679448906652 178.08695659967353 259.6553482693959 235.47890900929914 1.5588691 1.6102701 3.7840307 -12.088471 1.3652396 21.42345 1.5783236 69.74679504785009 
Car -1 -1 0 574.4928799490311 175.66487361859598 610.3144975577035 207.8019720208616 1.508856 1.6531928 3.483388 -0.6872798 1.0604391 35.502922 1.5836823 20.29383783922147 
Car -1 -1 0 359.6869929816775 179.53653337294412 421.410279587738 216.49188571060594 1.4733282 1.5553987 3.5647907 -9.098774 1.2469125 30.44548 1.565773 27.98712604212915 
Car -1 -1 0 451.9267458541719 177.9508196979552 501.0665379095828 215.73004392281243 1.508496 1.5405641 3.7323232 -5.4980764 1.2184149 30.596441 1.5342497 16.453606876389852 
Car -1 -1 0 431.42517939867514 174.2921059863426 476.5130951469713 206.17999622348285 1.7485924 1.6887637 4.1670084 -8.782305 1.1495904 41.508266 1.577777 3.614225131640359 

