Car -1 -1 0 213.45222610923076 176.72762107971397 460.124026685509 335.3983053965752 1.6220462 1.6847652 4.2405505 -3.199393 1.535275 9.47549 1.5629438 107.33050744239215 
Car -1 -1 0 141.76380187141783 186.80788252480068 307.43259804383615 264.4556326434308 1.4589401 1.6281234 3.7277026 -8.012479 1.4973428 15.461086 1.5538787 54.35843976088844 
Car -1 -1 0 448.73538928710775 183.00525479063654 517.6268809153909 232.29548939682226 1.4669914 1.5858526 3.6398478 -3.9182122 1.4012035 23.217388 1.5741462 71.00203901125234 
Car -1 -1 0 0.0 190.78683150662707 135.6546003584705 265.83231263972215 1.4191047 1.6193117 4.0629086 -12.615265 1.5584443 15.937952 1.5832117 77.44144118674113 
Car -1 -1 0 565.9288098050902 180.1205800177653 607.605023157674 218.9753846627106 1.4926586 1.6020956 3.12529 -0.8403173 1.2969229 29.205982 1.5351787 28.270696253674142 
Car -1 -1 0 414.86347980877315 183.85946573554426 458.2422244960679 215.67859523305475 1.4502286 1.5258532 3.7425063 -8.177908 1.3884152 34.69687 1.4788725 20.240337034129514 
Car -1 -1 0 504.3239410777706 182.21509475055046 544.4100678043321 212.82061118410823 1.4201566 1.6205889 4.053717 -4.0222836 1.2809227 35.4059 1.5417244 12.052885053107014 
Car -1 -1 0 353.8576372674049 178.74757848715578 426.6038131401992 219.16416935520652 1.4546012 1.6193147 3.7945108 -8.289142 1.2218122 27.78035 1.5850185 7.760628062731744 
Car -1 -1 0 252.8466141529771 183.16825851400216 327.0042715973061 221.42604879879505 1.4514205 1.4769099 3.67492 -12.761094 1.373745 29.131025 1.5402865 0.25344952940940857 

