Car -1 -1 0 652.980324794375 177.01243613718628 747.8338991990628 241.46375869252157 1.4274924 1.6265677 4.2943935 2.1868014 1.5465307 18.45937 1.506216 109.50023805752053 
Car -1 -1 0 199.76431621769444 184.02905199982783 416.06250528705357 256.4897231136818 1.4223444 1.5957873 3.9813626 -6.3567886 1.6762805 15.428686 0.086644486 58.37329259084541 
Car -1 -1 0 83.84938470599892 186.4376060861222 361.0082967878767 273.673962654668 1.4178464 1.585764 4.0577683 -6.7079697 1.6740026 12.793453 -0.009997781 72.38496515389474 
Car -1 -1 0 288.1258127893145 177.99079566033856 436.2458033874835 234.39061486279755 1.5219864 1.5833694 3.6625638 -6.9753275 1.6747353 20.546335 0.065299034 37.32359281356951 
Car -1 -1 0 632.795439515682 172.57761047396448 673.9902437215853 206.25442697454736 1.4809887 1.5617605 3.8862097 1.992523 1.4688339 33.698906 1.5372565 18.703331953567346 
Car -1 -1 0 391.1866079119642 175.8832969080267 495.2534299200259 213.88505713191776 1.5083814 1.6095093 3.8795164 -6.848379 1.6382627 29.872576 0.13773388 10.627791555725869 
Car -1 -1 0 629.6666625009916 170.69341627238308 665.2894383868271 201.68237317485847 1.5779961 1.5947945 3.6919854 1.9843061 1.4679763 38.612778 1.5379528 6.720456726518499 
Car -1 -1 0 511.9214050946511 175.08635612255438 535.7490047884789 197.31186808536552 1.4785917 1.5854821 3.5483696 -5.996315 1.6398034 50.241444 1.4349802 0.2634037435054779 
Car -1 -1 0 413.60813483312575 173.2111110501857 500.4548834563557 203.5850392557519 1.5037051 1.6217496 4.1309977 -7.6984577 1.5223291 36.68639 -0.065057024 0.5081278272746803 
Car -1 -1 0 462.61739040642675 173.03602295748118 528.140393006965 197.72191740667884 1.565301 1.6357477 3.8977318 -7.384406 1.5773805 46.825928 0.12722255 0.25881266593933105 

