Car -1 -1 0 629.0639196462538 180.85183609655348 691.1013665548021 225.24730595781764 1.430279 1.6454661 4.361739 1.7497858 1.7464385 26.287022 1.4966385 62.24469465601069 
Car -1 -1 0 938.599316947495 188.3489236097704 1242.0 349.17571263691246 1.4745806 1.5714595 3.752079 5.751089 1.6611795 7.743501 -0.08695052 102.30019492220276 
Car -1 -1 0 827.8340045654111 188.85229091199832 1160.949425115329 297.56006687441175 1.4250782 1.5881033 4.1748476 5.5749383 1.6842455 10.716788 -0.08673881 63.174042258353744 
Car -1 -1 0 803.1593525509343 167.6211824064836 1060.4854239629365 273.7441078955667 1.7842352 1.6579118 3.9548786 5.7325583 1.6962563 13.105917 -0.074986085 47.599300221421764 
Car -1 -1 0 309.9023752031631 182.41344132612815 457.9343772932722 230.15081967865228 1.4361836 1.6285963 4.205677 -7.081173 1.75154 22.929962 -0.028000932 21.76487402371127 
Car -1 -1 0 614.2228953131901 177.60646377543767 644.8517029665189 205.06224493925612 1.4738607 1.4995874 3.8663259 1.1051735 1.7592864 41.373245 1.5313385 8.414479992812552 
Car -1 -1 0 276.0997665368737 183.1369491929617 440.3179712031868 237.4128470586518 1.4447856 1.6225994 4.0760884 -7.001126 1.7472155 20.37433 -0.017426059 59.37077941821764 
Car -1 -1 0 354.8259067333998 178.40399760667682 462.27989923078377 220.5258956688129 1.5771639 1.597091 3.723303 -7.7855344 1.8004068 28.136587 0.047773007 3.411693513763073 
Car -1 -1 0 610.088552942429 175.38178639646523 639.9354475244129 202.80041189198778 1.6840181 1.5995475 3.8922346 0.9605782 1.8545316 46.67776 1.5055519 2.7757869794015297 
Car -1 -1 0 500.54285761792147 178.19308908746535 528.6589252556317 200.30944615399244 1.6347187 1.6312156 3.6940765 -7.34666 2.0635777 56.09429 1.5905875 1.0142220628790932 

