Car -1 -1 0 572.1143140751536 176.52238098758139 654.8384309784119 255.23610731649038 1.5931976 1.6755363 3.2757347 0.14735928 1.4172413 16.198257 1.5834314 76.88858567049243 
Car -1 -1 0 155.4296601395843 186.02127866585732 311.66180292542765 257.09302713260456 1.4289434 1.6287657 3.70237 -8.2953415 1.4493365 16.346376 1.5706023 54.45274806051736 
Car -1 -1 0 230.51902265334718 191.91031329156368 408.82131385606397 292.53123750282526 1.3753712 1.5368829 3.5245745 -4.511343 1.5019553 11.826631 1.566276 79.0545687811055 
Car -1 -1 0 401.1876933081273 183.7334193527883 491.33015930629324 239.98252522475758 1.4150335 1.6097548 4.146035 -4.383006 1.3777444 20.159084 1.5681419 72.70252574804265 
Car -1 -1 0 0.0 188.55941326432585 138.80333395904225 261.2715132283919 1.463643 1.6035223 3.79767 -12.790564 1.5496689 16.570736 1.5384852 33.46667769382879 
Car -1 -1 0 365.3914430958196 180.31265127009803 424.6257418587628 217.21127942288118 1.404134 1.5672021 3.6755147 -8.554468 1.2175543 29.245401 1.4975437 16.20102216893131 
Car -1 -1 0 257.1622559156072 178.22599994406147 341.2296663508887 216.93928889518355 1.448348 1.6525447 4.328776 -12.332126 1.1868483 29.08136 1.5418464 13.026676797249593 
Car -1 -1 0 648.7605366874801 181.7340620465858 677.0828175835805 201.19332412553644 1.5268682 1.6042653 3.764538 4.561501 1.2536821 58.43297 1.8408077 7.295353138719127 
Car -1 -1 0 709.3586418594715 184.68297145589685 731.326302811882 198.72347573549973 1.5056849 1.5556877 3.618067 12.464775 1.448556 79.058304 1.9718409 1.3481807807163235 

