Car -1 -1 0 725.8694284088455 185.65760563436132 896.9196579421239 299.3131795864729 1.4268975 1.5614034 3.506368 2.9414473 1.6580727 11.244085 1.5299169 89.0200423741713 
Car -1 -1 0 418.05547308093423 172.04522004847826 509.78704404408467 205.80434682985015 1.5776088 1.7000713 4.0708585 -6.9279947 1.5398133 34.601673 -0.016378444 34.51631600952475 
Car -1 -1 0 702.2680771029046 169.64252179002554 825.1557835319588 216.69399036275203 1.82755 1.7465343 4.5356407 6.1313095 1.7028112 29.004044 -0.04681046 48.867477817272395 
Car -1 -1 0 47.73714497894872 165.6644978454476 360.6888838556522 291.4418552310842 1.7633725 1.6168423 3.8329058 -5.968102 1.6625772 10.942764 -0.009690709 102.62522719941603 
Car -1 -1 0 0.0 185.47868404746973 294.73577521531655 324.68330562417054 1.4764357 1.5955808 3.9972706 -6.098364 1.6408904 8.598534 0.0013749265 73.05326637669761 
Car -1 -1 0 196.35136303593274 173.03379393103225 407.56425770461885 252.45998511868385 1.622465 1.6916658 3.9397643 -6.584384 1.6266708 15.811417 -0.11565145 67.47375222529976 
Car -1 -1 0 785.6455848092312 185.11946538647567 966.5759832632499 244.46736598802113 1.4261587 1.6365252 4.066965 6.758893 1.7574604 18.59832 0.03608626 49.48293806613375 
Car -1 -1 0 754.3923344719672 176.24102080508513 908.511869258567 233.24673659727958 1.5872197 1.645009 4.0475545 6.4037666 1.6909806 21.153542 0.06421464 22.738797592583122 
Car -1 -1 0 448.4913283199691 166.8684296220857 528.6974768630567 200.3113292029909 1.782452 1.742666 4.2485228 -6.582989 1.4634306 39.581512 -0.12267685 19.934858211860995 
Car -1 -1 0 523.5709679198319 174.2059475575763 544.6011151406583 193.57929211863234 1.5103514 1.5722926 3.798633 -6.1468525 1.6237228 58.517815 1.4336939 1.0735451289976725 
Car -1 -1 0 353.2739159358462 175.882406925881 470.4114545400671 217.11755846018758 1.5111952 1.6032119 4.034111 -7.448284 1.6300018 27.438526 -0.033119768 0.5248222715700077 

