Car -1 -1 0 0.0 203.227559797517 275.9802868071332 350.6229826794595 1.4668056 1.5258462 3.4961975 -6.0822124 1.948602 9.677189 1.5978615 124.55377797935436 
Car -1 -1 0 713.2956352652556 179.22120333490008 868.1297777880995 282.11774906906464 1.5402213 1.6760907 4.127925 3.0820024 1.674659 13.146727 1.5411558 123.75601322736199 
Car -1 -1 0 229.70460251842528 195.04737375094194 394.16983919718007 280.79828319405425 1.4333019 1.6325605 4.139784 -6.057746 1.9669392 15.248508 1.6106772 102.26228842607847 
Car -1 -1 0 384.16637176774776 179.11375434627794 467.72877475860145 237.09845307321518 1.682051 1.7028093 4.281767 -5.8682775 1.9050628 23.550869 1.5540233 90.93774018729778 
Car -1 -1 0 521.2029389505622 181.04747175908943 549.1494611444502 201.77070838442987 1.4980357 1.6868024 3.853077 -5.6986065 2.1518824 55.636894 1.5901765 8.201931878860083 
Car -1 -1 0 555.0736681779704 180.25290087314053 581.4054230889845 201.00670741478712 1.4711566 1.7081186 4.014581 -3.090661 2.0518067 54.60571 1.5848261 6.064856631823956 
Car -1 -1 0 432.1383775035035 184.1060214941237 491.63262888948685 223.9185335082133 1.4896721 1.6152554 4.016202 -6.089933 1.9914504 30.157833 1.584267 3.461381759864262 
Car -1 -1 0 683.0222257287531 173.41024959718044 708.803848578714 193.3647939872531 1.5170071 1.6933444 3.8251421 6.775224 1.5623674 56.90055 1.603066 3.6979275553905877 
Car -1 -1 0 638.9973963629652 176.0104597388802 658.7388812397276 194.04216577059745 1.4900897 1.5971904 3.5902016 3.3570871 1.7695984 62.07739 1.5975423 3.159019592678777 

