Car -1 -1 0 850.3153421166581 191.1721530580928 1217.7438082173271 375.0 1.4502373 1.6063259 3.810173 3.815907 1.685329 7.324306 1.6109244 98.86773909872295 
Car -1 -1 0 220.39541190562275 190.75544770365988 412.780286507979 301.77334041902253 1.4651278 1.7108229 3.966872 -4.674814 1.8167727 12.170791 1.5477157 111.66145779266773 
Car -1 -1 0 365.92201526703514 185.90507029311905 475.01888892727953 256.5788835430661 1.4953986 1.606182 3.7671056 -4.5458374 1.8533745 17.881632 1.6042002 75.80146133100489 
Car -1 -1 0 715.3282706390672 178.79917025919826 817.8561773873639 246.6857655920891 1.4683723 1.6228642 4.1423483 3.7819748 1.6342393 18.050747 1.5600545 64.59431956218276 
Car -1 -1 0 518.6954324988805 179.28213959642127 556.580905159177 208.60146835166904 1.4893794 1.5127046 3.304449 -3.855321 1.8528502 39.098465 1.6390662 28.885179789258274 
Car -1 -1 0 427.9149058679016 184.84559919837955 508.1961374449031 235.52780843669277 1.4131184 1.6066897 4.2746825 -4.4541526 1.836509 23.309254 1.6087456 49.70037928031587 
Car -1 -1 0 759.5690346977142 181.01107805972606 909.2413872080917 280.86797643775856 1.4801693 1.6135281 3.7099202 3.8190227 1.647021 12.880558 1.600884 78.53329099308279 
Car -1 -1 0 693.3955254852003 178.90930368705193 743.3696693600446 219.6475577819934 1.4874758 1.5473878 3.5623853 4.263795 1.7433333 28.684494 1.5999621 21.666066660816693 
Car -1 -1 0 699.4622280779992 179.18680039520686 768.6289825078146 229.92978258095502 1.469674 1.6169045 3.731451 3.9195986 1.6900793 23.238905 1.5803257 11.742928914086756 
Car -1 -1 0 562.2186227742237 176.64326318028063 604.5217244664046 190.15677835166312 1.4348269 1.655922 4.4249864 -2.8170874 1.8504275 78.15068 0.07274044 9.001820506583606 
Car -1 -1 0 532.8412843489689 177.9653934599555 571.5749545809413 204.68130117405406 1.5139899 1.6572028 4.10155 -3.4304457 1.8394418 43.82128 1.6662166 2.6397695555777414 

