Car -1 -1 0 0.0 182.50158501167797 253.5006494979485 370.54043401534017 1.7139248 1.6916126 4.32363 -6.242141 1.8640816 9.016943 1.5043375 121.18524332820832 
Car -1 -1 0 491.1525943101653 181.00892691793337 541.7840867622135 217.07154093196186 1.4205369 1.7246175 4.26922 -3.993965 1.8012873 31.540789 1.5555028 58.48269274960562 
Car -1 -1 0 211.3508264120517 183.96448342104958 373.14998109355435 273.8356508186537 1.6013947 1.6612172 4.117297 -6.55371 1.8707101 15.4282875 1.5672009 74.15572299099688 
Car -1 -1 0 384.8399830993549 186.38499411760714 455.54091233509405 229.65777602993063 1.3947976 1.5610771 3.7559426 -6.816538 1.9237655 26.321672 1.5804958 49.82868410344108 
Car -1 -1 0 627.3140570346627 174.64428311942206 654.8129947847378 198.14931304793618 1.489889 1.570003 4.0008435 2.060648 1.6141411 48.060047 1.5485722 28.28279577911222 
Car -1 -1 0 526.5389244173438 178.687819853854 553.2878648566005 204.983396577142 1.4861791 1.5341442 3.7730973 -4.17061 1.8542202 43.580357 1.4942623 10.495247047243431 
Car -1 -1 0 700.0436064874999 167.87350734354112 780.1693886703558 196.28610921277806 1.5860574 1.7150702 4.2542167 7.3975153 1.3080345 41.14614 -0.0050329007 16.873940201418062 
Car -1 -1 0 466.3143903486644 182.37715703947893 508.9629906962764 209.6776380366764 1.4257638 1.5562638 3.9898038 -6.8933163 1.9955498 41.136215 1.6256691 5.002700577262527 
Car -1 -1 0 1088.2672676414377 149.74589726412336 1222.1693286461966 205.8188158943073 1.7076178 1.6288518 4.031333 17.990253 1.0038946 24.042858 1.6434901 12.556283062043745 
Car -1 -1 0 699.7873092002781 163.65759754082822 771.79959137311 192.74562281197814 1.7363423 1.6368587 4.0755196 7.6503143 1.1873841 43.945366 -0.027843205 1.652351678808828 

