Car -1 -1 0 719.2577400999156 185.44073292873588 826.9000753454201 261.99816771642685 1.4136691 1.5919969 4.0131903 3.4793057 1.7285457 16.020664 1.6010041 105.56199284914399 
Car -1 -1 0 697.9120051722834 180.5807554164501 771.1222087726521 235.43875110376646 1.4531853 1.6083574 4.2379847 3.6770802 1.7102283 21.860151 1.6019037 58.77456964586322 
Car -1 -1 0 481.4991561851737 182.4429146589307 536.0236904755653 222.04991515250978 1.5854876 1.6550558 3.7078018 -4.361951 2.0321999 31.709652 1.6363811 63.852602596139896 
Car -1 -1 0 508.2418351802609 181.13990176676728 551.17986387618 213.30166871450507 1.513254 1.598138 4.056779 -4.04305 1.9626112 37.07037 1.6122267 12.04488505066222 
Car -1 -1 0 1023.6834976461981 171.42480166660127 1212.974255248703 237.97064963189135 1.4554864 1.5259168 3.5991187 12.125712 1.424227 17.415756 0.5892093 18.741217594415303 
Car -1 -1 0 1077.4367203047477 165.64255117789799 1242.0 249.7166219423693 1.5088611 1.5714011 3.4807127 11.697929 1.3794385 14.678078 0.7081608 31.21005442759591 
Car -1 -1 0 933.6736784715065 173.66736680718563 1097.0175772787463 231.63165630127511 1.5312972 1.640845 3.968949 11.721417 1.5569694 20.943415 0.6286045 29.949549624528874 
Car -1 -1 0 675.2382487329913 175.83793221480354 699.3452967517779 198.13605852413676 1.4692404 1.5810832 3.76469 5.3547688 1.6840774 50.006027 1.6567562 13.497514149608234 
Car -1 -1 0 540.814757649609 181.10033666878584 575.1731870707624 206.13510417240653 1.4901797 1.5969944 3.978327 -3.266936 2.0433474 46.35053 1.6570315 1.568196044188622 
Car -1 -1 0 255.58853844547923 183.17012831002464 351.2398449731568 213.98260157671498 1.4972398 1.5998037 4.1501665 -15.406202 2.0300245 36.439026 -0.012308163 0.5359531779827217 

