Car -1 -1 0 188.69168629070802 194.21095296753728 368.2542859760036 295.66769461361184 1.4697456 1.5470858 3.6292856 -5.7605925 1.9098027 13.043695 1.5823934 106.4097924142667 
Car -1 -1 0 709.6864548044304 182.62741612850883 820.2127327582907 254.49988156929183 1.4224554 1.570434 3.6816268 3.454101 1.6738486 16.675991 1.5123869 97.90682238568209 
Car -1 -1 0 812.0693412953342 181.68373029207274 1211.0170967155636 375.0 1.5285083 1.6339823 3.9592156 3.2574935 1.6365883 6.8369727 1.5900762 132.54542864429868 
Car -1 -1 0 367.9974225595427 184.8877564919214 469.7856466216081 240.7180329473644 1.4687594 1.6391268 4.2350526 -5.7004967 1.8740513 22.113108 1.6695135 74.20604416657594 
Car -1 -1 0 661.7386430907428 179.1974610674852 707.8577904655729 215.81972492470342 1.4490874 1.5379239 3.6961439 3.179788 1.7384841 31.056217 1.5532602 36.70417959213539 
Car -1 -1 0 681.304332168377 181.57853335898088 760.3786983171676 233.88973050640067 1.4236307 1.6204066 4.106641 3.3492126 1.7201492 22.42879 1.516969 26.870153179101194 
Car -1 -1 0 474.7051148995008 180.20773196160948 520.6421688463965 211.8443555677673 1.5106192 1.5536773 3.6394873 -5.7120223 1.9088082 37.19665 1.646232 8.313884315014702 
Car -1 -1 0 655.6829166735049 178.03904113763596 695.586328868149 210.01239932743061 1.5106628 1.4979455 3.3251896 3.2846303 1.7841837 36.353813 1.5042405 7.784759330720189 
Car -1 -1 0 499.6693880535616 179.97722237706824 537.1009033740872 207.51976256488862 1.5081127 1.4942392 3.3560154 -5.283575 1.9413058 42.14318 1.6578054 1.8199200959282067 

