Car -1 -1 0 704.7381145860159 186.3466208637384 797.4507642979687 255.5753148475335 1.4281063 1.587559 3.890236 3.3289015 1.7942021 17.613733 1.5950313 86.66280539489267 
Car -1 -1 0 481.45417386386384 183.92016309774226 531.9708603907576 222.44882887506864 1.6158321 1.6683558 3.8145757 -4.6816115 2.156308 33.305786 1.6046349 56.332074952708325 
Car -1 -1 0 686.0755671536912 182.13620666006508 750.8787927729235 233.8247079820879 1.4766827 1.6100934 4.1919155 3.4516678 1.806253 23.497072 1.6040521 53.28225657980399 
Car -1 -1 0 1022.7565051923578 161.88655096049885 1218.8114116508145 241.76493899751839 1.6294653 1.6116906 3.5210993 11.582853 1.4057367 16.460747 0.6896483 49.56647119620087 
Car -1 -1 0 898.9259764766782 177.5229575365714 1049.1876428984986 231.2011484939891 1.5297099 1.6347563 4.018636 11.423216 1.6885898 22.717403 0.6226606 24.391752428088616 
Car -1 -1 0 506.90984226771457 183.63524918691058 545.5766741444513 214.40832738473452 1.502514 1.5942707 3.9252777 -4.401722 2.108283 38.574448 1.5760593 12.053055890444025 
Car -1 -1 0 973.413205121955 176.92832844763282 1141.5204889708018 238.10083837899487 1.4563489 1.5401807 3.6552925 11.816154 1.5740757 19.12787 0.6517178 5.1913666259739735 
Car -1 -1 0 528.3470123481002 182.44855440506626 566.3246803031776 210.18977552868557 1.553093 1.6230357 3.9146988 -3.729718 2.1627214 43.820892 1.6648546 1.7396190807971905 
Car -1 -1 0 222.78881131031451 189.9242763645934 266.53933193576586 209.8352436128102 1.4590884 1.6596556 3.5237577 -29.129787 2.8663883 57.705273 1.5924357 1.4225289711918176 
Car -1 -1 0 586.4549404342426 182.30663919382485 609.4480803746019 197.30289849515495 1.453374 1.621627 4.070684 -1.1734854 2.4612188 74.7832 1.7505642 0.27589133381843567 

