Car -1 -1 0 664.4102681734897 178.2698172270227 708.2919653010101 211.3736398734685 1.4514158 1.5878906 4.138734 3.5984254 1.7252345 34.39843 1.5546985 32.35683954282255 
Car -1 -1 0 0.0 193.34972800442614 305.07359586968647 324.33246267644233 1.4201176 1.6137555 4.0873685 -6.164887 1.6995338 8.966023 0.031394362 63.20580383858916 
Car -1 -1 0 30.907797150736382 188.81821047986307 328.6992007033788 291.97318930877503 1.468044 1.5606391 3.7492025 -6.5841684 1.7361735 11.317594 0.011117803 39.5738566293731 
Car -1 -1 0 309.84308583519885 181.13190449532064 484.41985646268154 242.93729216259268 1.523827 1.6042327 4.091331 -5.482027 1.7510026 18.914469 0.04192022 44.009208239369066 
Car -1 -1 0 417.06597766906265 178.7897374920203 534.8568627071414 218.41695161570615 1.5171344 1.6550543 4.3661814 -5.277466 1.7618558 28.82439 0.04436314 31.518610780694026 
Car -1 -1 0 261.6132662425178 184.1531841985677 448.56313128757625 253.4517557736731 1.4709679 1.568446 3.7260382 -5.751348 1.7445021 16.542288 0.07684338 41.358397539147 
Car -1 -1 0 381.65661962868836 182.4792224418737 504.3628814504277 228.79895590724252 1.4551859 1.5374843 3.7007105 -5.5444293 1.7920777 24.183716 0.17004733 11.984694774200271 
Car -1 -1 0 347.03116440627394 182.97858421747088 500.2540300301853 235.108926014629 1.4421701 1.5666217 4.0974345 -5.4354444 1.7553208 21.330616 0.101240315 10.137000182501088 
Car -1 -1 0 501.70034287527443 175.6111265992654 561.5400723337722 204.41340546829693 1.6596477 1.6057816 3.2721558 -4.5849032 1.8264036 42.698364 0.086722635 1.1899019310544348 

