Car -1 -1 0 747.6408025498966 177.06647703976853 1010.7850762335308 270.62981139272273 1.4381509 1.623523 3.8617606 4.463421 1.5155736 12.222813 -0.12084949 151.60694375869588 
Car -1 -1 0 673.6294967979916 170.78961908657686 796.3056465138579 219.460406357472 1.4849112 1.5880109 3.550489 3.9468486 1.4219283 22.998493 -0.11047651 87.01898925385912 
Car -1 -1 0 286.27509072042864 166.14570798463274 429.09725006912714 215.95760318917146 1.5752968 1.6693188 4.153439 -8.209461 1.3631475 23.794127 -0.06885453 46.9890037208334 
Car -1 -1 0 34.4016553987079 161.91287500153533 313.51155415953366 259.8719666750915 1.6739964 1.6581767 4.1059003 -7.8576527 1.4870265 13.338582 -0.089071326 111.79551304779419 
Car -1 -1 0 131.31272448071144 172.07700045122752 356.88798188236933 244.47749002928188 1.4879141 1.6172073 4.0935693 -7.842926 1.4719458 15.777423 -0.0695991 38.2155220637462 
Car -1 -1 0 197.35803194057064 171.17033329358765 387.13090110281473 230.54781253069748 1.4663117 1.586734 4.1984124 -8.082291 1.4247339 18.61455 0.0014260643 29.210657500231687 
Car -1 -1 0 652.7849455423698 172.12559718049872 768.6856846027373 214.98512197874703 1.4490955 1.5877311 3.7647717 3.512342 1.4244678 25.38547 -0.10681578 22.272407114290452 
Car -1 -1 0 466.7043827361106 166.75002194305534 497.29798961958716 186.0932267865104 1.5924845 1.6591651 3.7444463 -10.8921385 1.0899568 61.45011 1.135909 3.6583691950002994 
Car -1 -1 0 390.76473210064415 157.88390955766783 426.26544196816246 194.81363917261442 1.8731323 1.7121624 4.126975 -10.859375 1.1138263 38.82241 1.267866 4.085322513981765 
Car -1 -1 0 321.71660502739593 161.13375510566547 430.49191612827286 205.10665147510096 1.6815434 1.6237708 3.9148736 -9.203461 1.2333558 28.704184 -0.15938209 6.3547946519951495 
Car -1 -1 0 332.8464987360811 158.00293787824793 429.5287185588759 200.42652990362197 1.7563903 1.5995038 3.821596 -9.746738 1.1415374 31.04231 -0.20368649 0.25643429160118103 

