Car -1 -1 0 710.2236731726974 180.59954598970174 931.5700638910607 261.077010003179 1.463351 1.6626031 3.9065704 4.137616 1.6298234 14.418698 -0.13634281 132.08213838470547 
Car -1 -1 0 654.7984018365405 175.76570225299074 762.675414647469 221.5613569140918 1.5238247 1.5809629 3.4328146 3.4099827 1.6292026 25.123951 -0.119445205 55.036434564819785 
Car -1 -1 0 292.74623144678327 177.6306008826379 426.7027728155467 223.08116459261186 1.5386791 1.668742 4.248024 -8.805186 1.7159634 25.715326 -0.111077316 54.55122884231787 
Car -1 -1 0 92.51884673402503 174.4399635224677 333.84689488745875 259.5540763220026 1.6716893 1.6823786 4.1556582 -8.220713 1.7076842 15.293866 -0.1191077 102.37647047632231 
Car -1 -1 0 167.69603436272826 183.36675659113976 365.3336316509644 248.5273330046535 1.4803652 1.6147645 4.0764246 -8.285856 1.7530725 17.716255 -0.09694794 31.451851566577467 
Car -1 -1 0 220.3748907607556 182.38697558010432 390.1803500041587 236.6191557891291 1.4583216 1.5818357 4.1541767 -8.546564 1.7396922 20.491068 -0.0070274663 18.28350565351316 
Car -1 -1 0 633.5544385114947 177.75068636712243 735.01440747928 218.43098783797367 1.4831493 1.6135706 3.5804079 2.818737 1.6774924 27.596804 -0.1348323 12.023908706325608 
Car -1 -1 0 454.3278698029303 175.25779049608298 483.7337459402189 194.12830129032545 1.5902402 1.6431971 3.7801428 -12.373407 1.8082818 63.389236 1.1258559 4.099783860634445 
Car -1 -1 0 326.600937586024 171.37524916479796 427.5129634135127 212.6774110576906 1.6990274 1.6248448 3.8374984 -9.820617 1.6381966 30.697304 -0.10868035 0.3116251528263092 
Car -1 -1 0 311.99990104287497 174.78757670873873 421.21803747483 219.59766693689485 1.6799327 1.6076362 3.7681127 -9.393332 1.7579174 28.118153 -0.097187854 0.5789435466359386 
Car -1 -1 0 892.6351921736987 177.164393134346 940.6341770253155 201.71485775548774 1.4512483 1.6074271 3.9572198 19.341984 1.7343404 45.373856 2.2952306 0.2881397604942322 

