Car -1 -1 0 723.2520552880915 178.81350135718867 894.1196831336287 291.16957403442655 1.5221307 1.6846805 4.0669327 3.081841 1.6384118 12.03514 1.5588042 118.70380173454316 
Car -1 -1 0 0.0 203.49254258366523 239.12786389755638 375.0 1.5095975 1.527858 3.377468 -6.0680366 1.9464896 8.581873 1.595289 110.22234152022583 
Car -1 -1 0 199.09721605068395 195.92143209393035 381.42942530837377 291.0438417771585 1.4565737 1.623853 4.134919 -6.0096207 1.9763374 14.161652 1.6080966 126.61380332924597 
Car -1 -1 0 370.563853418301 180.92213525464686 462.23528709296625 238.84357533749832 1.5812125 1.7033191 4.233896 -5.864159 1.8554616 22.407045 1.5734619 74.8673068389386 
Car -1 -1 0 552.9182105609249 179.62726061605088 578.5331457697715 201.21425484316083 1.4828006 1.6610602 3.882866 -3.1688483 1.9960725 52.73068 1.5642018 15.34175763040828 
Car -1 -1 0 520.7989577822106 179.58787281711506 547.3288101354038 201.25535426377954 1.5385351 1.6690553 3.964396 -5.6631594 2.0656035 54.47621 1.5495853 15.551260037577315 
Car -1 -1 0 474.7454548823342 182.70829570339816 518.1003596353944 211.96534533456978 1.4429607 1.6030847 4.2833695 -6.082194 2.0077505 39.19693 1.5908781 4.490992901752465 
Car -1 -1 0 424.375920819657 183.237550892199 488.316425347142 224.58446187536913 1.4864242 1.6341588 4.040375 -6.06911 1.9330673 28.999529 1.5920005 7.368666121960723 
Car -1 -1 0 861.7892422375268 159.8335894140153 970.7675117363481 197.45250184211673 1.5117834 1.580756 4.075788 12.798979 0.9885347 30.34915 0.29740453 2.052175734593127 
Car -1 -1 0 692.2348738213923 172.6785183541957 747.411899614284 194.18808635263198 1.5839655 1.7063543 4.037481 8.262705 1.5710428 54.24573 0.13210912 0.6089597355668084 
Car -1 -1 0 639.3209615584236 176.69863061701076 660.0447791077028 195.20591181607134 1.5003912 1.6164017 3.6074157 3.4248414 1.836164 61.144394 1.6646807 0.5825355864767909 

