Car -1 -1 0 698.495602827375 168.96697279954978 768.1254816341169 195.0620023233409 1.4980266 1.6124715 3.7702599 7.220017 1.2748854 42.30208 -0.040045206 52.915743782692 
Car -1 -1 0 818.1505230022635 165.82790490427718 858.3889891079214 185.41801678898744 1.4757925 1.6470125 3.870283 17.81071 0.9464916 56.352997 1.4874142 11.932741915930148 
Car -1 -1 0 784.4246621441501 165.7803543688127 825.8426635902134 186.03935193080173 1.4953476 1.6190362 4.1634727 14.965985 0.9732307 55.422745 1.4485024 10.96287799427934 
Car -1 -1 0 993.178103603814 163.96779963586727 1045.8866957896169 185.89216747460412 1.5933137 1.6421942 3.7697256 30.828241 0.9475249 54.37379 1.5012789 8.10833171584471 
Car -1 -1 0 1061.7273838331355 162.43623064712878 1119.697750885311 182.14645361136058 1.4770675 1.5920238 3.7480364 37.312958 0.69636834 56.057106 1.392071 20.524854438165526 
Car -1 -1 0 201.48115079364374 172.68872352265115 300.8056633206355 205.9418458899226 1.5619086 1.6755232 4.14701 -17.766146 1.5541453 35.859715 -0.6927272 4.980373644255686 
Car -1 -1 0 322.2363897218158 161.44728834203065 359.0510183676688 187.5559795098222 2.166268 1.7346607 4.3848715 -23.088142 1.2198398 62.101646 1.5184245 2.8294453720478856 
Car -1 -1 0 1025.8410900867282 165.91676682340142 1073.122450031606 185.4430733157768 1.4537177 1.6768272 3.5647259 33.814697 0.937246 55.56009 1.6486764 1.374322045728284 
Car -1 -1 0 695.4350542961441 164.1946206419146 743.5294447410466 184.46161172577717 1.5177081 1.5648987 3.5439968 8.486815 0.869244 55.898235 0.882066 3.8863895897525604 
Car -1 -1 0 861.7035438750307 165.63320562598167 905.2662029912318 185.39716430480337 1.4647563 1.612427 3.7297308 20.984707 0.9296049 55.415627 1.4631869 1.8009506299053617 

