Car -1 -1 0 694.5681047977532 160.8331120633758 839.6162286072245 267.5502333982005 1.543253 1.5759425 3.7427895 2.5048213 1.369417 12.324844 1.5457051 96.77801886037771 
Car -1 -1 0 315.99032196965845 167.56048457015453 469.2469277454828 265.3043712452491 1.5276947 1.6885741 4.004413 -3.7831635 1.4449593 13.295568 1.5513494 129.16596610367094 
Car -1 -1 0 405.17670236945725 164.85384115487327 500.6470619385005 227.57318819683067 1.4825323 1.6290226 4.0192122 -4.0074606 1.293428 19.069775 1.5767057 54.44764022750309 
Car -1 -1 0 771.597851331187 167.14656367239047 1065.6435654204054 350.0563660325628 1.5271175 1.5999213 3.3209493 2.9773479 1.479466 7.7214565 1.5222697 91.24552885765287 
Car -1 -1 0 663.0795432337729 159.761540244551 761.1070271897146 226.17625861994296 1.4688811 1.6026586 4.4409037 2.4419577 1.1793177 18.221498 1.512464 57.11198728392269 
Car -1 -1 0 617.4562055026039 157.44130040786558 650.0711835154983 179.28974045406963 1.5003166 1.6150547 3.9244444 1.6904277 0.4419374 51.612186 1.4130585 9.990281162872385 
Car -1 -1 0 472.9454229942522 161.38335646878585 523.5352584037232 200.5258238821212 1.4838531 1.560327 3.8803864 -4.453846 1.049012 29.31425 1.5425494 15.893257701120785 
Car -1 -1 0 645.9916885202639 155.35863331403073 695.5515437227734 195.02684032266984 1.5453771 1.5895169 3.7262177 2.4828105 0.8637999 30.005463 1.5270219 12.16324100837004 
Car -1 -1 0 800.2974099824124 138.48607071274648 881.7109114129985 168.16813408157068 1.4758104 1.5860171 3.7513912 11.86921 -0.247859 37.176655 0.10715733 5.864494009320924 
Car -1 -1 0 653.633688576917 156.19563669583326 721.1872003272081 204.96982106246767 1.487229 1.5961323 3.982873 2.5026672 0.9792798 24.03688 1.5108745 4.444153614713197 

