Car -1 -1 0 204.6386232271288 197.62884221616014 381.88480552585185 291.5609647562904 1.4258991 1.6218491 4.2449923 -5.9628325 1.9862785 14.1968 1.5721394 105.17561522116965 
Car -1 -1 0 702.130603737917 177.92354475275852 819.6343816623981 254.47660053883217 1.4536874 1.6594498 4.098445 3.1999347 1.5809615 16.045122 1.5455179 77.56933280756174 
Car -1 -1 0 682.0420809229045 174.24903584141816 758.1188057135569 234.13922310127185 1.6073167 1.6368858 4.05442 3.1845994 1.6527842 21.487814 1.5687734 57.449030416500456 
Car -1 -1 0 359.61040764867056 190.05684998215116 461.3490127765467 246.95960780515298 1.4369524 1.7121804 4.4019213 -5.8627195 2.0099754 21.80231 1.6088728 77.75724372200942 
Car -1 -1 0 1033.7547247894304 132.86945503444758 1242.0 234.19674891433658 1.6352983 1.5854783 3.5398278 9.571331 0.9899967 12.492051 -0.031057576 58.971017284658146 
Car -1 -1 0 937.96586896966 151.39335967133647 1155.1630195110217 227.4227541635913 1.4833367 1.5680333 3.6324127 8.991865 1.0646386 15.004434 -0.080315635 66.68809304077715 
Car -1 -1 0 470.8559592843903 183.03885429088626 524.5842749704433 217.75435359470376 1.6030352 1.6529862 4.136697 -5.6205854 2.151885 36.731552 1.6888254 20.83245531310262 
Car -1 -1 0 665.3845975405637 179.52580617019706 715.7042766425562 215.61013052729186 1.4387686 1.5533831 3.803852 3.4634538 1.7474017 31.4332 1.5114429 27.464988158538993 
Car -1 -1 0 855.3818373313673 159.19146900925253 1054.1778552660141 221.26261116826356 1.4526262 1.6302959 4.099544 8.360452 1.1328874 17.706976 -0.0029132317 43.37305313169554 
Car -1 -1 0 422.81148007382313 187.9962139837121 487.9612443223464 231.14712947530774 1.462868 1.5819563 3.8089392 -5.843177 2.0855637 27.743252 1.6026115 18.252622232954792 
Car -1 -1 0 644.0386965515007 177.52646540695815 674.8812870553257 202.62275171360668 1.4971354 1.5581802 3.801242 3.1197994 1.8054852 45.688988 1.534747 2.1946284950441823 
Car -1 -1 0 516.6644615169691 181.18595873608496 549.0254958346717 203.56379983475264 1.4988861 1.5470285 3.7666435 -5.4609003 2.1189313 51.740128 1.6776453 1.2402699197547096 
Car -1 -1 0 0.0 183.58101459930194 129.92555834450548 262.4738756101804 1.5402521 1.564301 3.207418 -12.272537 1.8094082 16.336063 1.2507204 0.5622936747144786 

