Car -1 -1 0 718.2580609970889 175.12236758806176 896.6805513897415 298.1539758011198 1.5354693 1.6559628 4.253589 2.8135285 1.5774636 11.220831 1.5833662 133.69629342352508 
Car -1 -1 0 372.60309076575146 187.04165563283925 477.8787224838711 257.1894948414322 1.4763286 1.7033749 3.9524248 -4.449897 1.8693283 17.98992 1.5459502 125.80373584057676 
Car -1 -1 0 690.471183828172 173.04558241966942 785.6311138745916 247.7828028923206 1.6169059 1.6097362 3.6120584 2.986795 1.6220181 17.436655 1.5566977 69.95419751117372 
Car -1 -1 0 437.7766400990826 176.08541014175302 509.1625243184443 237.11459240625538 1.8063593 1.5804765 3.7738166 -4.3298855 1.9198585 23.449944 1.57881 80.137705630419 
Car -1 -1 0 0.0 194.8601606146914 242.14061320867165 281.15668938594894 1.4351504 1.5926181 3.9567971 -9.186478 1.8719468 13.396512 0.06605801 98.64426601161112 
Car -1 -1 0 666.7018882999097 173.95354492026914 724.8328481864439 220.6554893261894 1.5501382 1.5846093 3.7548275 3.0227113 1.592529 25.927979 1.5551126 39.770071454058304 
Car -1 -1 0 474.68597288182025 177.59511664380582 532.6799658799894 223.91514840728533 1.6964906 1.6584277 4.2802305 -4.172104 1.9012737 29.016018 1.5821493 12.845935112695667 
Car -1 -1 0 536.4471641946109 177.70504511703058 556.8945816421002 195.41692939562475 1.492399 1.6021001 3.8617404 -5.597485 1.9358122 63.928944 1.4307532 0.969117802903433 
Car -1 -1 0 592.5660982540929 177.26777340399758 610.7724608033316 191.1708817108682 1.4853306 1.5254434 3.4619992 -0.8956827 1.9863708 80.07711 1.4114965 0.3524547815322876 

