Car -1 -1 0 736.7905576263155 190.1048097230971 954.8750026688444 278.2361913825216 1.4971609 1.591315 3.5697346 4.362787 1.8456504 13.606478 -0.09981406 135.59970456958163 
Car -1 -1 0 98.46682434292414 188.42419122424116 340.18707162435334 268.43774166503414 1.4842129 1.6190802 4.010018 -7.7697773 1.8199384 14.648055 -0.050539434 120.10401513375861 
Car -1 -1 0 701.5529563395991 190.67094658321096 894.1441028220228 263.13238575180696 1.4595007 1.5484412 3.7995162 4.043234 1.87217 15.837524 -0.053369846 26.832753470113484 
Car -1 -1 0 157.02860329391217 182.76709661937537 345.31173423806723 257.8449035439645 1.6357374 1.5960364 3.6816282 -8.342385 1.8851161 17.07761 -0.1556576 11.691219635948714 
Car -1 -1 0 454.15326916142885 183.76128037212374 489.67055470890347 206.39572126536672 1.5127517 1.6736286 3.757513 -10.003384 2.3338678 52.261894 1.1397798 12.263669171887456 
Car -1 -1 0 199.81008426296063 180.70766609896404 365.2822941831181 248.39516697134127 1.6990998 1.640216 3.8272192 -8.739826 1.9253228 19.586807 -0.20760547 20.99756561557661 
Car -1 -1 0 972.9342274353344 190.15732105157878 1034.604602519199 214.1049020708825 1.4685576 1.6138126 3.8755734 26.840017 2.6991668 49.263985 1.3891692 7.144813258025858 
Car -1 -1 0 235.9191877431049 176.64245556042218 380.0775228853382 239.07590332330884 1.7866728 1.5978527 3.8320544 -9.070837 1.9084077 21.98941 -0.21885628 2.4250276572325666 
Car -1 -1 0 1045.2784541159751 191.06572140611803 1094.4615396334577 227.77037570609562 1.4776964 1.5870217 3.8253775 21.112339 2.3621228 33.038013 2.2216222 1.4454454554232976 
Car -1 -1 0 269.2996542123268 172.04964769811087 387.3159876014882 221.07832672962175 1.8160458 1.704322 4.166377 -10.853819 1.786252 28.142042 -0.29209527 2.2984081395484286 

