Car -1 -1 0 699.5201439388803 183.6656585011907 793.874453314354 246.40357203726637 1.421282 1.5723623 3.6621916 3.4696057 1.7320936 18.867432 1.5104069 109.29348742846703 
Car -1 -1 0 0.0 202.1476292013663 307.6006762319203 364.87204245785927 1.4477172 1.6720576 4.4209137 -5.7796793 1.922611 9.460862 1.6031599 134.20439314019833 
Car -1 -1 0 253.77520377641545 192.581558364145 397.52823404275745 276.76933685178835 1.4634222 1.5844195 3.6610923 -5.812417 1.930077 15.234737 1.5741825 94.75764268804285 
Car -1 -1 0 768.8537198891612 180.35727461434274 1025.8004196332909 340.7438913772556 1.5293334 1.6421176 4.007706 3.2616963 1.6445539 9.073869 1.5735365 118.56971454696418 
Car -1 -1 0 394.68516847381915 186.457629290768 482.37525268051013 235.89849010255813 1.4406707 1.6087489 4.0010414 -5.631984 1.9369895 24.246725 1.6831245 57.81866236942113 
Car -1 -1 0 679.0453275924804 180.37703577998934 744.4339938704089 229.28078204960056 1.487924 1.6101434 4.043827 3.393999 1.765703 24.610115 1.5583138 17.388679590669323 
Car -1 -1 0 658.5593406189615 179.99511804023803 701.9082772376471 214.29420498104668 1.458118 1.5226123 3.673822 3.2084258 1.8062242 33.31089 1.5367734 32.36223314530829 
Car -1 -1 0 481.47568328367737 181.58514913399398 524.8021261185058 210.79424090159276 1.4724823 1.4959562 3.6391978 -5.757063 1.9719038 39.38656 1.6711786 5.537676014335141 
Car -1 -1 0 528.67738930538 176.92902748810542 578.0748257109626 194.55419324371297 1.4940898 1.6120107 4.1031632 -4.958326 1.8625149 63.581886 0.47340387 6.0155345837386704 
Car -1 -1 0 651.8816252943604 181.1792514268178 694.9023979100161 211.16899209881745 1.4641616 1.5521438 3.6161084 3.3254685 1.9262812 38.163242 1.4506751 0.9152341750746562 
Car -1 -1 0 499.380369619989 181.20955194626782 538.2389634426004 207.3972692264503 1.5041062 1.5483913 3.3997924 -5.538233 2.038656 44.37201 1.705894 1.2265386019434665 

