Car -1 -1 0 308.62540333180465 189.88583880722763 444.4939435954462 265.62516191369184 1.4115984 1.6064419 4.477795 -4.895565 1.5296166 15.920373 1.5622404 108.27603984369811 
Car -1 -1 0 175.76812994437682 189.96678589285432 310.41582645885546 255.23828805568144 1.3936877 1.5449929 3.449381 -8.619616 1.5197679 17.339195 1.5543399 87.30474284653774 
Car -1 -1 0 0.0 192.36492885421106 194.17124902163175 321.3910833002727 1.4546244 1.6060739 3.767918 -7.700835 1.5754818 10.234515 1.5264499 50.61094077986145 
Car -1 -1 0 236.36498970995055 183.63865594721227 330.5267023958052 228.11302592646365 1.4748477 1.6446658 3.9213495 -11.493585 1.4225502 25.8069 1.5613182 49.82612140415989 
Car -1 -1 0 571.1933170043923 180.00078073254232 601.5246902933592 207.06944925065292 1.4640238 1.6348469 3.9902544 -1.1425807 1.1819721 40.880108 1.5643132 14.199545917354355 
Car -1 -1 0 391.04444404106215 183.90030333767706 448.21514332700644 218.12724817380837 1.4766866 1.6338508 4.414493 -8.586384 1.4199352 33.248814 1.5357648 16.96238148541338 
Car -1 -1 0 502.35123651359015 182.99679784757453 538.7966445101098 210.09238167722415 1.4602964 1.5714583 3.6945655 -4.845376 1.3407104 40.59874 1.5827302 6.41513037108089 
Car -1 -1 0 333.1750376656299 180.86964560325495 386.17838837371164 211.06565359811216 1.5547328 1.6479006 3.9717965 -13.364272 1.3309631 39.029556 1.5310369 1.8803431683236416 
Car -1 -1 0 347.9051200047908 184.89515053215314 416.729515493976 226.5545068358796 1.4496925 1.5664635 3.7668474 -8.334084 1.4385378 26.935246 1.5211487 3.2737853971162365 

