Car -1 -1 0 0.0 198.4747276512938 347.2877790895818 375.0 1.4010934 1.5743346 4.1478577 -4.032829 1.5691228 7.018398 1.5477167 114.18723520478719 
Car -1 -1 0 451.5761657802817 182.0014310538215 510.98960577426305 221.05621871850593 1.4162575 1.5776238 3.9657516 -4.8334427 1.2996974 28.06093 1.5835855 41.66005193477004 
Car -1 -1 0 379.0858568589744 186.6275618205093 480.5079508097453 248.0972847424615 1.3828075 1.5768132 3.5829902 -4.3337717 1.4218527 18.067253 1.5986738 81.38238539817407 
Car -1 -1 0 331.224949307458 178.186478226342 405.3853060109007 224.37453998250575 1.5765402 1.6481487 3.5985389 -8.667903 1.3366114 26.367437 1.53094 36.37402268078468 
Car -1 -1 0 495.2609763743617 180.53012004052644 532.9024885429142 209.2538924841225 1.4247446 1.5439668 3.7597458 -4.814144 1.1923325 37.549927 1.5527064 12.004010328789443 
Car -1 -1 0 579.3921047262577 177.11667425828907 608.4175354217948 205.2691495048557 1.443299 1.4881253 2.6322744 -0.6796474 1.0280846 38.170803 1.5720321 14.790281937177761 
Car -1 -1 0 133.37174714943453 195.87077547487357 304.24737953865224 283.18109636961384 1.6361157 1.6844028 3.8652358 -8.347467 1.9000742 15.875358 1.5711145 61.347341995248016 
Car -1 -1 0 159.40882661989463 166.95386498513375 283.92651054298443 232.67590708099976 1.9354191 1.8238901 4.4486628 -12.369946 1.3976345 23.430328 1.5283092 5.294981217140387 
Car -1 -1 0 323.75361935554844 180.72099072508644 387.67474614807725 213.27870300270231 1.5321873 1.6013374 3.6662264 -12.423052 1.3206635 35.733253 1.670028 0.5316666428202274 
Car -1 -1 0 613.4027708976981 178.5372040801658 636.6672478143514 199.56256364949797 1.5431578 1.5705568 4.0712852 1.327931 1.0529892 54.815517 1.545264 0.270869642496109 

