Car -1 -1 0 432.5287128103806 182.4505396553096 501.5562863412196 227.38298337203025 1.3775024 1.5562401 3.642951 -4.5657034 1.2927305 23.86541 1.5783546 69.60322987866611 
Car -1 -1 0 263.60151698001795 182.15957642101 365.5325605816038 235.43998973723168 1.4633602 1.6097798 3.9341917 -8.708253 1.379423 21.740187 1.5322918 28.056941042421954 
Car -1 -1 0 16.700585501219912 183.02449184491232 237.03992291575915 280.0366552788403 1.4958185 1.5915747 3.6245852 -8.347738 1.4620326 12.91279 1.5494854 101.74310267854906 
Car -1 -1 0 297.6942864930571 186.59237128450727 440.8472475345695 267.7751673517219 1.4128337 1.5880506 4.0063076 -4.627148 1.4446033 14.583734 1.5679765 115.73909273513867 
Car -1 -1 0 160.49002024165648 178.48131621764514 276.5310892062456 230.80088787135946 1.5186182 1.6036147 3.8189514 -12.161543 1.3231473 22.777103 1.5736065 62.977146631192426 
Car -1 -1 0 575.6432581940475 175.11596276399538 609.8285809369423 207.09806221676 1.5154872 1.6199377 3.62273 -0.69405365 1.0369064 35.878716 1.5658157 19.667100382578504 
Car -1 -1 0 457.7667459910676 176.69902747500657 509.08262290145393 212.1002918661819 1.4871923 1.5639491 3.6174068 -5.4510784 1.1294105 32.030247 1.600881 19.088486940934114 
Car -1 -1 0 368.2730489901638 179.29388758612012 428.3437547163874 214.07290470146035 1.4503636 1.5732763 3.5080032 -9.152468 1.2034107 31.747257 1.5907347 13.16621652321618 
Car -1 -1 0 436.7745535901815 171.6528771208169 478.0831353700319 201.25423865162338 1.683324 1.6226901 4.0571876 -8.880977 0.91205466 42.90787 1.5701839 0.2780025601387024 
Car -1 -1 0 356.632907558983 174.48214956415472 413.06344672817517 201.81113848931864 1.4546578 1.5635674 4.1381626 -12.416566 0.88333625 40.39584 1.6639392 0.26804623007774353 

