Car -1 -1 0 744.1768717397727 180.80914240238923 865.3726692082158 264.27652322390117 1.5817196 1.6051595 3.51266 4.127852 1.7754893 15.7939205 1.5387375 73.75919820762593 
Car -1 -1 0 802.1919213851738 192.61390990160353 1035.4604780844136 331.02337320029915 1.4359083 1.6374701 4.011346 3.9979942 1.7678282 10.092311 1.5988173 98.23179620192084 
Car -1 -1 0 720.9314613868142 182.82187942135258 798.8026880413792 240.35253504219236 1.4614904 1.6113023 3.949879 4.2734833 1.7798353 21.034843 1.6155037 47.20474517304374 
Car -1 -1 0 458.9916591841749 186.30843040097693 531.4663524489667 231.79388240446264 1.4326141 1.651803 4.0308547 -4.028537 1.9569236 26.037167 1.6594716 53.546657249160845 
Car -1 -1 0 563.6468287746676 180.83471430185477 592.4862572517709 201.95097457513128 1.4562286 1.5577787 3.5865545 -2.2816384 2.0636945 53.04799 1.6899114 10.04639393689282 
Car -1 -1 0 703.855441524016 182.5050373295754 762.8864330525179 226.15003076280323 1.4410516 1.6152993 3.6913254 4.472991 1.8205922 26.51161 1.5939717 21.69738807175609 
Car -1 -1 0 689.7076392284926 181.49425701347167 739.1865807057866 218.44642051013835 1.4726082 1.5658498 3.864932 4.528079 1.8742893 31.603054 1.559909 16.20762332920641 
Car -1 -1 0 521.7092010961956 182.79792963087883 564.2608013281902 214.2427688401593 1.4692711 1.5627127 3.8591638 -3.3538947 2.0057526 36.947044 1.642189 4.3142325718349595 
Car -1 -1 0 510.8076793027653 184.3015444309554 567.1112606274138 223.70738354405634 1.5544184 1.5870682 4.028369 -3.0363371 2.0920596 31.78543 1.7046272 0.27713868021965027 

