Car -1 -1 0 738.8777578253223 184.18195907634797 913.612558520672 243.8374719644495 1.5050299 1.7202501 4.1939077 5.7679768 1.8263619 19.516037 -0.043891646 125.86192114441398 
Car -1 -1 0 928.0487971450071 186.06555028733328 1242.0 310.5476160649368 1.4954783 1.547347 3.471645 6.3681793 1.6896085 9.728046 -0.058722716 59.57839888079102 
Car -1 -1 0 371.97944706683654 182.12493622164297 496.63218228410585 223.7440819108151 1.5134473 1.6392057 4.3392673 -6.5947495 1.8766778 27.438847 0.005091318 62.515277755234116 
Car -1 -1 0 636.247870806301 181.8773195558205 677.3449595711128 215.23768267255014 1.4247077 1.550661 3.9610538 2.1638298 1.8737438 33.902557 1.5391984 32.183298494231565 
Car -1 -1 0 157.28434503339236 175.51590595675606 398.0901049706173 267.5929003158266 1.671535 1.675905 3.9517033 -6.339903 1.7273439 14.14159 -0.076246746 62.292784904837596 
Car -1 -1 0 0.0 184.68424000109843 339.0811461670157 323.07976753884145 1.5690091 1.5860429 3.9201202 -5.7018433 1.7337328 9.186911 0.034290202 96.11424847286823 
Car -1 -1 0 273.8860808456716 184.6792868202437 443.6030985826769 242.16498040978448 1.4400254 1.5739732 3.9716697 -6.581702 1.7679033 19.205055 -0.0070236865 25.14844298524665 
Car -1 -1 0 70.95281581131412 189.74072295604898 376.3274385919256 291.1810044266988 1.4540381 1.5861638 4.028184 -5.983799 1.7426016 11.47793 0.029349625 44.61431419240518 
Car -1 -1 0 205.66217970610205 184.12167727148943 413.87843010872456 252.35399384066983 1.464124 1.6035005 4.1363 -6.7900195 1.7377281 16.646034 -0.03542956 13.18688308184159 
Car -1 -1 0 553.5992844107059 179.5395674941074 575.4034246064499 198.24321097177423 1.4131444 1.560421 3.9173164 -3.6501603 1.9694117 58.001934 1.4597085 0.6680636463269088 
Car -1 -1 0 619.8617643155923 176.86436974117763 640.7849450032442 195.25325686166425 1.4949999 1.5732745 3.6245983 1.7907145 1.8464032 61.35063 1.6568782 0.8807053770601493 
Car -1 -1 0 400.86814900418955 176.46941023298305 492.0730524485673 211.45439893420377 1.6399119 1.6247365 4.0233808 -7.830965 1.818891 34.859516 0.02374531 0.3276861608028412 

