Car -1 -1 0 750.7214815759163 190.29127970134036 991.9828665117989 286.9888235239045 1.4963517 1.5965061 3.5894892 4.43013 1.8218269 12.49254 -0.10109686 149.34516834441186 
Car -1 -1 0 59.18891078463512 188.16636358062573 325.97595732179224 274.18582347389764 1.4777225 1.6191093 4.073019 -7.7074156 1.7862146 13.627678 -0.049263563 137.3765694492508 
Car -1 -1 0 709.2830246614334 191.1860055508702 917.2357913313914 269.9855990872679 1.4755194 1.5619445 3.7943254 4.0576653 1.8713801 14.741163 -0.03116032 28.831702667114428 
Car -1 -1 0 454.3609199216333 183.2438775729419 488.72368472013375 208.97926148288602 1.6968666 1.6406091 3.7907531 -9.848124 2.4654129 51.30744 1.1702559 13.361519473008528 
Car -1 -1 0 983.1549911529122 191.0121287262767 1043.2647577493062 215.3524397094131 1.461951 1.517836 3.6372504 26.864248 2.7220435 48.143147 1.3829948 28.8140225453026 
Car -1 -1 0 123.90476698098671 184.38877803614136 327.81841021826824 262.69133051826446 1.5837834 1.6142551 3.6734235 -8.361429 1.8573563 16.015213 -0.16489004 11.325784755556107 
Car -1 -1 0 1056.9511903456412 193.31622532411083 1116.8705723062233 230.54718793469573 1.429112 1.6219573 4.1911235 21.28195 2.3991387 32.104885 2.3036 8.38189782481471 
Car -1 -1 0 170.19407747753272 178.9364747767625 350.6027264114169 250.29074366433272 1.6807923 1.644633 3.8850985 -8.772334 1.8467696 18.448475 -0.22834688 23.1642424413197 
Car -1 -1 0 222.80022770020815 184.2099072373099 375.2923787653182 240.5075399374579 1.5132935 1.584169 3.8427284 -8.927252 1.8626165 21.03032 -0.20414954 6.963293193037759 
Car -1 -1 0 261.44247614658354 172.93066068497015 383.2174607057283 224.17675999179113 1.8234944 1.700552 4.135171 -10.672508 1.8265269 27.110975 -0.30513743 3.868001540901362 

