Car -1 -1 0 329.71100953207093 181.5233911798788 409.0533593333676 225.2218971134151 1.4155643 1.5706655 3.7900734 -8.228789 1.2959561 25.191906 1.5574248 67.74622861487013 
Car -1 -1 0 557.101145948462 177.65588505551372 606.2045107483763 223.14771554088358 1.5469909 1.6709092 3.2597609 -0.9300964 1.2899126 26.105614 1.5330282 40.31283831790492 
Car -1 -1 0 399.43207415069656 175.27688451926767 509.18380928912416 257.4509803007672 1.632693 1.6980784 4.129821 -3.3214724 1.4352217 16.364647 1.5502635 89.59061240508304 
Car -1 -1 0 94.72037133528859 176.95884759387718 295.00475011240275 271.5336199738831 1.5734069 1.6474601 3.8938427 -7.706032 1.4360406 13.907936 1.5687736 111.91975656004725 
Car -1 -1 0 292.7570109674465 179.78224788796635 355.05544381632234 213.15538659636945 1.4373538 1.5924333 3.4937556 -12.825564 1.2033396 32.74143 1.5258532 19.17852362122457 
Car -1 -1 0 481.95051247516943 179.0972445746595 530.0837274734326 215.7749120888949 1.4337405 1.583185 3.6573772 -4.1533437 1.1945684 29.949488 1.5440549 21.124770336617033 
Car -1 -1 0 205.79274876360435 181.46172715257805 297.4672789092907 224.10452592478322 1.4471264 1.6092395 3.6249099 -12.854153 1.3197316 26.223476 1.5505508 13.642770108141276 
Car -1 -1 0 416.12956112167655 176.00219336924022 460.49176133756146 205.51621065822258 1.4662924 1.5736506 3.5206308 -8.7537565 1.0085542 37.494774 1.543506 6.139028070417503 
Car -1 -1 0 311.06847792822435 178.195473491077 417.10117451245486 214.44928663547168 1.4936544 1.6098033 3.9506333 -10.235705 1.2044216 30.447542 -0.013110134 1.0586912251825449 

