Car -1 -1 0 195.71315670949917 196.1985228184704 390.7378663573309 293.3705514527981 1.4282315 1.719569 4.3468943 -5.789126 1.9480593 13.865036 1.6054381 131.81690866410824 
Car -1 -1 0 686.3805584911121 182.36061862387135 754.0993918316069 231.58057545487853 1.4186339 1.5397854 3.5989783 3.4939785 1.7498937 23.320997 1.5417124 71.5507040711291 
Car -1 -1 0 723.7237234738104 179.26799043808717 863.563272512885 277.7910962362059 1.5335917 1.6283473 4.0443945 3.2541845 1.6718845 13.526445 1.5814071 95.98516363725662 
Car -1 -1 0 344.6040213190355 190.8516039289559 443.29788108265507 253.70788280156114 1.4675196 1.5367965 3.623826 -5.771546 2.0051827 19.724762 1.5958147 59.684145092307546 
Car -1 -1 0 783.2470567312588 182.72727607844297 1103.7177565643656 363.3726665800396 1.4600022 1.6640749 3.969402 3.291634 1.5976492 8.054947 1.546557 88.27580447976918 
Car -1 -1 0 427.8639457358136 185.44083050364182 503.2386817480681 227.98927061223782 1.485526 1.6664656 4.333087 -5.636618 2.0268326 28.777412 1.6946776 29.778000991399967 
Car -1 -1 0 651.813652109974 178.60506101040858 692.2844275228274 209.44501512685108 1.5016912 1.5543709 3.7595084 3.2208955 1.8181877 37.780514 1.5036076 12.246658862035382 
Car -1 -1 0 666.8545222134154 180.2563793096465 723.9775952490282 221.41091670934813 1.506001 1.6298544 4.1484942 3.403179 1.8280172 29.275904 1.5209917 12.286074671047233 
Car -1 -1 0 646.7873987735323 180.6693169797889 682.9736857029292 207.41239940725438 1.5044692 1.5870045 3.3455443 3.2848492 1.9930465 43.359814 1.4646933 0.9475736098419135 
Car -1 -1 0 497.47659672512447 180.85422225489722 532.5210805642326 207.2262893026309 1.481891 1.5493007 3.628857 -5.656077 1.984437 43.490746 1.5965161 0.6172418101682573 

