Car -1 -1 0 241.66238192774085 194.15466157197326 432.842799796589 317.8752727737302 1.4763378 1.5678728 3.3910823 -3.8924603 1.8486613 10.904944 1.5858227 119.69365594310402 
Car -1 -1 0 657.1077524705454 182.4840027005819 709.6509435925824 224.81290144742044 1.3705605 1.5520474 3.7106318 2.5996385 1.743393 26.072418 1.5800799 66.87606533805571 
Car -1 -1 0 819.1809249039991 167.63433597924512 1023.1576005496474 229.6678932970292 1.5667892 1.72063 4.6632347 8.135604 1.4349554 19.110935 -0.011455878 97.56000476714165 
Car -1 -1 0 749.5980589626043 167.17978934636076 871.5744278571145 209.67638441918 1.6180758 1.6764674 4.322323 7.8695145 1.4020277 28.455162 -0.067602605 40.27763778654603 
Car -1 -1 0 405.84271884659915 190.28328008909975 466.7721133040277 234.7763298499459 1.445953 1.5957682 4.3780856 -6.4973745 2.163386 27.454374 1.490572 45.37178954759846 
Car -1 -1 0 794.4471948730953 163.28060453947563 946.2925160855214 220.40990187395136 1.6912742 1.6759802 4.073287 7.9607434 1.4078602 22.251842 -0.026274677 48.188042531347406 
Car -1 -1 0 1019.2830180513679 154.11412647620784 1118.944413409296 188.31704317353882 1.6071723 1.6286614 3.812948 22.118856 0.7265979 34.80696 -0.046668842 15.428859398689994 
Car -1 -1 0 314.4832172320554 193.99591699290437 419.7535580166423 257.06648526549014 1.4154807 1.531053 3.8546083 -6.383131 2.040884 19.415188 1.5727133 7.7338697097760285 
Car -1 -1 0 1065.4785738343803 153.30998982275736 1188.7010048136506 188.94513742987465 1.5149298 1.6653922 4.229911 22.568785 0.68407005 31.558218 -0.02439468 6.864341364435106 
Car -1 -1 0 985.032957015755 157.07999164675394 1075.908947997359 186.99369391159067 1.5440927 1.6242744 3.8414955 22.161188 0.7298659 38.07942 0.011886982 3.853250691068811 
Car -1 -1 0 474.60555916628425 184.15339123250433 517.0366903020875 212.38238785309375 1.4884523 1.5812391 4.15984 -6.5399323 2.1773365 41.866997 1.6293688 1.2117424754864543 
Car -1 -1 0 936.2115202245593 161.0928798675305 988.5757209327572 187.87843992219865 1.4734588 1.6309379 3.869732 20.330261 0.8264859 41.72587 1.7197886 0.5723415328421956 
Car -1 -1 0 746.5835134029265 179.9561262233511 815.0312531799206 224.12853564323606 1.4185455 1.6376281 3.7534313 6.004799 1.6899997 25.680029 1.5979702 0.32121166198307805 

