Car -1 -1 0 656.0270206060313 177.70119530505366 707.685317159909 219.95269963038282 1.5644349 1.5999949 3.917554 2.8512554 1.7735409 29.148483 1.5455124 57.72563240861401 
Car -1 -1 0 395.26114561588474 191.63570335974123 466.11100075065144 238.5124536646262 1.4502211 1.55881 3.5658326 -6.2505074 2.1624599 25.562977 1.5921412 51.66972186081303 
Car -1 -1 0 436.0666593808718 190.14568520164056 492.55963560991637 228.6609947269889 1.4610332 1.57055 3.9284027 -6.1901264 2.2545078 31.129284 1.5919657 36.27100221229998 
Car -1 -1 0 99.60017631770306 201.2548214909828 188.53069971476864 240.61942913775906 1.514288 1.5708668 3.6766303 -20.707458 2.8573287 32.272144 1.5839823 44.97877854352504 
Car -1 -1 0 475.7656273388985 181.5730377284523 516.3450353374279 215.76764100984482 1.7244377 1.6363392 4.148807 -6.1612196 2.2274623 39.53969 1.5541065 21.183947334312467 
Car -1 -1 0 51.507570625111036 205.61983702911124 143.82346600604077 242.59826462329227 1.426986 1.5968935 3.8250337 -23.426994 3.0220952 33.19549 1.5476657 19.427252569060556 
Car -1 -1 0 0.0 208.26734945364953 93.33083255981869 247.21271003758278 1.5031495 1.6709487 3.7040267 -25.826454 3.2197683 33.1093 1.5532798 22.22546791684395 
Car -1 -1 0 626.9876699058806 176.62135420778415 642.4665491076909 191.38342368019727 1.5421913 1.6137192 3.5120635 2.7422395 1.9593033 78.09121 1.6229658 1.7584777450842677 
Car -1 -1 0 513.3994442592513 181.83065656328833 544.4197027587027 202.38994356568668 1.4689897 1.5461233 4.288873 -6.2782655 2.191831 55.823048 1.254931 0.36771243810653687 
Car -1 -1 0 536.3578421861059 181.99194674846282 559.4143461109545 197.9164056735605 1.4815795 1.5829396 4.046408 -6.0903926 2.41502 71.61631 1.665088 0.9047467828045863 
Car -1 -1 0 162.11952766729826 201.5226014727549 244.58119384777638 238.95930288949555 1.4376397 1.587657 3.638503 -18.114452 2.796336 32.358955 1.5937834 1.13317703999966 

