Car -1 -1 0 821.5211283014772 194.35444952359512 1092.9719984507808 352.9276663609416 1.4279915 1.6072692 3.914992 3.9722471 1.7557447 9.017117 1.6025423 86.14573415008813 
Car -1 -1 0 724.7777368418206 182.8701232389291 808.320639987166 244.70723241367207 1.4869914 1.6097599 3.828844 4.2225738 1.7905626 19.92454 1.6093442 56.362847137417305 
Car -1 -1 0 751.7841843805955 180.41536503794583 882.5574697225878 269.0978633018697 1.5603235 1.5888641 3.527052 4.095255 1.733911 14.78178 1.5459822 80.03438523810007 
Car -1 -1 0 452.78159922633256 185.64244651816034 523.9735704164555 234.86721240192247 1.5009141 1.6414818 3.710033 -4.0904074 1.9756284 24.885387 1.6274369 58.66629302225574 
Car -1 -1 0 705.9719843386982 182.0161493211877 766.0199063358671 227.78656230344188 1.4506987 1.5843617 3.7050984 4.389935 1.7983084 25.497852 1.603032 30.343179194469283 
Car -1 -1 0 561.1620379416827 181.3731848554273 590.6030122880385 202.8269878207586 1.4476967 1.5274113 3.6251729 -2.3963075 2.085036 52.08641 1.6954445 12.713335311256461 
Car -1 -1 0 690.5981451258613 180.5202840832916 737.3022767045773 219.13377559129066 1.4863024 1.5428759 3.949909 4.3579655 1.832366 30.569477 1.6068281 11.91673400761723 
Car -1 -1 0 494.8688703377871 184.66854798514007 547.6088487412562 223.84617828495277 1.4960599 1.5291023 3.8021052 -3.6879308 2.030328 30.67895 1.6407924 9.802357894237847 
Car -1 -1 0 516.4142643606237 182.22997751134372 561.617440630502 216.1579557810037 1.5392646 1.5989287 4.0288086 -3.45255 2.0331078 35.940098 1.6388636 2.354765323399185 

