Car -1 -1 0 684.0279589982645 181.02208138915262 808.8361728069168 265.0775696041523 1.466717 1.6394327 4.3038416 2.7007933 1.663546 15.201187 1.5267127 87.98007648242132 
Car -1 -1 0 668.2300442949127 177.80431352774954 728.1592477190361 221.1756443351871 1.4044884 1.5465947 4.1758175 3.1021287 1.5969901 25.952255 1.5465642 49.96796039318172 
Car -1 -1 0 0.0 195.35923048565877 263.2180864478098 337.6579712810478 1.4344788 1.589295 3.960637 -6.423157 1.7283686 8.494721 0.06814699 62.70588687671456 
Car -1 -1 0 5.777738408568311 189.03837099897748 329.45886251545227 297.62694127913494 1.4833255 1.6053627 3.91223 -6.514095 1.747497 10.941416 -0.017083291 48.15858084680294 
Car -1 -1 0 124.42888585683068 181.00275781447596 373.9473277973835 273.62776690933083 1.5658937 1.5894387 3.8625045 -6.5487127 1.7272561 13.327536 0.08748692 48.576803942449075 
Car -1 -1 0 296.2863566447182 185.87623911518438 472.5288809881093 244.35161761073303 1.4294765 1.6058489 4.1330166 -5.8545876 1.7898712 19.015886 0.07370141 88.87446248162098 
Car -1 -1 0 317.67383390190656 180.95012334751908 466.2839160831727 234.56619966846836 1.5213109 1.6228263 3.97373 -6.424883 1.7734354 21.60233 -0.028325792 17.9035450637194 
Car -1 -1 0 642.0979976070053 173.0073542451152 677.4690574839871 201.00889659053578 1.6785185 1.6851646 4.0904465 3.1094213 1.6886066 45.370354 1.5057094 10.11556209818338 
Car -1 -1 0 346.2276545935729 167.95651485071926 473.4454647498667 222.37610664354315 1.7469497 1.6402193 3.7733006 -6.5692577 1.589733 23.991173 0.0045795245 13.601916971140481 
Car -1 -1 0 98.1547066943298 168.9841285099185 182.06033309598394 204.63165201737112 1.5030605 1.6245509 3.5200624 -20.865807 1.339889 32.231945 1.5063941 4.665023553323557 

