Car -1 -1 0 629.962372895031 180.04834489039663 680.4655662902456 216.75220207219527 1.4744723 1.6152924 4.2437015 1.9550035 1.815593 32.027008 1.4824952 47.08435889202986 
Car -1 -1 0 759.7437822973485 187.87614286346925 969.2736677091789 256.23731448206746 1.4287763 1.6001464 4.224902 5.729189 1.7918565 16.47237 -0.080310576 49.663929105478736 
Car -1 -1 0 806.3339789776087 186.1179651888312 1046.1370112092786 273.1606142491914 1.4907296 1.5750384 3.8364046 5.8455453 1.7570641 13.563644 -0.07256396 79.71791854726213 
Car -1 -1 0 939.4619772717308 192.27096669532384 1242.0 333.72157249443086 1.4713751 1.5788459 3.715766 6.1386447 1.7249005 8.578863 -0.028575841 82.94901841155523 
Car -1 -1 0 883.7296231344071 187.59905098378383 1184.9874311669394 295.4045697682686 1.4673606 1.5670116 3.7873735 6.3889794 1.713251 11.059761 -0.10224597 37.90925726731164 
Car -1 -1 0 44.59046800275111 178.34335495708572 344.0224933614634 283.3106498536615 1.6374753 1.6882132 4.122981 -6.9096212 1.7392516 12.369575 -0.08104838 89.61134553485886 
Car -1 -1 0 387.95068311853464 180.0779718003797 497.9310396021811 218.18778830347844 1.4586552 1.5881753 4.0027275 -6.610543 1.7565227 28.854168 0.052057873 16.984068726009603 
Car -1 -1 0 750.1001127555147 173.50180564727933 918.4999426896503 244.6636757731201 1.7616324 1.6739227 3.8530707 5.781866 1.7793952 18.831923 -0.060922112 23.414287848611202 
Car -1 -1 0 619.945675783805 177.44659708136285 647.7083391838572 202.14582444637506 1.5238211 1.5401402 3.720037 1.5492352 1.8356905 47.107784 1.5302532 3.7027297784952964 
Car -1 -1 0 141.31472773490887 160.38827330045424 391.74973588786605 258.5294584915257 1.905549 1.7035968 4.368828 -6.9450326 1.6635094 14.952726 -0.042135905 33.06291706206602 
Car -1 -1 0 446.1099407101248 175.63537541803765 523.6321331287152 204.87617614049987 1.5699873 1.6238958 3.9792166 -6.823004 1.7263381 39.729416 0.009495188 3.699580273884188 
Car -1 -1 0 361.33942645829006 180.85658853150682 478.91058960998055 224.1326563499262 1.5032713 1.5871987 3.8457365 -6.801761 1.8021774 26.154293 -0.0012498354 5.452420139532519 
Car -1 -1 0 391.1419097090685 154.6218451239265 431.62667787920805 178.52101343483153 1.7397004 1.6997737 3.8491473 -14.9222555 0.4125206 54.518288 1.6637366 2.563238070490993 

