Car -1 -1 0 785.4906237173693 192.20331297632782 1134.3464539626852 375.0 1.4295111 1.5534751 3.519308 2.8370712 1.657021 6.7205873 1.5754935 105.31150852174406 
Car -1 -1 0 712.3136681304239 178.1722991658443 840.4569448117373 220.8896984163647 1.4099709 1.5850639 4.0491467 5.76336 1.6029187 25.127316 -0.13093995 34.73231245599887 
Car -1 -1 0 212.6690836741971 173.54094339553515 420.4261901763443 244.54450800476891 1.5405991 1.6682421 4.0851383 -6.600935 1.5571699 16.538866 0.015924955 31.793525173323108 
Car -1 -1 0 635.1499495709153 173.18825636548732 672.0905037526765 201.51751277684235 1.5107503 1.6398947 4.201497 2.4304461 1.5305778 40.66479 1.5250795 22.547314896830994 
Car -1 -1 0 138.98078561486204 177.09273019841189 394.45299543899256 259.75120447883734 1.4959441 1.6370698 4.177721 -6.5059214 1.5833819 14.015737 -0.02397017 43.95071467913408 
Car -1 -1 0 0.0 171.81779517108234 325.4059703996612 309.269009518901 1.5739683 1.6190851 4.07668 -5.9643927 1.5621026 9.165303 0.04624127 73.33798170460717 
Car -1 -1 0 293.8005580384393 169.4147846392973 453.49770071066877 229.21061927124944 1.6718805 1.6956657 4.1321564 -6.796272 1.5757205 21.099976 -0.038099118 54.65000754885955 
Car -1 -1 0 739.7506909182621 178.7156035014559 878.2586441921528 228.56830558507332 1.4542196 1.5681711 3.7994826 6.073414 1.6420422 22.192852 -0.07667424 34.96965055063995 
Car -1 -1 0 857.4315622472242 171.22721007803085 1155.0982332821025 282.80068435437465 1.684762 1.6279101 3.961922 6.3129144 1.6601974 11.83445 0.06411956 64.84256220384823 
Car -1 -1 0 784.3772101695778 180.30805889336023 958.8545633415666 245.98875213796165 1.4662695 1.5553195 3.5799334 6.1537905 1.6526303 17.171995 -0.050694704 38.69608677991707 
Car -1 -1 0 816.945157020002 177.8818556889848 1050.830354404137 259.6239056338928 1.510906 1.5764153 3.901494 6.265061 1.6155026 14.222114 -7.467905e-05 19.31539008667101 
Car -1 -1 0 32.003889114554795 173.55285402811737 322.7025169326455 273.34196737623364 1.5103768 1.5874698 3.7736218 -6.8664265 1.5225146 11.731993 -0.0032276423 40.656078985954295 
Car -1 -1 0 713.8947709526925 170.4811167972945 827.9660237476055 218.43204272432212 1.7477624 1.6789078 3.8869705 6.0538907 1.6612731 27.30458 -0.0870624 13.18530563797651 
Car -1 -1 0 452.9590639285785 172.61176722556996 532.8300207860073 202.40398777974823 1.5084739 1.5951371 3.8098233 -6.0427 1.4962087 37.562103 0.12474203 7.422208222550117 
Car -1 -1 0 773.024335715688 177.12021133506022 931.3483870807535 234.04532944550087 1.4832913 1.5860049 3.8146625 6.6071196 1.6061994 19.863392 -0.06968708 6.017896202040339 
Car -1 -1 0 326.72900948772565 159.94717987278162 472.7705532937881 218.73509729990178 1.8397963 1.6479639 4.3059554 -6.7427306 1.435871 23.512615 -0.050562933 19.297907059867867 
Car -1 -1 0 431.6025731860096 172.37356410272645 517.9883241232837 205.3810949855446 1.5570264 1.6190039 3.85074 -6.4744406 1.5343632 34.90496 0.030947156 6.508506154985633 

