Car -1 -1 0 396.9843035070966 184.3144749426867 475.3777835564367 237.96282860906075 1.4587297 1.5949749 3.5735064 -5.23303 1.8396406 22.184322 1.5572702 60.55428973490104 
Car -1 -1 0 177.8120752813956 170.63317645927125 409.4969564035967 304.47862913249986 1.7730436 1.8529499 4.4580393 -4.8041067 1.7436244 11.791834 1.5657551 168.80414351483822 
Car -1 -1 0 153.862565973191 182.3943130209853 259.5584938996831 228.3402107453081 1.4818907 1.7204069 4.2737975 -14.56465 1.8595988 26.374142 1.5004382 23.5371807746625 
Car -1 -1 0 0.0 194.3380117895606 221.50122942421683 297.9414108416475 1.5294344 1.5765886 3.603908 -8.609202 1.9095361 11.890192 0.048924394 60.345849714203055 
Car -1 -1 0 82.38821602422375 177.64332263757726 208.099551088236 213.74997642079742 1.4565992 1.6473304 4.2794237 -19.426994 1.6638058 30.285887 0.05065541 21.980310063074423 
Car -1 -1 0 467.07512086296543 179.20047226750853 513.5188523263724 214.78533836280198 1.4938736 1.6046586 3.8804405 -5.384386 1.8010645 32.958454 1.5366875 16.908370420257828 
Car -1 -1 0 214.87189855369397 182.07286053453674 319.4725145843182 230.98378795901297 1.4052387 1.5441387 3.5343912 -10.963781 1.7209975 23.037804 0.64129335 19.97594244401974 
Car -1 -1 0 21.186692458303728 194.7620979921384 257.0825476846671 275.4791609306646 1.4643775 1.5703325 3.7834158 -9.340279 1.9319513 14.4913025 0.06594885 4.168575964985942 
Car -1 -1 0 331.6648008700244 178.36868812480898 418.91170037787145 211.64314417135103 1.4372348 1.5920892 3.8735204 -10.8303 1.7042251 33.317024 0.49146193 2.203755866296067 

