Car -1 -1 0 673.3529934925136 180.6815109494637 757.0857616440795 238.18843992223555 1.4808962 1.6122499 4.1401176 2.9987679 1.734684 21.275763 1.5053732 67.69567426656683 
Car -1 -1 0 766.5074897156311 187.82240014822708 1011.7599461571384 342.06329576523666 1.4192812 1.5797515 3.9403944 3.1523974 1.6471766 9.004666 1.5844789 124.71422856815258 
Car -1 -1 0 720.8774639812226 182.64102782410964 840.690540069843 273.40076853417327 1.500534 1.5845239 3.6932654 3.2150702 1.7185434 14.202506 1.6013818 87.79956426467382 
Car -1 -1 0 381.24721680554217 175.9318103577087 530.4386341173778 227.5438649575123 1.5148735 1.6570163 4.3013244 -4.6411295 1.6138699 22.25009 -0.060906164 58.085322491141234 
Car -1 -1 0 0.0 179.6090917799317 414.8018802519562 364.465374531249 1.5864315 1.6651053 4.072138 -4.2327313 1.6635354 7.2500143 0.07651468 62.84853592912909 
Car -1 -1 0 656.2267108420889 180.91302667815037 698.226157298501 214.7311850077394 1.4374775 1.5867445 3.7666442 3.0825183 1.832175 33.45302 1.5687901 17.05676275146496 
Car -1 -1 0 99.34503225008042 181.8126200816668 426.8544513219111 307.33549914186153 1.5203716 1.602913 3.7275903 -4.5779653 1.6543984 9.835541 0.0863145 31.911544821302076 
Car -1 -1 0 432.54266238471064 172.01144046378008 552.3492240945673 219.4350211955534 1.779273 1.7384962 4.3605437 -4.4632883 1.7476611 27.945728 -0.0024290879 40.398063791187916 
Car -1 -1 0 468.08810517216693 178.73342838745054 560.7043147923814 213.56693524434294 1.5112336 1.6244322 4.0136747 -4.2299976 1.7835178 32.511963 -0.045901746 13.093520244916636 
Car -1 -1 0 640.1980658517263 179.69388368265763 671.7136039266977 206.08297703866162 1.4848828 1.5912471 3.877421 2.7591763 1.916346 43.563362 1.5542526 2.2557133050342353 
Car -1 -1 0 492.5707626791536 174.58348144325467 573.9124049782071 208.0473954711467 1.7992324 1.7143862 4.195857 -4.208679 1.8980725 40.075256 0.14986885 3.8321508736274295 
Car -1 -1 0 671.9981601415243 178.04099391867376 720.9615198057459 222.08785522132393 1.5856342 1.6385851 3.7830627 3.3505533 1.8033407 28.356323 1.6176019 0.3531416356563568 

