Car -1 -1 0 52.0078841972168 206.27045389416125 191.37902020195384 264.2847442463584 1.4894843 1.6515697 3.7834513 -15.179309 2.6313758 22.71095 1.6411608 86.62808485815923 
Car -1 -1 0 705.060073469451 180.0512888484058 781.7576627975676 241.46367244260492 1.4666147 1.5900738 3.445683 3.5063028 1.6777622 19.406054 1.6226978 99.3956987276621 
Car -1 -1 0 785.86709280773 177.5162223476259 981.8592416801511 309.1331123915292 1.5028353 1.5957156 3.7359715 3.6523933 1.5817341 10.292588 1.638981 111.74067601575696 
Car -1 -1 0 189.99120522947476 195.5744746211219 266.29452244389904 224.15425460337465 1.4993079 1.6578996 4.144896 -22.95824 2.9423943 43.606544 1.8551993 14.222965476217968 
Car -1 -1 0 411.2711644053466 189.4050706772087 468.3135676182928 208.2100169035792 1.4266307 1.6287386 4.311322 -13.974152 2.8289826 59.434135 -0.469065 14.727517602334489 
Car -1 -1 0 695.0883311339452 177.80057415570897 764.6270783267569 229.10350301077736 1.5317434 1.6267871 4.0310235 3.8959386 1.7097621 23.949406 1.5683255 14.62195628129622 
Car -1 -1 0 273.8502998077043 189.11274991279294 337.1636903130995 214.3676211081677 1.5567805 1.633254 4.145858 -20.81585 2.7239876 49.571884 1.9154925 5.17767423129057 
Car -1 -1 0 334.07511247171635 190.67150952315527 388.4688972705793 211.39011225703743 1.4065785 1.563605 3.8611877 -18.744366 2.8064575 54.618355 2.0617862 12.475236308812951 
Car -1 -1 0 567.1363425769921 180.66173087637134 617.2073985080862 200.8406173821718 1.5654584 1.6223167 3.7615993 -1.4216202 2.218737 58.78702 0.47736236 9.918389598476242 
Car -1 -1 0 466.9390882178829 186.92918032522525 487.9689755820455 203.94462618909398 1.5597323 1.6470759 4.2257032 -13.133666 3.0048127 71.906876 1.4899142 0.7468220001365792 

