Car -1 -1 0 182.99906115773067 194.9705899968365 266.54915333614565 235.46698237946748 1.4263346 1.5654858 3.3777084 -15.343698 2.365786 28.955854 1.5653737 56.3612974944206 
Car -1 -1 0 65.86040212665642 199.00375392611886 195.88575691866856 252.55910917703977 1.4340161 1.6317205 3.9001126 -15.212296 2.3457608 23.196278 1.5570785 54.9438037157115 
Car -1 -1 0 498.8778981604043 179.41176255800494 577.8164424269962 234.06105835509132 1.4502559 1.6873384 4.4479113 -2.0498128 1.6705905 21.968357 1.6366384 74.0408415845642 
Car -1 -1 0 923.8046608888095 154.2128959955882 1200.5902952980166 246.270035234461 1.7609339 1.773639 4.6043177 9.118046 1.4043536 14.7782345 -0.03910838 137.41568118957656 
Car -1 -1 0 707.7853731114797 168.36791898817108 747.0734855822697 195.8554685303568 1.5859609 1.6708276 3.879153 7.0678506 1.3271253 43.586117 1.5516096 17.799387269943043 
Car -1 -1 0 768.4954951094808 165.6856421844479 808.485262192439 189.79383051042745 1.5949359 1.716537 4.2634764 12.307673 1.1206955 49.869034 1.5733808 15.10926106898462 
Car -1 -1 0 579.5881365098762 172.48791743064328 613.7390761271948 204.4055022831106 1.6383071 1.75334 4.2399817 -0.6962874 1.6195161 39.169975 1.5545495 13.873725715401465 
Car -1 -1 0 387.1619070778529 184.69420187678244 421.3220959671541 210.25292932739106 1.5470617 1.7090237 3.8198872 -13.486486 2.360674 47.562878 1.4168603 6.144518690965214 
Car -1 -1 0 30.16828651501801 188.51246282889758 86.06257283188016 211.62986104557484 1.5175785 1.639524 4.0638795 -39.999332 2.7025666 52.446533 1.3628334 1.8223701692442085 

