Car -1 -1 0 678.9357677076775 177.90405922482103 746.2069864101168 224.95906492692654 1.4273498 1.5347273 3.47439 3.3557348 1.6081946 24.054234 1.504275 62.707872752076526 
Car -1 -1 0 632.1243253584865 174.73419844352733 681.9539698212909 208.58484437981673 1.4853929 1.6494898 4.058328 2.1712275 1.5794992 34.00494 1.4581476 25.451188388232676 
Car -1 -1 0 79.04213517795328 180.52324116799696 433.43042501000605 308.97633184806676 1.4987513 1.6527994 4.243819 -4.851547 1.627034 10.346724 -0.4863605 96.53408481199392 
Car -1 -1 0 275.56208608530505 181.22735679671467 485.13030244946765 256.35376517171045 1.4246502 1.6009818 4.117792 -4.9754744 1.6292841 15.856207 -0.56408006 50.43650418830827 
Car -1 -1 0 336.49920185314596 178.8088443646438 507.04539662895286 241.34083837281563 1.4667096 1.6111188 4.0580573 -4.894335 1.6368513 18.930347 -0.50410837 25.321848771670695 
Car -1 -1 0 390.10843817594724 176.70013154388684 522.5000039960757 226.05970557837782 1.527946 1.634611 4.072511 -5.128685 1.6656643 24.212328 -0.45144698 25.05307267362305 
Car -1 -1 0 617.7864468056783 174.2016309093697 656.6799360401751 203.99437607244673 1.5207102 1.6029494 3.733653 1.4456098 1.5970585 38.941273 1.4722203 11.38676599129336 
Car -1 -1 0 420.32194465192117 170.34724149019414 514.6569578741577 211.49299332682472 1.6038691 1.5825032 3.4781973 -5.83409 1.506155 29.705591 -0.54659456 16.18527820503894 
Car -1 -1 0 711.2744750549429 144.4529662579384 897.8893841292098 287.4804279829371 1.9831152 1.8770895 4.8368044 3.0475802 1.589327 12.42923 1.5637989 3.4812025284519907 

