Car -1 -1 0 45.61546343690911 189.4062165827757 192.518738297907 248.1001134553256 1.4807197 1.6375645 4.0261984 -14.316151 2.0171146 21.362255 1.5621935 80.05115945536433 
Car -1 -1 0 671.4349821452387 182.51022878237265 750.2887937738467 240.7043802733429 1.415092 1.5779599 3.8541079 2.7226257 1.7105775 20.135067 1.5482357 74.15048181742758 
Car -1 -1 0 732.929800360227 194.29875960289561 1007.6885380791055 373.4039557622995 1.3955524 1.5980009 3.9832854 2.5518937 1.6959596 8.10466 1.5563927 99.10533624652504 
Car -1 -1 0 223.72227387836563 187.3033884888174 305.6140457970905 225.11400514746978 1.4068916 1.6525949 3.9880521 -14.422033 2.0563679 30.41179 1.5378615 32.95903474755528 
Car -1 -1 0 705.8304202903208 188.88874706786038 838.1528097013261 286.60508372447117 1.3666029 1.5740116 3.9551713 2.6870375 1.6945193 12.752132 1.6053293 58.125544455809745 
Car -1 -1 0 575.407789235062 172.95256655956115 635.1029434913951 230.7198366525789 1.6858002 1.7427436 4.340728 -0.12802607 1.6892707 23.235102 1.5696834 38.30671179085816 
Car -1 -1 0 367.56443697889574 181.66374752035074 412.3040482156763 205.79431513665622 1.443326 1.5902636 3.8555703 -14.107596 2.035457 46.541153 1.6075394 22.48742862023371 
Car -1 -1 0 641.1617521469724 175.99123310776227 678.5317803585234 212.22403307607547 1.5938768 1.6607211 3.9841788 2.3524337 1.7511232 34.129192 1.6278753 22.366500774294114 
Car -1 -1 0 409.5853714813025 178.89800425424002 448.67641025043974 200.42070140617037 1.5828354 1.7197274 3.9089403 -14.013185 2.0709682 56.239864 1.6757867 2.6642660956085367 
Car -1 -1 0 630.3098512746269 175.7573994780465 655.3942530414258 200.77571221794844 1.6339028 1.6547226 4.014115 2.3110993 1.8419368 49.64897 1.627378 4.750898766687175 
Car -1 -1 0 661.5670798807743 181.91837217536946 725.4326925515057 228.42267174444387 1.4153781 1.5801058 3.697519 2.779381 1.7478285 24.579222 1.5230749 0.6856037956821137 

