Car -1 -1 0 684.354859787905 180.81276110986138 821.4117612356886 269.80834940663607 1.5064352 1.6235764 4.317823 2.7485232 1.6945318 14.831766 1.4842517 111.53475055477224 
Car -1 -1 0 782.0890670978988 188.4692741766276 1090.8030075624529 375.0 1.4321524 1.5776639 3.7768393 3.0671475 1.6389178 7.6630545 1.5740724 94.49848877835603 
Car -1 -1 0 655.0116494306421 180.06403784160463 710.2026452267313 223.26089046172368 1.4495697 1.5845366 3.8304718 2.6395102 1.736563 26.789112 1.5497522 38.3953633910119 
Car -1 -1 0 272.40253481627843 175.6608606563959 490.0695926228055 249.36565960155554 1.4878006 1.6444098 4.226131 -4.7941256 1.5523446 15.615555 -0.07404939 98.03855335186473 
Car -1 -1 0 674.3232560122731 175.9791727144239 746.6442135114941 233.51460393696382 1.5603558 1.6335942 3.985912 2.9464133 1.6633279 21.779451 1.5729582 37.540609785321564 
Car -1 -1 0 416.21101436596933 177.6422129226079 537.500430184089 221.91556242615619 1.5156537 1.6389848 4.100379 -4.673701 1.693341 25.839695 -0.057568133 23.95447231989083 
Car -1 -1 0 639.8475157467694 179.57867336670733 674.7048255020145 210.96504142195252 1.4968417 1.5615679 3.576939 2.4016035 1.8580874 36.969448 1.5742862 8.933331338899619 
Car -1 -1 0 369.8521490963689 167.19407503166877 524.4404116257747 232.86580735896106 1.8504329 1.7161132 4.219858 -4.6898603 1.690953 21.29329 -0.050038226 71.77801847084456 
Car -1 -1 0 458.4924694933985 173.14687046602756 552.0708716823115 213.1089484376748 1.7920928 1.710071 3.991469 -4.791943 1.8060997 33.440845 0.109468855 10.89501129652804 
Car -1 -1 0 636.810096122236 175.06020449932106 666.975734860698 202.5099213544104 1.7108796 1.612416 3.5533524 2.7254238 1.8603435 47.072445 1.5277712 1.947063047245403 

