Car -1 -1 0 947.1928828172257 174.59796301102185 1242.0 337.18363068617066 1.4938354 1.6049771 3.815292 5.6386065 1.5193899 8.622049 1.6284537 102.37982966863923 
Car -1 -1 0 265.97600723018456 189.1373863087337 387.81861670056855 228.82041214051577 1.4287444 1.6759284 4.4456496 -11.405932 2.1266515 29.171335 -0.47002548 50.846825607451 
Car -1 -1 0 646.0083607702618 170.28600521138875 683.2170004620706 198.99616951308914 1.6488976 1.6628819 3.8399544 3.2651572 1.501411 43.41863 1.492857 9.06524769060517 
Car -1 -1 0 1049.148820357528 150.76867147792706 1221.271102860381 199.91985085554458 1.4909414 1.6353071 4.170727 16.538752 0.82100964 22.861591 0.07649154 36.53543577878685 
Car -1 -1 0 72.23888487613229 193.3829906307967 207.5536049907385 241.00063357514526 1.4036961 1.5503527 3.5983012 -16.09266 2.167162 24.889843 2.1020503 39.11492830330248 
Car -1 -1 0 465.155241700168 180.48932787964333 557.5731914506314 220.6096607528112 1.6356094 1.6437984 3.7581277 -4.3137217 1.987251 31.627695 0.48443282 67.1711831177743 
Car -1 -1 0 979.7516418354114 151.13824013079466 1106.9594638393023 199.45369734567768 1.6507559 1.5973485 3.522375 15.290617 0.9088106 25.567198 0.06711598 37.46820921552923 
Car -1 -1 0 428.4855007138109 183.15571596554193 476.0006663223983 210.28446299839032 1.431762 1.7178717 4.458569 -9.091118 2.0639138 42.030914 1.5899875 29.175675393155494 
Car -1 -1 0 171.2736021517493 185.81056116389217 287.7310520554848 229.43144396701112 1.6203089 1.6529099 4.0070224 -15.675495 2.1909332 29.859344 -0.69537055 31.95487986401453 
Car -1 -1 0 23.47805979539885 193.53246967203322 156.8535640624934 238.88687446570313 1.4267752 1.5701026 3.6844137 -18.888205 2.236865 26.354364 2.2750044 15.427488426447905 

