Car -1 -1 0 658.9748065876082 200.86385188732422 794.4918983021314 288.4644631722995 1.4190038 1.5769107 3.6338449 2.532582 2.0743325 14.91375 2.0949187 115.44823700274566 
Car -1 -1 0 169.85999792397448 189.72769556358415 360.5192410910278 265.3318756574676 1.4407529 1.7006221 3.9739945 -7.8432717 1.8857498 16.87085 1.9175826 91.97579368626376 
Car -1 -1 0 743.858031669669 196.8630492497738 839.8303178220502 264.39683068502194 1.4959505 1.5997648 3.8076935 5.0105705 2.2130098 19.496239 2.0749938 65.80709324864054 
Car -1 -1 0 89.83309859580669 189.89759229131195 284.8018344776956 259.3530338704201 1.4092307 1.6242545 4.144037 -10.27515 1.8858006 17.953026 1.8923873 45.04870868418256 
Car -1 -1 0 18.137324003526736 192.05376787930217 190.46252927772375 256.3922039074605 1.4057682 1.5176964 3.4301515 -12.965497 1.9544153 18.749588 1.9035624 56.43237368781808 
Car -1 -1 0 1075.0207312117907 195.2753197072916 1232.4435004486584 244.2021916655021 1.5118864 1.6359904 4.0427146 18.69859 2.33244 24.996944 0.31811813 31.4560710837495 
Car -1 -1 0 1128.131101748543 197.98512722909223 1242.0 258.25557682091926 1.4935207 1.5913682 3.7167878 17.09373 2.248582 20.33812 0.32033175 21.560104749538795 
Car -1 -1 0 0.0 190.93233126152654 152.40531288788122 253.91916837639448 1.4359127 1.6011076 3.8532362 -14.89187 1.9825146 19.730816 1.929313 15.063489624143124 
Car -1 -1 0 818.682685921008 184.37473714081412 867.7921920045828 225.43445173952642 1.7412653 1.694169 4.2189054 11.110006 2.3226447 34.14205 2.0099535 12.979564724442378 
Car -1 -1 0 981.9342255047343 191.58336957602162 1065.536740241034 220.03991612342935 1.6088011 1.6694367 4.102602 25.075218 2.7800167 43.81534 0.24371351 3.4927552571359213 
Car -1 -1 0 958.7660339119127 192.30309242761726 985.1541768782187 215.9676456436502 1.5462468 1.6212535 3.7169185 26.386074 3.0155637 52.488754 2.0617275 6.449016034057729 
Car -1 -1 0 1043.1463559413796 190.76897791893552 1163.289930104325 232.59745908461286 1.5725749 1.6059691 3.7819998 20.17926 2.3428888 29.660307 0.32490158 0.8886949211733471 

