Car -1 -1 0 443.18558788541714 179.8571091525623 526.08996953548 242.29325521554966 1.4948049 1.6253586 3.604429 -3.2696705 1.7014325 19.48426 1.5675893 81.42010147576218 
Car -1 -1 0 724.623687859789 184.05869152705927 935.3343605179823 328.42348941806216 1.4392865 1.5906441 3.953426 2.607839 1.6173685 9.4846 1.5790093 108.08463970340163 
Car -1 -1 0 679.0150279313087 176.2756745339314 793.0027280896544 263.5754775732438 1.524279 1.5955389 3.6329737 2.4121242 1.6020879 14.574857 1.5496819 83.73688286752466 
Car -1 -1 0 145.21550094512716 187.34232796593759 375.7622379962437 265.33585335102794 1.4419262 1.5743127 3.904385 -6.929231 1.7547495 14.634731 -0.08193149 119.68169349740774 
Car -1 -1 0 298.3052990308867 176.16068901036348 453.0341704806383 230.87096285555555 1.6960227 1.743335 4.470276 -7.4921513 1.8076973 23.424881 -0.032187864 24.73830781311329 
Car -1 -1 0 222.63751706191428 171.46648774071235 413.84686659874905 250.17509586056988 1.8122146 1.6922404 3.987405 -6.9684997 1.780268 17.575584 -0.05922605 71.49255638447033 
Car -1 -1 0 662.331745485752 177.39410736835796 741.2403549205061 238.9790968972423 1.4417113 1.5567904 3.5588923 2.325535 1.5722268 18.94895 1.5526597 26.760811268508185 
Car -1 -1 0 644.885511191405 177.48307770377346 703.8266876730811 223.84786706618678 1.4647334 1.6211191 3.7012348 2.1739116 1.637378 25.039173 1.5447601 18.000133977464568 
Car -1 -1 0 634.0289501786427 174.73083996873518 679.2451071971599 212.88806736669034 1.5196338 1.6186742 3.5857182 1.9489406 1.6042563 30.723124 1.5497936 18.608018352780718 
Car -1 -1 0 363.1439063646087 176.2741930577553 476.9690605845135 223.6360734327599 1.664413 1.6425954 3.80006 -6.8719697 1.7943444 26.45293 -0.07314938 4.483774169603858 

