Car -1 -1 0 0.0 186.03889560092986 146.19815722223882 287.7048224378099 1.6779089 1.7181468 4.3460817 -11.23597 1.969399 14.162104 0.49589726 67.76607601851457 
Car -1 -1 0 166.82429812291315 190.44886989678216 267.27368688244815 236.11929395767132 1.3940558 1.6007396 3.4604228 -13.53035 2.0482314 25.093346 1.5747488 32.311744317398116 
Car -1 -1 0 583.9746970348506 171.00060873762942 653.8119099727824 209.0735295529801 1.5490649 1.6623168 3.9502842 0.333647 1.4736562 31.499596 1.1906731 15.970437393551538 
Car -1 -1 0 459.1428728193239 178.08593709012086 551.9544646199608 222.79818652914312 1.474126 1.7090623 4.3080673 -3.917832 1.6833587 26.587318 0.98646533 32.67463564341056 
Car -1 -1 0 531.0502086453085 174.36721026898672 605.8792583905075 213.9331837513461 1.4765829 1.6500859 4.047956 -1.7445303 1.5425618 29.277468 1.1346846 25.62678777780989 
Car -1 -1 0 300.6026829529351 184.44129514253277 382.3020829672629 233.65970974806797 1.4642155 1.6871461 4.1324434 -9.029816 1.8942804 24.629051 1.4531003 21.081665323870716 
Car -1 -1 0 270.62899526833166 195.00777527501336 336.09340626992065 225.70183039223366 1.5236812 1.6163805 3.8211672 -17.209705 2.8364577 40.7415 1.7309246 7.523633015308943 
Car -1 -1 0 1167.5933432396562 153.9653858787739 1242.0 192.21080585118267 1.5296663 1.7085819 4.4232473 25.930668 0.7741959 30.420687 -0.35064945 10.283651496421074 
Car -1 -1 0 116.47345115552473 191.31259276511142 214.37198373058388 234.68441983256338 1.3942463 1.5767533 3.5145292 -16.203085 2.1186938 26.52134 1.517195 8.736456797746294 
Car -1 -1 0 384.61249746229396 190.59293371418406 459.39117607964346 223.04395748622537 1.5133138 1.595137 3.897671 -9.816725 2.4998486 38.032925 2.0613704 6.194233664461149 
Car -1 -1 0 426.1275921684651 188.0012705620536 492.86749237427557 220.95085103055376 1.5165365 1.6345923 3.8565006 -7.6684504 2.3417292 37.219 1.8999898 4.670188371923484 
Car -1 -1 0 1058.4222100780896 158.37268430137703 1126.5678223452082 181.81394838859518 1.5358944 1.6433448 3.929393 32.94113 0.58706427 49.344173 1.4151497 2.1516389062289667 
Car -1 -1 0 905.5647438490944 161.95013861247796 927.3072700415614 180.65828287358806 1.5220717 1.6108024 4.0000057 25.905964 0.6349466 60.857903 1.9921985 2.1697531030896844 
Car -1 -1 0 877.5967126109053 165.69871544894013 907.3856254900606 188.4551020796099 1.4910166 1.5957017 3.8374524 19.379696 1.0221964 49.350048 2.0243723 0.34495270252227783 
Car -1 -1 0 782.9022380977818 160.10884450908483 809.3486123341208 176.06608550700963 1.4188474 1.6314604 3.791606 17.146431 0.28560412 66.21762 2.0231047 1.466330845829864 

