Car -1 -1 0 536.0944983035548 169.09642964697136 607.0578594737448 200.68226251457415 1.4291527 1.5637584 3.4502873 -1.7702981 1.2591351 34.502045 2.2000525 54.591929179577285 
Car -1 -1 0 613.5144937523668 165.70504924931177 743.6157993076596 212.8659254951848 1.6049101 1.716647 4.443347 2.4268558 1.3616273 25.609615 0.090358675 118.44916194881381 
Car -1 -1 0 771.3142612734392 163.1698511982235 902.6936361167076 207.20093895546503 1.5105926 1.6443549 4.138995 7.992878 1.1783544 25.58986 -0.0065769404 90.03038115925276 
Car -1 -1 0 1057.641894660848 153.1198735482579 1212.5595609452396 198.20587059698795 1.5014095 1.6384833 4.1038795 18.069912 0.84424293 24.943945 0.047627978 34.19117975199524 
Car -1 -1 0 908.605123847904 154.9002142519907 1053.9563570699688 201.74434999067705 1.5861983 1.6741879 4.2299604 12.93675 0.9782616 25.2739 -0.0022123419 106.00254462335722 
Car -1 -1 0 900.3619820496169 154.98985269723025 941.8410373174097 187.93785683486473 1.5190816 1.6338607 4.3083735 15.398195 0.6954474 35.55868 2.0354028 10.142472873764893 
Car -1 -1 0 589.9331326791383 165.7642451148032 668.4884175488738 198.43829734071463 1.4719117 1.6619953 4.220069 1.0105108 1.1525298 34.695324 2.2064948 28.33385020602777 
Car -1 -1 0 264.56543746253993 178.2347564689487 360.8600277850368 214.73269540566008 1.552665 1.5794289 3.6136935 -13.081169 1.7974997 31.900452 0.079614274 9.635792639287764 
Car -1 -1 0 723.1172028749719 159.73290657052624 792.3245990406236 194.61230141085997 1.5363297 1.6246912 4.0197334 7.010187 0.9583859 33.87719 2.2136164 7.269203494309469 
Car -1 -1 0 954.1895858008523 153.02198199918774 1063.1487995858706 191.06499583557962 1.5190868 1.585387 3.6818175 16.51538 0.72717893 30.022982 0.24241684 0.7096243087217413 

