Car -1 -1 0 324.1959931961497 180.5804904142731 418.5413397443726 233.68210490469335 1.4085697 1.6652282 4.177552 -7.0857635 1.6657107 21.88581 1.5214635 57.168892691632394 
Car -1 -1 0 0.0 190.24026525955335 233.88568275462055 354.49003422902547 1.510838 1.5881824 3.4608123 -6.108921 1.7677959 8.8431635 1.4372972 89.49330237502119 
Car -1 -1 0 614.8992733094732 169.2433389923737 718.4820687864436 208.82480750089454 1.4596677 1.5749472 3.7091334 2.218849 1.3265152 28.157255 0.4751946 79.6146315259095 
Car -1 -1 0 180.74295780145872 186.58460878729375 354.18653049088186 279.4246006625809 1.4602839 1.6355876 4.3195777 -6.4745607 1.7729478 14.217065 1.4983816 67.60652153100868 
Car -1 -1 0 542.2088523580979 173.8389364151225 580.3884623815737 205.11955609916456 1.4821703 1.6373515 3.972562 -2.483708 1.5346992 36.400524 1.431249 16.17845815369837 
Car -1 -1 0 465.4091031696875 176.0787711060014 498.9811191365156 200.14034109208842 1.4462506 1.586018 3.9507036 -8.057566 1.6604052 45.911617 1.5311755 15.717594760369593 
Car -1 -1 0 441.9116869996861 176.7434062642053 481.73362899894136 206.4773319913918 1.4852296 1.5608628 3.5980163 -7.8037386 1.7019216 38.360813 1.5167611 13.944607766675885 
Car -1 -1 0 704.372733951486 159.09156593332727 777.3160487931691 188.38501979206671 1.5509477 1.5843198 3.6671884 7.219375 0.8222927 39.692112 0.43430346 5.675324712513383 
Car -1 -1 0 1080.806099388412 152.66331397445728 1154.0445570379702 177.91946503063159 1.6036123 1.5935442 3.6323977 33.573822 0.32162604 47.78311 1.0408897 1.1765808765800174 

