Car -1 -1 0 916.8395569399289 158.287193960655 1081.1386523962071 229.92123940870752 1.4467403 1.6900942 4.370285 8.816123 1.1525451 16.805676 1.632802 77.56648333126067 
Car -1 -1 0 538.671547460434 174.97719521122426 660.9120481553626 229.4192371278371 1.3925815 1.6555786 3.9496586 -0.1749678 1.4598284 20.737152 2.122221 77.65930143117276 
Car -1 -1 0 1004.6529463507807 158.6341864577423 1188.7451696663022 223.93878773140963 1.4357665 1.6492887 4.044184 11.861602 1.123134 17.939106 1.4996401 53.963201485008994 
Car -1 -1 0 690.6389684555969 173.2617071446059 775.5569887889984 235.36625887869099 1.3430796 1.6223574 4.1550198 3.1611748 1.3544228 17.854023 1.8509817 39.16395999872622 
Car -1 -1 0 150.71692543536162 176.86496612647238 248.57622717453853 244.70740318004906 1.7116002 1.7858931 4.430424 -11.876229 1.8397545 20.764154 0.8991184 86.154145094579 
Car -1 -1 0 494.4038143976029 176.49771191280104 606.5778334462415 223.77765659165905 1.3652986 1.6165622 4.166664 -1.8024659 1.4946394 23.394999 2.0650306 38.8136388878524 
Car -1 -1 0 1069.1934772818997 155.41841212666395 1242.0 217.8333810699771 1.4590845 1.6361346 4.155184 14.449172 1.05149 19.033321 1.4413298 43.30754610398775 
Car -1 -1 0 457.37420322719277 177.01534158497756 564.8568464818657 221.27635450738148 1.4109392 1.5991192 4.139408 -3.3891397 1.5712924 25.608738 2.0858846 22.62817028311987 
Car -1 -1 0 412.5951315681695 176.6492851703082 508.3215917409004 217.93750831753457 1.4238616 1.6318034 3.9614334 -5.564706 1.5793524 27.418869 1.9580622 12.54498524267801 
Car -1 -1 0 742.244522403595 181.04250663499582 829.9542625252088 217.55732084786024 1.4879367 1.6146853 4.008854 7.8836484 1.873026 32.082123 -0.6451614 16.888094845211235 
Car -1 -1 0 383.17570040428916 180.7630724164377 466.37666469062555 218.35536913456815 1.3959198 1.5697803 3.8061671 -7.5153728 1.7439827 29.704342 1.8661523 12.779195661999223 
Car -1 -1 0 791.9704629892618 177.56341121099456 882.6750694647778 216.78551946095976 1.4917076 1.6249794 3.9442852 9.425929 1.6979748 29.745203 -0.6660699 17.856089006895456 
Car -1 -1 0 847.5414181961855 176.22606506267402 943.3218770643659 217.40844761148193 1.466903 1.6347723 4.0610857 11.100943 1.6062493 27.914555 -0.6704596 11.937562160497398 
Car -1 -1 0 614.1655236950241 158.82703468698705 675.9772304569794 183.95460296308414 1.5176134 1.6257325 4.252182 2.1994152 0.67043567 45.7799 0.94900954 4.274716485587514 
Car -1 -1 0 667.9976996457731 180.40794036757632 751.6413789716908 212.98126097294474 1.4927323 1.6295089 4.0571117 4.9908237 1.8857148 35.722214 -0.5974311 4.298283795347868 
Car -1 -1 0 643.3244680359694 182.82347889897272 725.5012104309825 213.53042567839597 1.4816847 1.6353883 4.019789 3.9072342 2.0233898 37.548798 -0.48251477 1.9618188676359969 
Car -1 -1 0 299.5152015108629 177.84871401216824 383.729289407301 208.07449462433271 1.5402557 1.6423075 4.002142 -14.526243 1.8241842 39.193607 -0.6129201 1.4721230582682148 
Car -1 -1 0 901.9986946560718 175.591004860381 998.4040646977519 218.89357117731413 1.4325225 1.6287593 3.9679775 12.321766 1.5383773 26.007717 -0.697075 0.25351056456565857 

