Car -1 -1 0 427.66190567957216 182.7706448863657 655.294708507712 331.84406182021394 1.441353 1.5925534 3.7290504 -1.0743597 1.5964448 9.264804 1.0799251 105.67242302395053 
Car -1 -1 0 88.52882021697121 179.14886954972533 166.6234868642737 236.47430852152422 1.4468803 1.6216478 3.6832895 -13.686548 1.6444964 20.65107 1.0471947 44.26290791625327 
Car -1 -1 0 499.0520553342158 179.22171455969197 687.0974216492964 265.0151875639215 1.5245315 1.5694066 3.514667 -0.29877627 1.6680887 14.663177 -0.5649185 26.6406927092767 
Car -1 -1 0 376.0174068539242 178.22469898854314 491.15479576237556 222.64923975111873 1.4966617 1.6009393 3.7865727 -6.4054728 1.7050141 26.34869 -0.52602535 18.838233846097616 
Car -1 -1 0 435.31724167083297 176.18602063200743 585.1265628227675 241.0075131414227 1.5993497 1.5995412 3.700321 -2.6722317 1.6973654 19.597452 -0.5318192 20.139793140616742 
Car -1 -1 0 335.18796199397417 175.77910883906824 434.7675018278165 210.96458366409408 1.4872522 1.6126335 4.0114784 -10.098838 1.6261661 32.526882 -0.5525828 9.85526773318807 
Car -1 -1 0 389.0921983734756 181.03341948503743 512.8503509456981 230.19486195798376 1.4658529 1.5644484 3.6650853 -5.168056 1.7506932 23.578188 -0.4868437 10.64867942220941 
Car -1 -1 0 423.6916695029908 177.90817552815003 618.055602941186 257.3431117718083 1.6159678 1.6634862 4.1906896 -1.996539 1.746608 16.78318 -0.59805363 14.225037909772107 
Car -1 -1 0 361.2192698894481 178.49621879643493 468.6471454748091 219.03002260983627 1.4730545 1.6111386 3.8245926 -7.6012416 1.7057838 28.208073 -0.44756955 1.4400127763500463 
Car -1 -1 0 320.86010212225824 172.7260701797371 370.3269479256592 205.71242047803486 1.5085337 1.61934 3.747978 -12.854648 1.502683 35.0241 1.0427804 1.6805663276783938 
Car -1 -1 0 244.4240280611082 177.01153767072162 268.904427118084 197.87990521531566 1.5612622 1.6564219 3.900455 -27.814247 1.9015732 56.943123 1.1362847 1.139959673440151 

