Car -1 -1 0 326.48829335963416 185.79956219620922 412.1194934379174 231.26799240942142 1.4120579 1.6296011 3.9085307 -8.380017 1.9052367 25.51086 1.5998513 75.57267418006973 
Car -1 -1 0 7.622637505915038 188.17460915444286 241.0260088933861 271.38404302217384 1.4018087 1.576679 3.6803362 -9.8086815 1.7600698 14.880831 2.0761623 54.21369458106098 
Car -1 -1 0 45.04668905313088 190.12803459219424 353.1970259149102 347.69691727887044 1.5294707 1.6700563 4.2999716 -5.0165944 1.8114367 9.626569 1.5693712 102.96098169978346 
Car -1 -1 0 379.01099285438744 177.4940755861333 446.7664006883518 222.69173048416945 1.7111397 1.664798 3.773811 -7.9852448 1.9138743 29.617046 1.5975144 38.286242164158 
Car -1 -1 0 459.76993136170483 181.6354556338038 501.2939271381882 207.68411202129406 1.3900399 1.5460763 3.7165673 -7.4015417 1.9204342 41.682 1.6264967 13.829513516862367 
Car -1 -1 0 443.9276703932811 179.48478406193547 482.6490875661518 209.434420686482 1.433197 1.6089264 3.8199813 -7.526477 1.795028 37.389767 1.4664711 1.7249284108632488 
Car -1 -1 0 253.74935323917188 187.18853462884306 348.77057822723776 234.27520652422808 1.4374157 1.6069497 3.968106 -10.648337 1.9780865 25.226162 1.576804 1.6552290215391339 
Car -1 -1 0 168.99019947465848 164.52430595488957 292.84423772150984 236.19978824078464 1.9537436 1.7174518 3.9485862 -11.339268 1.7266911 21.529728 0.6345159 13.832512650608994 
Car -1 -1 0 74.92112847557533 167.52681675338488 211.92928388191245 211.7971372759242 1.5747399 1.5953506 4.000327 -17.026876 1.3852465 26.472172 0.004339589 1.4997097094915068 

