Car -1 -1 0 0.3101244685355072 191.8661547288364 213.97952969005974 317.69142098585525 1.4574547 1.6605065 4.488679 -7.634866 1.8228247 11.473542 1.2301531 102.51461925798883 
Car -1 -1 0 848.7170790637945 172.6418452586802 951.3387302621824 253.56366939515968 1.3756634 1.65053 4.317424 5.9783573 1.3720567 14.569517 2.0172715 50.61087295002439 
Car -1 -1 0 664.9156309755286 178.29315030565994 803.5081897000236 241.36857677501482 1.355536 1.6199539 3.9658062 3.1887188 1.5058576 17.899775 2.2662923 67.12865853544214 
Car -1 -1 0 263.57993335333975 180.54415486868496 332.83291615855256 237.95077243466707 1.6657362 1.8143134 4.1783023 -10.34681 1.9438069 23.817814 1.0942049 53.95127255401002 
Car -1 -1 0 530.175961660953 178.0502182361113 628.5412708189862 223.35903006155814 1.4377396 1.6115973 3.902118 -0.97900426 1.6361895 25.465881 2.1015134 15.98866687150578 
Car -1 -1 0 577.8882298090772 181.99441446788524 690.001477846356 230.55157426435508 1.370692 1.5856326 3.9316823 0.86541337 1.690026 23.171326 2.234921 19.178251995415295 
Car -1 -1 0 615.2444019778834 180.33765295655436 740.1559933782415 234.4628413853486 1.3565323 1.6415852 3.9782677 2.045393 1.5927823 20.716055 2.2520504 38.32754099316706 
Car -1 -1 0 503.1001894201645 179.88572725695633 598.794451084439 220.1447809319086 1.4097058 1.6274366 4.1162243 -2.2027066 1.7058864 28.209568 2.1150947 19.196282995761038 
Car -1 -1 0 807.219890039347 184.31081370046692 905.7407040627659 220.5651337471665 1.4650648 1.6449765 4.1935854 10.924018 1.9978107 31.882381 -0.46101376 27.214204896743354 
Car -1 -1 0 956.1470506357704 181.08190374979176 1068.6560416065204 227.71089943410269 1.4862561 1.6283237 3.9818192 14.14499 1.7940679 25.295395 -0.5215652 20.549852501211394 
Car -1 -1 0 1100.6773245544146 174.0670426252317 1242.0 230.8569945582924 1.5182352 1.6528213 4.0062175 16.352161 1.5562179 20.975819 -0.45108655 7.9512841395219995 
Car -1 -1 0 1030.4465386259094 179.02872695259938 1162.4724116160605 230.48849549748962 1.50502 1.6563237 4.168526 15.645649 1.7174447 23.161793 -0.4555964 4.976943242555124 
Car -1 -1 0 912.2909605433686 184.29502707290789 1007.8693913366502 225.00201270359386 1.4383305 1.5886813 3.750142 13.667725 1.9101365 28.09207 -0.55466 5.271826410136152 
Car -1 -1 0 349.3220439321617 183.06725049844707 375.0068937384369 200.26216802509367 1.4045095 1.6545403 3.5687459 -21.703934 2.327445 63.237175 1.1025912 4.095276085718603 
Car -1 -1 0 425.23778559799166 181.1650398052045 506.99545596600944 210.85350493794874 1.4839797 1.6176721 4.0090456 -7.6569104 1.9464369 38.554085 -0.44640476 0.31395959854125977 

