Car -1 -1 0 425.2359608323277 178.9590244986141 515.4778384186153 248.55193220631082 1.4372606 1.5388682 3.429378 -3.1596603 1.5952619 16.939758 1.5449015 64.14729078754493 
Car -1 -1 0 702.3175464945405 185.60516477291964 791.949343497264 240.86790174021314 1.3761787 1.5539436 3.4894133 3.8309941 1.7729133 20.628956 1.4586747 98.66545910489258 
Car -1 -1 0 59.4615162815047 167.4146284492142 189.83882326551577 222.4350390513828 1.6681527 1.6241473 4.022523 -15.873523 1.5032374 23.890347 1.5671732 77.97153426136852 
Car -1 -1 0 283.7437822071783 169.18961051996158 479.84192195669624 306.36642531415214 1.618628 1.6729146 3.9387689 -3.044301 1.5753897 10.498238 1.552448 100.00786301941082 
Car -1 -1 0 687.1956646729091 182.39758786844916 748.6187313199971 227.26523227903587 1.3964088 1.5670699 3.5771704 3.6803088 1.7509987 25.014137 1.5632445 34.050107038635645 
Car -1 -1 0 193.16680325863885 174.24146247575712 279.0303920782254 211.99190333696203 1.4690607 1.6095508 3.970447 -15.526449 1.5310355 30.22771 1.5495461 20.804193823833195 
Car -1 -1 0 527.7655375314733 177.13952089602955 558.2132595191907 204.3969695944598 1.4677787 1.6255876 3.6126273 -3.7703123 1.7240186 41.289368 1.5092889 16.724839302081627 
Car -1 -1 0 644.142966833521 177.83174541228348 680.9916627601033 201.75034364219505 1.4860895 1.6103882 3.7356656 3.4547138 1.828225 47.622025 1.4123318 7.234100548692095 
Car -1 -1 0 548.1291952860992 174.63978015209972 572.3129215184335 197.38853535666811 1.5998869 1.622318 3.8626053 -3.5917373 1.7359097 53.005554 1.5417225 2.630504715829588 
Car -1 -1 0 295.5047292138931 172.3213105813066 352.86867837690573 201.28043702396718 1.5399765 1.6186212 3.7427459 -15.852631 1.5116491 40.267128 1.6043808 2.9741318727739543 
Car -1 -1 0 1004.7969753015475 196.84717818639965 1128.9524556905808 244.6983069607672 1.6350367 1.6295813 3.7148948 16.920721 2.56047 26.772602 -0.13513714 3.456424925090784 
Car -1 -1 0 673.7217065579501 179.07450103211073 729.2475476731832 219.43567532280224 1.5166115 1.6251652 4.132568 3.7251387 1.7920489 29.85367 1.5332799 1.96709833350452 
Car -1 -1 0 1139.2431327255065 194.51718968510716 1242.0 234.58924396626398 1.6991811 1.7064713 4.2046723 26.58422 2.7039325 32.533936 -0.037479788 0.9235799076890169 

