Car -1 -1 0 713.8850970655373 180.73883763206243 798.3359913078241 246.98528845295186 1.4617727 1.6039995 3.4382415 3.573812 1.6788633 18.103325 1.6285434 96.18907081871879 
Car -1 -1 0 19.807092505116447 205.1898184443505 171.73299220543046 267.1557413258029 1.5034437 1.6519959 3.7951045 -15.11051 2.554 21.491798 1.6400969 86.64690271101558 
Car -1 -1 0 810.2218187542355 179.31135317873176 1053.6872492403993 332.2761450169681 1.4654971 1.5966866 3.7645738 3.7004266 1.5634916 9.013048 1.6457014 111.87348294146611 
Car -1 -1 0 702.9285878349683 178.0533056090888 774.4106200582877 231.7092413062022 1.5073926 1.6296767 4.116009 3.9685986 1.6863534 22.754675 1.5998003 29.686764616024828 
Car -1 -1 0 331.6317419812277 188.4041920482162 386.7131342190652 210.0354055432702 1.4530096 1.5745876 3.756773 -18.483236 2.647509 53.401352 2.0789337 12.687073216115085 
Car -1 -1 0 180.617942114238 194.28864733660387 263.0272875239048 222.85251666402831 1.4573565 1.7440832 4.2071877 -22.740221 2.7873712 42.498158 1.903832 22.214259332062795 
Car -1 -1 0 408.8542411157885 188.4553636905422 467.56039838484276 208.5095578144873 1.4949929 1.660105 4.338281 -13.808883 2.7903814 58.188362 -0.46926042 16.733253587852513 
Car -1 -1 0 467.0610246866814 185.63170213710396 491.04016591356395 202.72808352096783 1.5490024 1.7065656 4.1955 -12.747013 2.8380575 70.6688 1.541006 4.690701930939319 
Car -1 -1 0 568.1682548387297 179.78686847479386 618.2924919928598 200.8120685406831 1.6001661 1.628343 3.6847086 -1.3101028 2.1690354 57.59161 0.51289344 17.15579656772689 
Car -1 -1 0 668.482717076747 180.48821937054853 704.4947212546139 210.83928773814807 1.5002074 1.6241169 3.9351668 4.071906 1.9302882 38.657352 1.6009337 2.8585452584999995 
Car -1 -1 0 274.00890676407266 187.93832636517374 336.00807790069945 212.35942636343455 1.4792334 1.6257262 4.0012507 -20.407742 2.5385654 48.518364 1.8813195 1.1731270402493943 

