Car -1 -1 0 726.3510310156167 196.34954057517393 886.4910961119151 307.92379749677343 1.5287157 1.6225755 3.533162 3.2093813 1.9934678 12.460682 1.511361 103.03433238654252 
Car -1 -1 0 680.3211446670822 191.69490120870356 789.0717453836176 266.492328060023 1.4976716 1.6173245 4.1151094 2.9095416 2.013561 17.636171 1.4830368 70.69846560808612 
Car -1 -1 0 120.20355332857149 192.04724680584172 395.9670644386964 290.2639167227072 1.4643925 1.58658 3.8101978 -5.679068 1.8079141 12.012289 -0.057697363 47.482101733392824 
Car -1 -1 0 219.1796156500656 190.97370313317637 439.1577913484751 267.4350718480477 1.4596255 1.6043037 4.05016 -5.7720857 1.8675294 15.244975 -0.09881053 34.821829703584534 
Car -1 -1 0 273.9587596349163 181.29171005260278 443.80949576216557 250.46844667305254 1.6295588 1.613745 3.7263248 -6.1884356 1.8519709 18.117983 -0.05124725 20.741929670210713 
Car -1 -1 0 508.38814756542865 182.2222982304193 541.7816624590322 202.99327402686012 1.5838516 1.641378 3.6339648 -6.9154186 2.3733299 58.81136 1.1334981 13.732525996256298 
Car -1 -1 0 306.7028536838439 184.33351990792 453.88519322864954 243.35369762416366 1.5817506 1.625842 3.7771087 -6.4840093 1.9274461 20.727577 -0.10194434 6.605135996628474 
Car -1 -1 0 413.2698247889266 181.38872291287595 503.60300303262494 217.35638156117787 1.6381874 1.6585947 3.8955817 -7.1399374 2.0553126 34.29406 0.07362184 2.2904192848632987 
Car -1 -1 0 394.04835099257656 181.26650694149265 489.69740072092964 220.2054057739308 1.6184245 1.6387295 3.7531145 -7.1892724 1.991447 31.16978 -0.0025970775 1.1013144046681855 
Car -1 -1 0 123.39889558784186 158.21778890819678 230.78032249144272 195.12586458738946 1.5622556 1.6249027 3.7863355 -19.002018 0.9427297 31.86787 -0.294137 1.2327261733836723 
Car -1 -1 0 357.7282194920809 186.01617674613138 476.03969273514207 230.35507845501684 1.4936949 1.5929103 3.8129637 -6.7896514 1.9782472 25.693113 -0.038676992 0.9094094246032162 
Car -1 -1 0 608.5196529646718 182.91333083559786 635.6460163173881 206.872218746235 1.5630684 1.63282 3.9442935 0.8451154 2.2990339 50.77639 1.5171131 0.2502456605434418 

