Car -1 -1 0 456.53471166028277 179.35416868704402 531.0195405600392 235.73718818911752 1.481643 1.6197815 3.648604 -3.3091626 1.6891892 21.21022 1.5661665 85.10912614301827 
Car -1 -1 0 713.0167073843667 182.9210843271097 894.1390084299078 310.85109740754945 1.4607813 1.593915 3.9153864 2.5793612 1.6347237 10.507177 1.5734342 117.78298350320608 
Car -1 -1 0 674.1907311057556 176.71074926565822 779.5477659231881 256.3602353502849 1.4976553 1.5948247 3.701212 2.4055572 1.5911288 15.617826 1.546227 84.69911111195636 
Car -1 -1 0 170.2179647554453 184.38181249548325 387.5412072472828 257.06685921153417 1.4445883 1.5816298 3.9778857 -7.012533 1.7096846 15.620638 -0.092956685 98.66844916474697 
Car -1 -1 0 242.44478471143174 170.57977423719282 421.86027778844925 245.45094404177198 1.8267978 1.6929004 3.991149 -7.0230513 1.7713084 18.583448 -0.067175366 75.93966655459387 
Car -1 -1 0 331.261822877239 176.2762438704301 462.61324192131485 225.94675051807266 1.6079321 1.6502469 3.9499784 -7.166774 1.7290217 24.513954 0.09901288 20.76243176212969 
Car -1 -1 0 659.502513005918 176.66001857196784 731.9994524625154 235.96055311996443 1.4757591 1.5243142 3.3316534 2.289062 1.5893718 19.8554 1.5475516 31.661240171993683 
Car -1 -1 0 643.8866704082785 176.77374527481567 696.7307503507061 219.73031449253367 1.4245642 1.5469682 3.5251548 2.1274948 1.5756183 26.029106 1.5522754 17.338825406949933 
Car -1 -1 0 0.0 195.68779037129212 245.35737389495546 325.94360952262605 1.5189757 1.5806355 3.6019237 -7.048257 1.8505102 9.59906 -0.048832454 17.644921140212258 
Car -1 -1 0 360.52506908106227 175.33290181355318 478.7412001887414 220.8517964807486 1.6750782 1.6773014 4.1040645 -7.1826167 1.7729743 27.573725 -0.040519334 10.81010249580803 

