Car -1 -1 0 687.6768665567816 167.94222886885024 830.0346536760422 278.26714721633937 1.594967 1.6323206 3.5561187 2.354201 1.5239575 12.220093 1.5574112 120.40521486774536 
Car -1 -1 0 362.70038283325783 181.85954492794062 515.516669808726 235.24129895379005 1.468533 1.6367731 4.3033247 -5.2245045 1.7704298 22.332134 -0.57453525 99.57149048189754 
Car -1 -1 0 226.32604373822446 194.53208577875557 459.84728467546205 296.6472602405838 1.3943983 1.5712191 3.8678048 -4.542415 1.8095459 12.182461 0.5143603 74.50345168743048 
Car -1 -1 0 638.4431124319294 160.56818713983498 694.1621728496208 216.28595400228866 1.8452594 1.6662874 3.8622074 1.9571769 1.4383781 25.832481 1.564129 77.82046876140251 
Car -1 -1 0 83.48913189759143 194.9054015126914 325.64637403178386 323.9885462256608 1.4197353 1.5219891 3.2340956 -5.6109138 1.7690884 9.938482 0.54860157 28.098688396079652 
Car -1 -1 0 36.80563886743073 207.41011402673934 189.9512664185458 280.3110386184307 1.3577843 1.5323201 3.6238842 -11.584112 2.2695482 17.138521 1.4344392 17.7227862853702 
Car -1 -1 0 614.478200553454 173.81771845860968 643.1619058420649 198.04313732018852 1.5567561 1.6400607 3.8204968 1.3309977 1.6241981 48.509468 1.6741173 7.227966623221807 
Car -1 -1 0 696.2462427169091 165.91654343246626 793.6626334401175 203.82292624220946 1.5948737 1.6303337 3.8515496 5.866268 1.3029869 31.449467 -0.14869958 6.7972247372085075 
Car -1 -1 0 386.2345626724819 181.35189106638336 428.9213409777114 212.41061884980144 1.816853 1.7218946 4.4275513 -12.729 2.3818781 45.71103 1.5071357 11.15563110136235 

