Car -1 -1 0 90.60443858755177 196.60970305818188 235.54394425147353 266.44039049111456 1.5750384 1.652336 3.8372753 -11.898837 2.282609 19.544903 1.5358757 87.19396434958198 
Car -1 -1 0 479.44945685403343 188.6456279304967 553.9548033384352 245.19668353885325 1.6033056 1.6698582 4.0642114 -2.9488168 2.1677055 23.704271 1.6383367 59.185394386844656 
Car -1 -1 0 691.3616478279691 189.33456907615374 744.1313129367916 228.3506907152243 1.4611883 1.6398405 3.3719811 4.4613338 2.1889682 30.161398 1.5513377 28.858989335104116 
Car -1 -1 0 327.9981823044272 194.9767705461848 381.53011697892936 224.0204017508548 1.4679539 1.6061643 4.136411 -14.65 2.8101902 41.702984 1.5784304 13.890793511651449 
Car -1 -1 0 47.68121440937552 200.12257044101955 178.7683409515811 255.13736849226873 1.4374089 1.589445 4.069626 -15.632963 2.3854268 23.001305 1.503505 8.822929009296814 
Car -1 -1 0 743.3761701662695 184.91951782874963 802.5159991625254 204.96326498694924 1.4803787 1.6388562 4.137824 12.471333 2.4182477 55.213676 -0.025757577 20.817071174311216 
Car -1 -1 0 512.5849956951871 185.2636426879475 564.2505679298966 228.86017836122033 1.7045848 1.7214878 4.0438323 -3.0274532 2.280376 31.428455 1.6047337 27.025418665199304 
Car -1 -1 0 367.69197679383825 192.51838641359987 413.1882076108298 218.1173938352242 1.5204973 1.6208866 4.110767 -14.562281 2.8900545 48.16131 1.6179947 5.156697273620882 
Car -1 -1 0 672.8185851632667 187.15106791567956 707.016966588927 216.00682026915027 1.4531977 1.5511773 3.3796248 4.3836603 2.2739851 39.722675 1.584725 2.4235741395306842 
Car -1 -1 0 773.0355831331318 184.12546119252886 826.5208993611125 213.22924485657964 1.5177853 1.6439692 4.1963573 10.857201 2.1993482 41.467037 1.4817991 2.1571347482632617 
Car -1 -1 0 538.950999778016 188.00525001072918 584.61414357517 221.0160385902466 1.5695202 1.6650765 4.1401243 -2.4840817 2.4221663 38.446297 1.697554 0.3838850259780884 

