Car -1 -1 0 0.0 185.01790832160262 169.31252948735127 296.923215265308 1.4967967 1.6847212 4.4250917 -9.436177 1.7468001 12.494192 1.3715801 120.31268885067028 
Car -1 -1 0 829.1383501475565 172.72840899917233 965.550630542667 221.8283952229639 1.4681997 1.6353916 4.180784 9.259908 1.4644442 23.1872 -0.42802876 85.99791283301792 
Car -1 -1 0 127.59781815276433 179.29589376010088 262.38827175034055 252.28274073442418 1.5529974 1.661401 4.4048405 -10.176886 1.7352908 18.09085 1.3604786 86.86673793107464 
Car -1 -1 0 506.1531415104338 175.26506037964063 570.9571261149408 236.16145476177005 1.6192386 1.6030405 2.7149568 -2.0987606 1.6936805 20.790562 1.3757609 56.09866135371455 
Car -1 -1 0 354.76007884282023 171.10361552181405 393.8806339530397 196.18843729442125 1.5568581 1.7442626 3.971118 -15.223587 1.4482224 46.86813 1.4325603 16.570795578168013 
Car -1 -1 0 631.3877030623005 173.03020475396255 709.7905078979487 202.9795349917458 1.4753218 1.5671127 3.7420983 3.1434247 1.4847513 37.087593 -0.45512313 39.54218514490206 
Car -1 -1 0 781.6782869458116 170.71986437414392 900.3298275018766 215.05198944812037 1.4777012 1.602716 3.9763265 8.224888 1.406565 25.613548 -0.4338554 20.947299185533275 
Car -1 -1 0 272.52407929794003 173.54263163231428 336.5660515525145 213.2326262911271 1.5435544 1.64904 4.3360972 -12.761174 1.5747777 30.427828 1.3733907 8.726286389544965 
Car -1 -1 0 611.3295855171867 171.0452049578394 685.5295065339382 199.2669669499595 1.481117 1.5790215 3.7102413 2.111078 1.3861887 39.263664 -0.36271763 16.184928740698442 
Car -1 -1 0 742.1137091494544 172.65778061968692 846.5209283473132 211.89362767043949 1.4514525 1.5747494 3.7954721 7.221442 1.4441936 28.185942 -0.42093349 20.733380662874573 
Car -1 -1 0 495.0595311192752 175.32464418070862 537.753782092835 213.60240349205583 1.4532776 1.5953597 3.6039257 -3.8636942 1.5610011 29.550476 1.4035503 7.046003036364322 
Car -1 -1 0 506.8739014123938 177.5032446765954 558.0753079102253 223.7380689807397 1.4461112 1.6258842 3.8557267 -2.623046 1.619754 24.958303 1.4854574 6.840209723221429 
Car -1 -1 0 487.18229389513573 175.1880557931084 525.406476728614 208.11836146687986 1.438573 1.6166328 3.588201 -4.8663836 1.5537837 33.703682 1.3861861 2.2189187636407457 
Car -1 -1 0 488.86717865971696 163.03534692235542 522.1719400274321 194.0506581529011 1.8406112 1.7193606 4.1037245 -6.4286194 1.2579206 44.919975 1.5102202 1.456431954669202 
Car -1 -1 0 303.8721958047878 162.87999535863707 351.34877732620157 204.64416780049882 1.9694915 1.7705641 4.28423 -14.118623 1.4991428 36.32463 1.3073016 0.3105944097042084 
Car -1 -1 0 1041.810390171445 177.16981757655702 1134.2895938187226 216.32279270015303 1.4862604 1.5770862 3.6381474 19.42501 1.6706293 29.277193 -0.4856231 0.2701248526573181 

