Car -1 -1 0 878.8499218061712 185.7064017891443 1242.0 362.6656510674112 1.4660201 1.62163 4.138323 4.9815044 1.6063774 6.99304 -0.036931064 84.59183940011023 
Car -1 -1 0 808.5768957737452 182.7923132357014 1177.389684666386 305.69294421059243 1.4576241 1.6050433 4.109004 4.9407477 1.6028776 9.6259775 -0.057702463 45.09532094190866 
Car -1 -1 0 719.9383576141889 171.62509412738916 948.8984483066511 264.4246359334349 1.771284 1.7003946 4.163557 4.5266585 1.7478275 14.841553 -0.10788601 68.70527623671504 
Car -1 -1 0 761.0931087872217 181.59574671972848 1031.0192820247307 279.4843430193595 1.4940292 1.5977037 3.8878367 4.6664934 1.6513143 12.078095 -0.054793175 40.332783184583626 
Car -1 -1 0 696.7259634646028 178.40050151690025 830.3558258348439 228.20651224289736 1.5118093 1.6017238 3.8898408 4.8226986 1.6945231 22.92884 -0.020306181 33.29931545078669 
Car -1 -1 0 683.7069196874426 178.52350195172946 803.0540717330584 222.87613020931838 1.5009043 1.6064954 3.8833551 4.692685 1.7094228 25.597395 -0.071573675 11.654545151734693 
Car -1 -1 0 499.1923389205293 183.53886090769646 531.7297749873525 209.91899587990002 1.4822555 1.5820397 3.767645 -5.693542 2.1618104 43.986626 1.5457516 7.033427665899445 
Car -1 -1 0 480.20162921915534 183.74040442732988 518.9786599860086 213.40145259090104 1.4598608 1.5804662 3.750718 -5.8612165 2.0736375 38.79028 1.5516937 8.382296814738204 
Car -1 -1 0 666.6830122215339 177.0968458890356 768.6422387147154 214.6300097067024 1.5336242 1.64326 4.046316 4.5229387 1.7184062 30.551813 -0.025135964 8.540654416342894 
Car -1 -1 0 627.5997590588785 175.76645338418874 671.1116213246041 191.9717154699941 1.4707692 1.5848924 3.7741892 3.7267992 1.7508055 67.727776 0.5393674 8.368768574139164 
Car -1 -1 0 925.2828378819462 137.0462361992262 966.788189536664 153.12066015056658 1.4257355 1.6179351 3.984498 32.559376 -1.9550142 69.803535 -0.5113248 0.279507577419281 

