Car -1 -1 0 710.0782771966295 193.9624459868399 845.4990379594008 287.9259339959462 1.5013293 1.6248269 3.4939768 3.1380174 1.9675715 14.137295 1.5001258 101.55409653383214 
Car -1 -1 0 673.6248676871948 187.89661094608607 769.9150921464701 255.31923418501793 1.5179727 1.6255558 4.0986247 2.8691113 1.9642452 19.296192 1.4874946 70.63962070392574 
Car -1 -1 0 0.0 183.57622794665525 342.4992413981743 325.3250229544013 1.5614616 1.6570506 4.1407895 -5.748472 1.7135377 9.171362 -0.11590444 56.71926251023015 
Car -1 -1 0 176.55007677593545 188.51943495754077 413.64818829020163 273.66606842635446 1.473673 1.5820014 3.7990887 -5.812271 1.788818 13.659183 -0.03455531 33.98320909782861 
Car -1 -1 0 260.65132616423836 186.0006762419305 453.8852769402897 255.10529804097095 1.4875462 1.6081607 4.0116644 -5.780319 1.814003 16.915115 -0.10089867 35.9140936317324 
Car -1 -1 0 304.10967144832466 179.4864246783896 452.405439247759 241.5432816062542 1.5985669 1.5925286 3.5998032 -6.2300596 1.7887322 19.738747 -0.08676332 11.723291168144629 
Car -1 -1 0 616.3417576987101 177.55390068605018 650.7084526336721 209.78860593813903 1.9061408 1.6883605 4.404791 1.4635108 2.2178257 45.588467 1.4919788 27.27074077728388 
Car -1 -1 0 421.94633579974663 179.5535478143214 504.42763742018434 214.16094867654576 1.6532905 1.6502059 3.8002193 -7.198633 1.99371 35.744286 -0.04983826 4.0002656539672286 
Car -1 -1 0 332.7031226821067 183.0667607889281 465.30033915583795 235.82494300515154 1.5449897 1.6010184 3.6931677 -6.453699 1.8751247 22.40496 -0.06529178 5.057631117336503 
Car -1 -1 0 609.7411789875412 183.23285837083304 632.5622134153431 206.15549922641924 1.5498079 1.5881902 3.7007604 0.8112207 2.328924 52.31226 1.5689175 1.2158734162452536 
Car -1 -1 0 504.3348493140423 181.39862578565948 535.8948076948064 200.5626172803187 1.5433025 1.5993543 3.693543 -7.703602 2.3002815 61.910866 1.1250036 1.5708683061703603 
Car -1 -1 0 522.4709368203713 180.8988341982136 548.2525580567589 196.71831318626096 1.4772186 1.6062108 3.7424116 -7.376622 2.2968998 71.48184 1.200048 1.188299659379632 
Car -1 -1 0 372.97934554265106 183.43673311147344 483.57149586557665 225.3065546773776 1.508528 1.6133759 3.7752197 -6.779823 1.9200706 27.235884 -0.008857759 0.3209555745124817 

