Car -1 -1 0 668.5840277608925 176.8504288604858 779.7740258527836 252.97948381379237 1.4465551 1.6043311 4.294355 2.399211 1.5479611 16.123981 1.5210041 86.18017810139992 
Car -1 -1 0 658.9540955510878 177.0929709788416 722.0515794013419 232.51026817405065 1.4754925 1.6204371 4.049402 2.331598 1.614425 21.587397 1.6185325 37.087872725142816 
Car -1 -1 0 433.5255698594919 181.1068227654077 504.0021475734858 211.66179832574525 1.5323429 1.5610273 3.415205 -7.2804894 1.971567 37.528793 -0.054420028 29.57443009272407 
Car -1 -1 0 57.08361254475382 177.2814810604245 360.4233612478053 292.9485268072028 1.8300765 1.7294788 4.270956 -6.74146 1.9132682 12.526339 -0.07933824 156.74410768379408 
Car -1 -1 0 281.9167475583643 188.3927434957737 438.89604775464824 243.56168444767835 1.4715968 1.6084259 3.911736 -7.0108366 1.9320239 20.547596 0.014365317 34.088429706449624 
Car -1 -1 0 170.40859360225883 191.10688676998595 391.23114994808043 268.97964434705983 1.4789364 1.604587 3.8379169 -6.676348 1.8779831 14.935424 -0.019163653 7.900371534470128 
Car -1 -1 0 642.5073556547477 175.98692423784615 686.8001229104942 212.65614580372383 1.4859972 1.6205398 3.9491057 2.348976 1.6315987 31.555525 1.5668697 3.7259379097009773 
Car -1 -1 0 576.4768263806042 170.87739449500765 615.7450963133529 211.5600821524583 1.8013147 1.7117479 4.009015 -0.5788872 1.713796 33.965313 1.5864476 11.547585922831107 
Car -1 -1 0 227.28537926733586 189.53011174263165 411.6697711598561 253.4742839137133 1.4696815 1.5905302 3.9526653 -7.126587 1.9051614 17.946552 0.051363856 1.8970394050088828 

