Car -1 -1 0 775.6769393493983 178.02356170599265 1053.6919181185222 282.8258049133132 1.5020227 1.6048757 3.8125634 4.7749715 1.5923024 11.524006 -0.14910883 57.74045950879812 
Car -1 -1 0 671.2719320183202 173.98690209461634 874.6555738703653 247.08521457504324 1.5401828 1.6703141 4.2293854 3.6874206 1.568094 16.5093 -0.2150608 91.67043773079065 
Car -1 -1 0 830.199487186931 174.66275818505906 1191.133464260972 310.683167904152 1.5258114 1.5928543 3.7689579 4.9304924 1.5512187 9.1279955 -0.1149652 71.42274791232555 
Car -1 -1 0 637.2898673835246 176.04094918037092 799.5631535408132 237.88460941007935 1.5129625 1.6257439 3.8927178 2.8103528 1.6018014 18.943031 -0.19264406 36.69381395962732 
Car -1 -1 0 620.7769505074808 170.4393414755607 769.4168333618074 229.68307425730686 1.6423012 1.6700957 4.0289354 2.4954238 1.5753641 21.314297 -0.2528708 29.168934874923394 
Car -1 -1 0 596.9677372931999 176.51329541377444 710.7069167160619 220.21139708396487 1.4733429 1.5914258 3.7464926 1.5639168 1.6107295 25.81546 -0.27492535 13.9046480803098 
Car -1 -1 0 551.6376719048953 175.0762213208393 636.2197698236535 208.9178919241119 1.613126 1.6530904 3.9584982 -0.7988223 1.7269744 35.758827 -0.20203222 8.72103072429085 
Car -1 -1 0 275.46791639292525 170.20420248850883 380.50803691753765 244.1705500790796 1.8401754 1.65264 4.272414 -7.7063327 1.7742522 20.159817 1.4691888 62.861640670875396 
Car -1 -1 0 524.0429433222647 177.09352273258233 553.5310549286553 202.46321717662332 1.4511676 1.5865799 3.47337 -4.243604 1.7179351 43.632935 1.5278974 4.721403635259016 
Car -1 -1 0 563.1898878791586 178.3935839326805 658.5824023463458 214.34819955135444 1.4612933 1.5932832 3.8025167 0.046623766 1.7104145 31.095284 -0.3192361 4.93840226908191 
Car -1 -1 0 588.4485033640221 176.049510445611 689.5190568962581 215.4687119008826 1.4835029 1.5823064 3.7111664 1.1362811 1.6149501 28.512123 -0.21470618 1.1472095640428381 

