Car -1 -1 0 217.52154067149843 173.46328447837863 424.0455993941419 294.1511810596063 1.7681615 1.8676071 4.45599 -4.81541 1.7808783 12.826676 1.5762998 130.4486726555065 
Car -1 -1 0 406.0410826944326 185.26844980206917 480.34754609452676 236.15641880403587 1.4502103 1.5980523 3.6098592 -5.2698307 1.8816226 23.260632 1.560067 50.30827121978201 
Car -1 -1 0 0.0 194.6518444043217 255.42533625920478 288.79975960047057 1.5279243 1.5825225 3.6778255 -8.577229 1.9445801 12.946554 0.0295844 61.14138645385766 
Car -1 -1 0 471.47545247632223 180.30153704475856 517.557882632339 214.51162421048338 1.4811254 1.6037573 3.8283901 -5.359582 1.851921 34.000107 1.558895 14.655048398316113 
Car -1 -1 0 284.56376335429854 160.4499475367014 351.63118078467875 183.81418878260502 1.4984777 1.5884857 3.7428927 -19.016235 0.7029371 47.15742 0.046964448 20.060424091817282 
Car -1 -1 0 110.3020891621391 178.40215871341445 219.23808696757158 213.64508855687876 1.4710764 1.5757554 3.7957163 -19.22937 1.7183762 31.278519 0.050582465 13.030918496501512 
Car -1 -1 0 174.73223975004328 184.721002258462 268.4718265755185 227.19382838491 1.414232 1.5945799 3.980123 -14.491927 1.8950431 27.198576 1.5086726 5.064863480505333 
Car -1 -1 0 229.9237815054829 182.07535896499607 332.3317955988851 229.48716298352468 1.4425759 1.5198421 3.3482008 -10.980569 1.7699912 24.084862 0.561076 9.497243304006885 
Car -1 -1 0 62.114246464526104 196.26730598820026 278.96168383451203 270.89131674991734 1.4577979 1.5680454 3.7425804 -9.329804 1.9891009 15.506416 0.044764355 5.504953810027415 

