Car -1 -1 0 691.4950423177308 185.14869486036994 795.3521837022979 260.54821102168364 1.5609384 1.6489046 3.5368223 3.0944161 1.8874094 17.344486 1.5101895 100.12359393651828 
Car -1 -1 0 663.1994367355695 182.56309424527066 743.9402494151927 237.15079703222113 1.486671 1.6237519 4.0776887 2.823503 1.8179079 22.50832 1.4739704 60.216859146062156 
Car -1 -1 0 121.62586140369082 180.52195424583115 401.6300008628593 279.41307104483934 1.5265608 1.6307101 4.003707 -5.7510395 1.6689135 12.347855 -0.11899069 43.85504064930003 
Car -1 -1 0 255.23875719756222 181.0257043637663 445.3874263252249 248.4264212615143 1.4690068 1.5810928 3.876144 -5.926114 1.6693718 16.815105 -0.044802967 16.513779163080418 
Car -1 -1 0 316.777518219417 181.27114906734792 475.68963220957244 238.44103129934976 1.4894544 1.602682 4.0125074 -5.8289285 1.7353694 20.085808 -0.098428465 13.568693817410308 
Car -1 -1 0 520.3654021982672 176.61603715144457 550.6584312158756 191.2493829334949 1.4515698 1.7222493 3.821241 -7.695248 1.8520956 74.73251 1.0519471 6.427880427663724 
Car -1 -1 0 343.7175768125063 174.2425297021302 473.5659504193884 227.2648778257179 1.609633 1.6054595 3.7411323 -6.294554 1.6555815 22.915668 -0.086399816 3.946660177315474 
Car -1 -1 0 612.3941700628028 170.60770832490792 646.0284850309638 200.82182756568318 1.9502563 1.782767 4.4567957 1.2811115 1.8052628 48.87082 1.4842418 5.959759031935953 
Car -1 -1 0 0.0 180.82930097923742 339.19448941642213 309.6043524128473 1.5215254 1.5857141 3.5220332 -5.631785 1.638041 9.592086 -0.090797745 0.2610032558441162 

