Car -1 -1 0 714.7902177729067 181.58524495330198 925.5608312129988 311.98186584268035 1.4902365 1.6212367 4.1534743 2.820456 1.6451347 10.666242 1.4916459 117.27624217917149 
Car -1 -1 0 692.2294804395946 177.5237349638572 785.3275068064091 250.1711399033781 1.5440845 1.629674 3.9629974 3.021214 1.6708418 17.589172 1.5897288 78.60992414595806 
Car -1 -1 0 665.2043977112855 181.4972104420767 730.6971801703768 232.2212222778281 1.4225527 1.5721033 3.849572 2.7089906 1.7190899 22.824253 1.5631157 67.06833992574701 
Car -1 -1 0 142.9281763028567 178.29430205799713 456.3754430773472 283.7225506864627 1.535992 1.6705784 4.31129 -4.763381 1.6305963 11.579601 -0.062169235 123.91656993948506 
Car -1 -1 0 381.6129300065067 179.9990790844764 530.356109622515 232.12464121688683 1.4888047 1.6415575 4.177694 -4.5400867 1.7134697 21.773336 -0.045149762 30.77700411949128 
Car -1 -1 0 302.39874860911374 167.35697916470474 504.69053852351607 249.16385949754564 1.8510231 1.7397621 4.3627157 -4.798106 1.7266433 17.266357 -0.032503325 103.61327993459226 
Car -1 -1 0 644.495080874912 180.19420083182538 686.0058173921859 215.3418288639583 1.4819263 1.5436673 3.5228133 2.492644 1.8351678 32.944344 1.5472162 10.530563670417926 
Car -1 -1 0 445.7458642582882 172.7805264495443 548.6680161667812 219.48300836250434 1.8308249 1.67769 3.8307686 -4.51995 1.8279444 29.318672 0.10393788 29.12224203077155 
Car -1 -1 0 934.8245390395434 185.6975804775724 1242.0 328.10035103949383 1.4233634 1.5895799 3.766836 5.981606 1.6261437 9.474894 1.5260664 2.246708210485677 
Car -1 -1 0 658.09670841501 180.23230961258258 716.4263405726424 222.031664573635 1.4844095 1.5707705 3.5904646 2.9615257 1.7912364 28.143145 1.4751825 2.285928964220523 
Car -1 -1 0 641.4100613040416 175.52908512713307 674.0844173062452 205.07502570414192 1.6741121 1.60862 3.6512377 2.835285 1.8406231 43.065033 1.543021 0.558380896210507 

