Car -1 -1 0 103.47736629025526 198.95383359846537 351.7190194434073 325.7486697670514 1.444156 1.6826429 4.159604 -5.55297 1.923781 11.169025 1.5580543 108.642370782584 
Car -1 -1 0 697.1767999398128 182.5918516754225 859.8032971520272 234.9819756417555 1.4640479 1.6907508 4.435347 4.9054384 1.7645253 21.378483 0.018273158 118.52195534738887 
Car -1 -1 0 294.4643941701475 193.28832519028077 420.3358381454714 267.99815851921636 1.4405639 1.6139497 3.7863922 -5.72072 1.9711589 16.841944 1.5710633 92.15245589995858 
Car -1 -1 0 412.00817262566574 189.28527981820466 484.6965882266283 233.37128038240772 1.4032662 1.6005058 4.1908555 -5.856309 2.059172 26.676804 1.6106231 43.165822054480586 
Car -1 -1 0 766.7619791087634 193.20367528459485 1124.857535813189 319.5257321351602 1.4579833 1.599734 4.026683 4.2890778 1.7537973 9.558155 -0.06579824 88.27204995387463 
Car -1 -1 0 889.3697424200918 189.37868109459998 1242.0 375.0 1.507101 1.6328552 4.077443 4.9952955 1.6819103 6.807353 -0.0044841366 100.98211399658055 
Car -1 -1 0 672.509242368522 184.72580876167996 785.6768120049627 223.52906444618347 1.4371846 1.6089172 4.109224 4.633176 1.918155 28.271912 -0.07705313 19.379818453943674 
Car -1 -1 0 646.9658614898077 182.63665105581995 735.6186710621781 216.12167195840348 1.6004759 1.673517 4.14972 4.057326 2.1048527 36.151043 -0.10531042 5.858319445040516 
Car -1 -1 0 647.4964099214208 182.8039945247007 713.4138714362783 207.68155998989195 1.4735962 1.5783798 3.889596 4.3046865 2.0939527 44.18368 0.0067751775 0.5984475868289555 

