Car -1 -1 0 749.5226159399031 180.2493577214844 866.9173517784517 266.73025912273016 1.4588339 1.5781168 3.3494492 3.7662616 1.6218994 14.187851 1.6349256 89.16473262102284 
Car -1 -1 0 400.9072349811858 183.27556469155013 464.9843463933589 203.9545347763989 1.4618859 1.6761578 4.4432397 -13.327193 2.2739258 54.488564 -0.45743573 40.05735203404849 
Car -1 -1 0 148.89836888721408 188.18509732915425 240.24363878372284 219.11723751978178 1.4754984 1.6924965 4.253448 -22.297382 2.351892 38.963623 1.8757586 18.405334191262476 
Car -1 -1 0 726.2256846490409 176.91684843167454 823.3933764708052 242.77318586718545 1.5067036 1.620673 4.1403775 4.175207 1.6244882 18.840965 1.5791714 34.36228853978627 
Car -1 -1 0 248.43770885277246 181.98616267620565 324.53654739764914 208.96135123523104 1.5307878 1.6495684 4.3457494 -19.989233 2.1276913 44.839825 1.9775507 17.792261982021913 
Car -1 -1 0 318.5501119467178 184.0036036349805 381.8904906631169 206.64239928628015 1.434342 1.6072692 4.0277824 -17.901524 2.2395737 49.967575 2.1053262 16.53154101829424 
Car -1 -1 0 566.7808038991458 176.56296060668168 618.8284402766808 198.32446719569717 1.56656 1.6079895 3.6021593 -1.2653193 1.8530453 54.113235 0.54337966 18.752851701003472 
Car -1 -1 0 680.1400512509449 177.9394636514192 724.4979290217736 210.7508547130306 1.4699597 1.6031618 3.784654 4.418428 1.7287817 34.818737 1.5565306 4.645837445855182 
Car -1 -1 0 84.99439335228598 187.58461357015247 176.93388476885744 217.76821725235519 1.4879639 1.6205405 4.2131834 -26.423353 2.350669 40.010105 1.8439994 3.7314141283198703 
Car -1 -1 0 9.278858466159004 186.0916811916123 98.39106581650245 216.67242093023216 1.6532855 1.6259562 3.9186544 -32.99916 2.4804811 42.966187 1.957123 11.022782240497694 
Car -1 -1 0 467.61475736114545 181.66733637736826 493.0185570746297 200.6853653633823 1.664588 1.6915642 3.9121869 -11.955578 2.5062156 66.93881 1.560979 0.27497658133506775 

