Car -1 -1 0 693.7144550005984 182.94553357453822 812.2238909243225 268.40817113723256 1.4554043 1.6371362 4.148437 2.7822556 1.6922741 14.857271 1.5763892 84.58033840039839 
Car -1 -1 0 662.351873821232 180.24020996193516 713.6101585068393 223.1997199145452 1.4918969 1.6552774 3.8870356 2.9408607 1.7956004 27.700941 1.600194 49.946540352967475 
Car -1 -1 0 0.0 180.84126557096008 371.5566030694514 329.47016559258896 1.4725125 1.5862052 3.7718759 -5.01213 1.5879061 8.869881 -0.46480137 118.39680507174211 
Car -1 -1 0 316.32136699628893 181.15500189802768 499.41019868444926 245.37702102704984 1.4264665 1.6176584 4.1901736 -5.0420856 1.6548104 18.15596 -0.48487216 116.93036240766386 
Car -1 -1 0 646.9869150983901 181.64374686592726 682.9515049956545 212.01401642529427 1.4279009 1.5822966 4.075963 2.8023 1.9054546 37.155212 1.5817249 18.75391112716468 
Car -1 -1 0 349.4731521680782 174.1026783432472 508.5967266170505 237.81824924167893 1.6786258 1.6830801 4.154195 -5.187311 1.7180345 20.926853 -0.582324 33.94321409423161 
Car -1 -1 0 524.846242399499 176.43359149353213 568.0493907695079 204.01445079396004 1.6179798 1.6231984 3.7782784 -3.8747187 1.8506031 44.87083 1.7865033 2.7665151768837277 
Car -1 -1 0 417.7208631943571 170.17959800697477 533.3825221929598 219.23962220464267 1.8855944 1.7223734 4.3325152 -5.4631257 1.7828051 29.560387 -0.5232895 5.229350275572445 
Car -1 -1 0 620.6698789338828 180.5966605994254 652.0301024400458 202.25360290160813 1.4989562 1.5993208 3.846485 1.9447793 2.0938754 53.414642 1.4112817 0.300152987241745 
Car -1 -1 0 487.4891363207861 180.97495006148378 568.6164790444469 210.27115225330138 1.4866128 1.6328231 4.0609684 -4.406316 1.9435452 39.038273 -0.4110323 0.29054880142211914 

