Car -1 -1 0 6.482965499243887 197.00726017769784 301.6580432344233 363.35962875529066 1.5081282 1.6076257 3.6417708 -5.2777996 1.8714287 8.970502 1.4858966 112.22723293501053 
Car -1 -1 0 819.7345528523191 171.39931896444168 1236.3806059987678 329.5438505414134 1.6390147 1.6826212 4.1232843 4.819587 1.6239383 8.587368 -0.13406552 106.02024024075104 
Car -1 -1 0 641.1995938492428 173.45180682225657 801.4474035448701 230.04671025749124 1.5471959 1.6906906 4.307911 3.2307534 1.5657642 21.08256 -0.23783976 60.618418195459554 
Car -1 -1 0 712.5004121324813 177.3791776423805 910.9591155386647 249.52605250815412 1.4877447 1.6207867 3.9836106 4.478882 1.5966263 16.193256 -0.18772984 42.61537577871124 
Car -1 -1 0 614.7148936041804 173.97912461239713 750.4534316895543 223.1847444883111 1.5125625 1.6569774 4.0827026 2.3292325 1.5509413 23.423225 -0.18456618 31.594104302641206 
Car -1 -1 0 744.8923860548282 175.9091633309842 970.5174234867935 263.21313576430435 1.5207272 1.5888226 3.7592778 4.650328 1.5835221 13.737534 -0.16523288 49.15596905064663 
Car -1 -1 0 778.8765449148465 178.1614054205795 1071.3570350343593 285.5042973508859 1.4892709 1.5993886 3.957705 4.833065 1.5803993 11.255736 -0.17560133 42.06945451399749 
Car -1 -1 0 600.863332136256 168.49113769183032 718.7823005549546 218.0604189212633 1.6819956 1.6603123 3.8750339 1.7791526 1.5339539 25.829027 -0.28760806 26.630268233441566 
Car -1 -1 0 515.2447245813443 172.8991103920368 578.1344590363669 196.88837864708918 1.5377473 1.6396952 3.989758 -4.150968 1.5407829 47.407707 -0.17340887 16.0716781096803 
Car -1 -1 0 323.3373657424078 168.0810570935067 399.3617048559174 227.01130122811054 1.8178935 1.6386706 4.161825 -8.289032 1.6706566 24.42829 1.4397564 61.78736803739279 
Car -1 -1 0 582.2386407924042 173.9581727047626 678.5989338707182 211.0564102173341 1.4886942 1.593481 3.7377248 0.861336 1.5370884 30.327677 -0.28901145 9.58394941371368 
Car -1 -1 0 572.7653867944316 174.08761910936389 661.9730948354567 208.1799595262389 1.4940946 1.6015422 3.789528 0.33770877 1.5525668 32.95579 -0.24984308 5.085177991265339 
Car -1 -1 0 540.8975639349948 171.93081016947028 614.1583000579645 201.8052591228899 1.610895 1.6358427 3.8232794 -1.799691 1.5611144 40.167557 -0.24711668 4.599641181376691 
Car -1 -1 0 552.0784607183014 175.81255869988678 634.7281336196919 207.1676122956554 1.4761338 1.5920225 3.7746449 -0.806418 1.6274091 35.557014 -0.31158534 0.6527821055327471 

