Car -1 -1 0 758.3765681076093 183.8529403048416 864.6471309789212 260.83167676971885 1.4568098 1.5922835 3.9439464 4.403362 1.7357428 16.266836 1.6540715 77.2966012312711 
Car -1 -1 0 803.8499575192865 183.96645999534164 1020.8430564905292 319.77111245543057 1.4945855 1.6096026 4.16148 4.051049 1.6877534 10.415687 1.6330965 80.13819474165341 
Car -1 -1 0 178.7729270335622 174.88719780523613 494.9970218693538 297.39728541427917 1.5193565 1.591958 3.7099667 -3.5634594 1.5495565 9.847327 0.04027278 121.41842838475917 
Car -1 -1 0 745.3957330892972 181.81082907045138 814.6380978620048 237.91942820635333 1.4723076 1.5919478 3.7343683 4.986414 1.7634096 21.502792 1.6882678 38.936485280741834 
Car -1 -1 0 720.7877539855764 180.88601842000247 778.640518159209 221.8839450946411 1.4611337 1.6085285 4.125042 5.4752636 1.8029201 28.617928 1.6007372 26.197993971295425 
Car -1 -1 0 500.5441024768474 174.47763015477736 604.8732983038085 213.9806075956276 1.5972744 1.647964 4.1894083 -2.3194294 1.6670818 30.135065 0.030400386 42.15963763825118 
Car -1 -1 0 260.499366588963 160.41493069020956 535.334759048163 277.36231608757384 1.8399448 1.7197442 4.183023 -3.495226 1.6442397 12.36905 0.07641261 87.9116921517223 
Car -1 -1 0 361.4278840061617 179.84738369167803 567.6552398991499 259.1730781945886 1.5227976 1.6351261 3.9280462 -2.9805264 1.6808041 15.1760025 0.16343278 25.964625696191106 
Car -1 -1 0 535.7032957067013 171.30214204407463 624.9969153809944 208.88150368882614 1.8139992 1.7271652 4.2649593 -1.4073281 1.739089 35.845074 0.07241838 27.486477684382958 
Car -1 -1 0 708.3265823786161 181.42522306117834 743.1827562350246 208.79386050724486 1.4262526 1.5699201 3.702212 6.5053105 1.9319806 40.679928 1.6280538 5.617786381818178 
Car -1 -1 0 633.7244595896423 174.45184866068846 650.8442330654178 190.45333920960763 1.6120143 1.6214027 3.7568917 3.4238 1.7824439 75.018715 1.6582309 2.8905670013561866 
Car -1 -1 0 401.9642664091851 181.49637047082115 568.2283086671797 248.5566681560767 1.4844013 1.6050568 3.8767533 -3.1138167 1.7184052 17.957548 0.45958492 0.3519969880580902 

