Car -1 -1 0 450.2811484602575 178.63739071961237 543.0336301577004 247.36777959748608 1.6017075 1.6768497 3.9950535 -2.8769052 1.7718189 19.190094 1.6156032 95.47163286723645 
Car -1 -1 0 702.7726302789761 181.38764543143427 763.8649309163201 227.48986673126552 1.4873303 1.5883261 3.2669337 4.3083115 1.8085191 25.520527 1.5667377 58.04424241791495 
Car -1 -1 0 292.0940739146376 181.3429315661763 354.70444300156674 211.7060002147755 1.4314742 1.5722989 3.8371232 -14.613375 1.8903186 37.05329 1.6092167 23.628183996052307 
Car -1 -1 0 498.4214267171108 172.688143476309 559.4563869935553 224.04625753530408 1.763728 1.6396683 3.8959768 -2.9102626 1.7580321 26.766651 1.6225296 56.95332298610843 
Car -1 -1 0 756.0036818089724 178.1766112317008 821.6457777210578 200.9114044583656 1.5571592 1.661268 4.1866293 12.566526 1.9378605 50.721596 -0.02689939 16.59169122156267 
Car -1 -1 0 339.26481081744134 178.52675214195295 392.87833811051627 205.38778960388763 1.5118124 1.628063 4.2430143 -14.664053 1.8722379 43.683266 1.6222646 8.868239037665193 
Car -1 -1 0 556.7078100795585 175.84275727598177 586.9812327535575 202.6429127900379 1.6247104 1.6373743 3.8350027 -2.3705277 1.8237451 46.112335 1.5968082 2.889795753501962 
Car -1 -1 0 527.7279465519466 178.08002257103246 576.95538612842 214.60589201299405 1.562393 1.6587303 4.281083 -2.6006992 1.8222947 33.6879 1.644507 3.0713266428452544 
Car -1 -1 0 680.023633507952 180.71959495458873 717.9278909023662 212.39978098493174 1.4406204 1.5409892 3.3216481 4.3341312 1.8441191 35.33072 1.6013684 0.6270672943707912 
Car -1 -1 0 657.2878868061453 175.45041989649715 690.0671139561168 196.12538882045544 1.5556576 1.6199491 3.7402248 5.0840125 1.7675128 56.838207 1.9335662 0.27514493465423584 

