Car -1 -1 0 229.3270917778133 192.28740441155944 368.46943054314767 284.2407757608542 1.4374878 1.66655 4.4467664 -6.064372 1.8939922 14.609138 1.3819182 90.4707405379742 
Car -1 -1 0 895.350904760011 177.01002018647313 1100.5652932765006 271.44697553224756 1.3958097 1.5901648 4.0832005 6.9085855 1.479537 12.681955 -0.6376149 105.0650305599189 
Car -1 -1 0 0.0 206.7195508139198 98.31593938575091 268.02372537007614 1.4687679 1.5832028 3.7527153 -16.892439 2.575735 21.556578 1.2607447 29.61353648354027 
Car -1 -1 0 413.54706662964935 182.43768242452532 466.736317673627 227.56579113761578 1.5952059 1.8126191 3.6714609 -6.71925 1.9990023 28.381947 1.2781157 32.97731176998143 
Car -1 -1 0 91.15429267745587 200.6868460803214 183.9705157323347 247.14722923988938 1.5439813 1.7129745 4.1902175 -18.745623 2.7437642 28.87532 1.3603274 40.428963027633806 
Car -1 -1 0 819.4489425417794 179.25619918753003 984.105100594912 255.0384752758768 1.4164491 1.5817537 3.9266195 6.4023886 1.5715477 15.638629 -0.6720533 52.86824942881056 
Car -1 -1 0 761.5847191287723 179.46892687356345 907.6489523263109 244.95438318414645 1.4715421 1.5899446 3.7725637 5.75822 1.6554449 18.313158 -0.6232166 28.045261937913793 
Car -1 -1 0 1113.918548271883 187.92215215693628 1242.0 241.00686376804813 1.5013722 1.6239794 4.0077186 17.99568 1.993779 22.343557 -0.22315255 24.008521422403263 
Car -1 -1 0 594.6152568090249 177.68643897827434 688.0580660780067 211.19201146765252 1.5569834 1.6707226 4.259408 1.5406686 1.8027484 35.312016 -0.27567524 14.152376130673165 
Car -1 -1 0 646.5635773780741 180.4328005260066 740.4141047660873 222.6302645276729 1.4007016 1.6067889 4.1581025 3.202768 1.7054887 26.86965 2.2105389 6.768281424947651 
Car -1 -1 0 708.776001675341 176.8247236306862 819.9878629043815 233.31129033195904 1.4590585 1.6076208 4.0845656 4.6055613 1.5865464 21.05066 2.2149153 21.74033688394256 
Car -1 -1 0 891.3263698035379 159.85190382358357 971.4566763803797 187.7696952705015 1.4443283 1.6341759 4.421301 17.587715 0.771664 39.672703 1.3214641 14.332212231686924 
Car -1 -1 0 665.9344839964879 178.97024898905457 798.5706078945678 227.3793781116382 1.4409702 1.6256533 4.1733255 4.0060325 1.6619989 24.034122 0.7750158 3.3820027041146137 
Car -1 -1 0 1066.2927749146513 186.08125434230104 1201.6921127529633 233.01810612081115 1.4564445 1.5763068 3.8820157 17.657932 1.9252591 24.331413 -0.24896076 5.257959760304006 
Car -1 -1 0 160.51144116490383 200.81747373423204 211.94080056085681 229.22189119717922 1.4917817 1.6184301 3.7738256 -25.67575 3.2707474 43.884827 1.3519502 2.131466028711511 

