Car -1 -1 0 671.7281629864838 179.96392198653894 748.0793328927454 237.11803408467054 1.4344485 1.6280117 3.7078047 2.7432752 1.6540673 20.429508 1.5655779 75.62965714017577 
Car -1 -1 0 730.9264818235805 185.50960300487662 958.4093829049838 325.26114825198164 1.4190371 1.6123441 4.4654903 2.9034486 1.6335707 9.982524 1.5503678 116.48516727448306 
Car -1 -1 0 165.53502751917694 182.62930048312643 263.11245416525907 220.25999234192395 1.4691869 1.7557495 4.465939 -17.154152 1.927648 31.589825 1.5910225 79.59425998886344 
Car -1 -1 0 246.15676389001123 181.7117440967388 313.7897318165579 213.1979624574942 1.4849256 1.5892715 3.9148376 -16.86817 1.9650309 37.126263 1.6035147 24.32387965476194 
Car -1 -1 0 632.0141827085589 177.49014441626366 668.0185652907661 209.78571807215678 1.4647243 1.5435503 3.2439291 1.9117463 1.6988685 34.815777 1.567039 31.93755222059192 
Car -1 -1 0 3.1946232274351534 185.84787934124026 139.98255226617783 237.4448760690222 1.4577872 1.6046747 3.7448463 -17.121897 1.9093566 23.202223 1.5715216 23.85103894516769 
Car -1 -1 0 655.5274682624132 177.9680675051784 713.3551703332998 223.52687551833387 1.4890778 1.6142442 3.8983421 2.6193876 1.687176 25.98669 1.5535913 25.127438268169758 
Car -1 -1 0 310.77039945772896 174.7651056816881 354.56854196621725 192.16556336667156 1.4642267 1.6231592 4.2183185 -24.281918 1.6381114 63.4275 1.7565234 4.870460600422559 
Car -1 -1 0 417.4608204808086 177.6285856333972 463.0831541051257 192.5702839385482 1.4790279 1.6493336 4.3058558 -17.401398 1.9812094 74.1972 -0.45875385 4.600179063940994 
Car -1 -1 0 554.7153310446785 175.77293883118926 598.9000537207608 190.38761443649392 1.4396311 1.6191813 4.1652117 -3.3048832 1.7401948 72.95447 0.2737755 5.414359489275954 

