Car -1 -1 0 568.1713988676181 177.5894023349251 656.068709190088 256.8737261806848 1.4546456 1.6431189 3.484445 0.111055665 1.5661709 15.221532 1.6081612 69.46178515012727 
Car -1 -1 0 26.383419338158163 196.31205992744523 400.2255061454559 375.0 1.4374013 1.7147045 4.3142414 -3.612955 1.7560773 7.6119237 1.5302327 118.24840820400742 
Car -1 -1 0 778.0326054532326 159.14687444030673 882.4474336571692 218.47557288890434 1.5441358 1.6687697 3.8488388 6.2074485 1.1873832 20.741241 1.5232146 93.171596577828 
Car -1 -1 0 485.81567915224844 178.8027652470946 549.7782166684493 222.80227977576303 1.5245308 1.7922618 4.426513 -3.443846 1.7725164 27.841965 1.5978987 54.223999564769144 
Car -1 -1 0 665.4711670539226 170.47714718060226 705.9804642399197 200.76352351172983 1.4880601 1.6789569 4.2488685 3.9071894 1.371278 37.579353 1.5751276 18.558019091118318 
Car -1 -1 0 538.9776299626321 178.90887746842876 577.6431829660613 206.73100955204475 1.4923067 1.5846522 3.9135637 -2.9052823 1.858469 41.608658 1.6699423 9.958631967008095 
Car -1 -1 0 982.8471239164193 139.97103660956395 1240.8951213650644 242.07217696508968 1.7692375 1.750196 4.410302 9.699078 1.1994321 13.982216 -0.295423 75.03827533215957 
Car -1 -1 0 1120.3541979255476 122.48284533006631 1226.123601343935 159.1026748129605 1.5296791 1.7015892 3.8745623 26.151518 -0.6794972 33.64933 1.4833868 15.446709296390912 
Car -1 -1 0 0.0 199.56418785005155 76.17209576371008 257.38305150474787 1.523628 1.617301 4.0443153 -18.646 2.4629107 23.198364 1.1394174 1.4058973880173231 

