Car -1 -1 0 337.5675030531451 192.16409449334415 372.921198826816 225.62538947259614 1.4788492 1.5985782 3.9011378 -12.849007 2.51006 36.425926 1.2237607 12.409722090718018 
Car -1 -1 0 229.484065104417 193.83134718430136 302.9093394176823 229.64277190351504 1.4716775 1.6943611 3.9068997 -16.054947 2.516224 33.949253 1.5394847 20.90808788405921 
Car -1 -1 0 852.0409494898407 177.7326870004311 1074.3631547228572 253.77611488127093 1.6233432 1.6971619 4.2163625 7.897455 1.739896 16.375694 -0.0063749407 132.0463153310128 
Car -1 -1 0 513.9538082169199 186.55263799177328 561.8481761135685 223.35358484477112 1.5933943 1.6983707 4.049618 -3.395549 2.294314 34.850075 1.6264787 24.619200695922405 
Car -1 -1 0 657.4860482460439 186.70269263890984 691.1139214525034 214.46345798363663 1.4632528 1.5359213 3.404149 3.6821585 2.2923489 41.474068 1.5425323 13.871955375818676 
Car -1 -1 0 1065.8987644509693 170.17720571081904 1242.0 375.0 1.6371531 1.6931719 4.1098795 6.182275 1.6165324 7.6733603 2.2738757 30.92380031665327 
Car -1 -1 0 373.46936409831744 191.9687061780366 421.035044314134 215.04749148989302 1.49719 1.5961756 3.9884546 -15.370382 2.942437 52.436287 1.7858086 5.15876435132546 
Car -1 -1 0 542.1143817254776 181.5548004460132 574.6499594540527 207.82347212891824 1.6657362 1.6485052 3.822423 -3.436195 2.2807539 49.030834 1.6511614 1.7248759091466175 
Car -1 -1 0 713.1610441581605 184.10496714708074 762.7606630017524 202.00856018534708 1.5995215 1.6778514 4.2412434 11.819344 2.65192 66.56159 -0.043324918 1.3609731709262614 
Car -1 -1 0 530.2140173939642 184.57812984743987 567.1326322728063 215.6313710019716 1.6790843 1.6986564 3.8032913 -3.5310946 2.3996596 42.41104 1.6123887 0.5938941066694851 

