Car -1 -1 0 702.7062655885153 180.51504376034688 836.8307962840597 273.0177792859064 1.4314718 1.6057862 3.8537009 2.8015168 1.5945059 13.420573 1.5612551 125.50107398081309 
Car -1 -1 0 574.779116548307 168.47464845156384 639.1405749683004 230.97153343007386 1.6858937 1.7412171 4.366831 -0.16747424 1.5677577 21.684578 1.525453 60.54409900439408 
Car -1 -1 0 784.2066791506059 199.1123370751088 1214.2820054080091 375.0 1.34727 1.5824502 3.9089148 2.7245347 1.6418123 6.1288834 1.583925 57.7090308372256 
Car -1 -1 0 649.6959360936793 173.2476675908824 701.224022610694 217.20872382055254 1.5481327 1.657824 3.7952373 2.4300716 1.5640976 27.35287 1.5847591 44.51860712998205 
Car -1 -1 0 328.95686491040203 174.43728883312775 380.1532646540782 205.63811079032087 1.6345272 1.5854195 3.503986 -13.979307 1.7255561 39.73062 1.5691937 57.20687487308655 
Car -1 -1 0 270.6970781744517 178.2331346241291 338.9371788439952 212.53584223253065 1.5037062 1.6375479 3.7453928 -14.310004 1.7718308 34.09131 1.5723691 17.974963950218225 
Car -1 -1 0 685.5910819139331 177.95467846793744 770.5676553421565 242.33366918813903 1.4337194 1.5243484 3.3732367 2.8638296 1.5732145 18.03526 1.5561215 40.58014680500522 
Car -1 -1 0 636.8292223257732 170.84735155039493 667.6021877027264 200.34012457162817 1.6699481 1.6653044 4.189087 2.58608 1.5563269 43.02175 1.6698831 9.71976614520516 
Car -1 -1 0 360.6717514705694 174.77511832927823 420.7241871686031 198.06908338913615 1.5260342 1.6232151 3.6441457 -14.81951 1.6598445 48.876923 0.34494978 0.7721187940754435 
Car -1 -1 0 128.3678776609197 180.3318425803163 245.74796142032463 230.54815928178903 1.4675794 1.6896769 4.3437114 -13.86836 1.7394851 23.995335 1.4778497 0.2505572736263275 

