Car -1 -1 0 392.84295155107947 166.623666386486 511.55602540028724 258.8463302847678 1.6507661 1.6794039 4.0595484 -3.0954256 1.5392444 14.9674 1.5433835 102.46756272769683 
Car -1 -1 0 685.9842256839576 178.6033700422848 755.5280916132871 223.5472862796213 1.4201714 1.5521293 3.448896 3.782958 1.6341558 25.05717 1.463603 78.43036315814406 
Car -1 -1 0 462.1908955809795 174.0185622091012 529.622931566173 227.75701444473972 1.4510269 1.5352064 3.4128542 -3.2717953 1.488164 21.28345 1.544618 37.46843134216283 
Car -1 -1 0 674.4304595721815 176.55758142001997 727.2108058131938 214.8980888243324 1.4480505 1.5812209 3.5623696 3.6556296 1.6082861 29.408966 1.5348687 18.634806486529367 
Car -1 -1 0 534.4608494116953 172.33619802748385 564.430119411165 197.02861275015238 1.5042766 1.6350405 3.7948074 -3.7814803 1.4727316 45.864056 1.5582042 19.37516889883288 
Car -1 -1 0 1070.3768192300656 188.39776252465703 1178.3445732365583 220.2439876152815 1.5500923 1.6972396 4.3970423 26.339542 2.3675075 36.99539 -0.046005815 40.343549772290515 
Car -1 -1 0 40.8026770125774 131.5001195475402 416.154230008182 375.0 1.823698 1.651012 3.9200659 -3.116599 1.5435257 6.883515 1.5259094 67.73034035631711 
Car -1 -1 0 31.05914880197324 167.9529650410281 142.41970473526746 223.3134775491237 1.5276029 1.6113162 4.079029 -15.844182 1.392365 22.099571 1.248786 2.994671135086445 
Car -1 -1 0 923.3404477120437 183.4616355731828 1001.6871605461972 224.1395973116472 1.6489072 1.6282444 3.789536 15.616196 2.1492066 32.13395 1.5683777 3.586224428691427 
Car -1 -1 0 641.5469811575912 173.63176926586613 665.7164246713492 195.12655412700772 1.490574 1.5607189 3.5617158 3.1434684 1.5485058 51.9544 1.5817138 0.6547568724096866 
Car -1 -1 0 330.534601952002 170.893786474152 374.2551089588967 196.35184956520658 1.501516 1.5978391 3.8490825 -15.813952 1.3859024 44.538395 1.490975 0.2804553210735321 

