Car -1 -1 0 659.5457130539792 183.195724627691 718.2630343367024 235.23662875432672 1.6176791 1.699767 4.098101 2.7000666 2.0102088 25.318686 1.5936747 69.96151283398176 
Car -1 -1 0 723.3937370615398 186.20038895028063 915.3766819090959 338.29554087111023 1.5859612 1.6509264 3.6434562 2.5749252 1.7997088 9.702377 1.610867 122.05022407298225 
Car -1 -1 0 579.7681200078558 180.40864426006445 637.9481276392004 236.31341473896796 1.6214511 1.7300189 3.9799514 -0.1015017 1.8887026 23.499826 1.5280123 51.51939811073639 
Car -1 -1 0 700.8511618911464 194.8343837707301 809.4865080690726 274.57156236748403 1.3764136 1.5405637 3.5782695 2.9418588 1.8954761 15.242308 1.5609009 28.662941082925013 
Car -1 -1 0 88.45663052034764 173.23387474584888 216.67494721633858 230.5035662331593 1.6105821 1.6525639 3.5935938 -13.845589 1.6231699 22.112541 1.571121 78.26147232447816 
Car -1 -1 0 259.958337130032 174.92047862622965 340.5699309683672 213.15208405234384 1.5813568 1.7322869 4.046218 -13.6579075 1.6792343 32.120987 1.6084398 20.456865346106248 
Car -1 -1 0 322.495253154036 177.93895749524037 374.49069286691497 207.2062253408123 1.4660258 1.5570012 3.5237422 -13.878918 1.7501161 38.535538 1.5523748 6.0834319480249635 
Car -1 -1 0 372.10665595453764 177.5525637446938 414.4569389954111 201.89540301956492 1.4960679 1.6129673 4.2471657 -14.120531 1.8181728 47.31852 1.5422244 3.5450206570956744 
Car -1 -1 0 635.8946220700121 185.26567811469673 675.2941627418569 216.52419732786728 1.5064516 1.6064256 3.847633 2.3933358 2.1993961 38.31143 1.5055938 11.31976402661223 
Car -1 -1 0 626.4642249800563 185.18608950323414 679.9940945680074 224.15454006006502 1.5858214 1.6224477 3.9626575 1.914868 2.1813655 32.7627 1.4174756 9.090920085936729 

