Car -1 -1 0 707.2027440775076 178.1322034503423 829.1638217336732 266.9359680387954 1.5489471 1.63261 4.070911 3.09594 1.6726108 14.866335 1.5747559 115.78957000982244 
Car -1 -1 0 744.0449960586157 182.5831424918043 1074.562338110636 375.0 1.5069511 1.6310835 4.191995 2.842836 1.6433237 7.958662 1.4898539 89.1468677059288 
Car -1 -1 0 672.7384216202411 181.2676161992201 753.1300281101777 240.31909640102154 1.4364204 1.5852529 3.8385868 2.7661088 1.6927776 20.044498 1.5434103 69.12189944479103 
Car -1 -1 0 0.0 178.83723118596282 418.3368771296675 318.8626094114131 1.5311075 1.6711512 4.2777805 -4.6990476 1.6118456 8.850906 -0.02348467 156.9824215404534 
Car -1 -1 0 345.9070407526566 179.61861301034608 519.7613170470621 239.21406437387225 1.4873091 1.6422653 4.1975713 -4.563755 1.6739044 19.051708 -0.0143788345 33.86590996798684 
Car -1 -1 0 650.0097007737795 181.4323843806336 696.8945847633048 219.72628772684286 1.4605567 1.576751 3.5910861 2.6111367 1.8404181 30.140713 1.5522238 17.608262818019867 
Car -1 -1 0 432.356043797229 172.07388824800984 542.3690608359075 223.16490800023556 1.8092655 1.6545135 3.6823316 -4.453895 1.7816396 26.577406 0.11086689 33.258911441663074 
Car -1 -1 0 664.6960325729812 181.25533746582101 728.5602142031115 227.27420396073157 1.4659313 1.5449765 3.494178 2.9975803 1.7833694 25.453907 1.4817591 26.344026564746592 
Car -1 -1 0 248.88856597300654 164.9586339014996 488.0748756944007 262.2276307726996 1.8329501 1.7152393 4.2402143 -4.6946697 1.6841687 14.498173 -0.020747352 130.71624660146594 
Car -1 -1 0 537.8491662763802 178.78937327335194 575.4817041755123 204.8641780887972 1.4751089 1.6007806 3.9455612 -3.1616807 1.852216 43.796955 1.6767502 2.5730942538133483 
Car -1 -1 0 400.7498727103891 179.72123037090196 523.3359727964703 226.82497011608064 1.4761484 1.5792476 3.6790056 -4.8790283 1.7156037 24.047707 0.18336794 1.231971718810642 
Car -1 -1 0 648.502012568322 174.53360223460126 682.3634375045857 206.69920736238765 1.7069662 1.6389823 3.8823342 3.0861135 1.8056521 40.44436 1.5818377 0.532624206638978 

