Car -1 -1 0 170.0020325635308 178.2229191756854 278.9496153312503 222.894096976403 1.390312 1.6396649 3.8794472 -13.131948 1.589955 24.878117 1.5863632 87.39714481108162 
Car -1 -1 0 656.2224814442559 171.69083856617965 724.0348606281995 234.47617360241875 1.7037742 1.8336091 4.2868443 2.3284943 1.67221 21.777632 1.6347377 47.426299394768904 
Car -1 -1 0 341.472314815394 176.54854225524375 398.0493136846761 206.95139154825054 1.4965404 1.7032464 3.8388581 -12.522129 1.7004647 37.904892 1.5686963 27.633397442998593 
Car -1 -1 0 703.4989206028246 180.59917921465322 771.8235621848094 214.97102141559603 1.4155205 1.5797324 3.9782696 5.871505 1.789504 32.74874 2.1627364 29.82335421204534 
Car -1 -1 0 1121.2460125111418 185.0644624429031 1225.4028857789287 217.00019206090062 1.5094132 1.6026213 3.9389305 27.78154 2.126877 35.624657 -0.03121103 13.78278567139505 
Car -1 -1 0 125.43033976441691 171.03019248683344 213.19350248189926 208.45465399856596 1.4917643 1.5856656 3.812468 -18.619797 1.419066 30.711044 1.5112121 4.710708732681176 
Car -1 -1 0 552.0872498782032 175.47249606937945 572.7152343919851 194.2419096888837 1.518229 1.6807584 3.522501 -3.9418397 1.7449453 60.66991 1.5184386 3.2488977360500084 
Car -1 -1 0 633.0008206664568 178.09830147682365 653.841394592311 193.57057830117267 1.3809903 1.562881 3.6622157 3.1443377 1.8855777 67.54828 1.5095873 2.894409992979948 
Car -1 -1 0 994.8528914788627 184.59991808305202 1103.6087308130627 216.92562946564328 1.532457 1.673229 4.3464336 21.705112 2.1284504 35.72901 0.021046001 2.482680744582984 

