Car -1 -1 0 263.01724215071704 179.618160266958 418.4247309874874 228.94276112159324 1.4313276 1.6754744 4.467513 -8.65003 1.6680256 23.353298 -0.5594086 91.4052521293485 
Car -1 -1 0 846.6849054971042 180.25420693361622 1078.4596977117787 254.77649392484818 1.4548985 1.6224442 4.047064 7.244278 1.6180348 15.078569 0.008117476 148.1405880650276 
Car -1 -1 0 579.2441077421165 176.6540036384748 621.6956054820112 206.17467617109145 1.4431564 1.6238159 3.4957676 -0.42693487 1.6510015 37.60833 1.7347339 38.83380184035201 
Car -1 -1 0 844.7852808079261 172.9503766634608 924.7235112323474 203.84442377667648 1.5305245 1.5763812 3.6227055 14.247209 1.5357399 37.40175 0.57426953 43.09332467380027 
Car -1 -1 0 940.0276466806756 175.0183526134821 1095.5301556563682 225.90285400828154 1.521862 1.6112547 3.926907 12.621784 1.5916934 22.4646 0.0049662087 35.111107347729565 
Car -1 -1 0 655.9250562496909 168.90298665598544 727.2312782835089 200.8896616243242 1.9108407 1.7551354 4.4127607 5.100704 1.6748123 45.338345 0.8473316 1.7045117168945345 
Car -1 -1 0 543.1922421021662 177.41566078515712 565.5898396397156 196.24027164389273 1.464971 1.5723547 3.697766 -4.475059 1.8491023 58.90511 1.5633804 0.2882954478263855 
Car -1 -1 0 942.8747743692218 174.4908183841109 1074.8172820700677 218.5362251749329 1.5099976 1.5979981 3.7942326 14.112873 1.5700802 25.64223 0.023447793 0.504546034551664 
Car -1 -1 0 487.94306792741077 178.63640753517282 515.0402413291649 193.8563375389109 1.5018513 1.6213504 3.7921937 -11.162199 2.1169653 74.74176 1.7564614 0.2630614936351776 

