Car -1 -1 0 571.6619012715877 203.25146947055 709.7848763734225 296.84939553621916 1.4204345 1.5826397 3.6398304 0.74687403 2.1032038 14.222713 1.9588696 123.41217359202786 
Car -1 -1 0 7.397622585693441 192.5729546182153 243.83286085879286 282.9324770293627 1.4889755 1.6925443 4.0038147 -9.746391 1.9563589 14.962761 1.7932925 102.69458841400177 
Car -1 -1 0 660.4437731088458 197.36753211820493 756.9728952623453 267.0821193747701 1.5034051 1.5905693 3.747293 2.708964 2.2189784 19.026936 1.9740046 66.29878406397947 
Car -1 -1 0 971.8213697076035 193.9902905041926 1116.3824152383525 239.307248826427 1.4923967 1.6374228 4.175557 15.607664 2.293216 26.11861 0.20111677 27.429214736990083 
Car -1 -1 0 1057.762517045717 198.66248174327737 1242.0 287.29623514841524 1.5157073 1.5951548 3.8353558 11.317359 2.0713205 14.296401 0.24391611 34.23170048802497 
Car -1 -1 0 1026.3908288297978 197.26341653202562 1194.0940822427049 254.62927053244442 1.5075102 1.587353 3.727683 14.573333 2.2658627 21.204712 0.23881663 19.759905166158852 
Car -1 -1 0 0.0 194.7143670099553 150.5681199853802 275.6041011798434 1.409082 1.600977 4.003143 -12.338913 1.9517245 15.8081665 1.7289257 14.35685842747747 
Car -1 -1 0 731.4830392821241 185.19866782777714 778.9894137744641 227.51309841152755 1.7958326 1.6481721 4.148438 6.950961 2.4183125 34.153473 1.9082819 25.612111331262877 
Car -1 -1 0 1055.9554341626354 197.34552914123415 1242.0 270.8607092946203 1.4776835 1.6303661 4.163971 12.94674 2.088644 16.688095 0.25347543 11.019782990838994 
Car -1 -1 0 886.7069079295948 191.61661729364076 961.2269519988837 218.77060343182055 1.6113197 1.6635675 4.0190096 19.773579 2.8242579 45.512787 0.155052 6.143418989962045 
Car -1 -1 0 862.9190437277796 191.57230399212415 887.2038337836076 214.64725985320115 1.5532372 1.6581295 4.176163 20.022633 3.0242429 54.45751 1.9183595 4.471271913268048 
Car -1 -1 0 942.1066911107202 187.9883758584658 1054.7926930043084 228.53893155119172 1.6354162 1.6602436 3.9410284 16.650919 2.3103144 31.055988 0.15263742 5.532866799973201 

