Car -1 -1 0 862.439658733557 183.08748402120779 953.4236328536757 226.50756601105152 1.4161338 1.6256039 3.8670323 10.803741 1.8185937 26.416538 1.5369241 60.09373702976861 
Car -1 -1 0 424.2787981752147 186.0005016495175 531.0573776710844 258.847656835937 1.4258807 1.662097 4.0391865 -2.9417267 1.7710214 16.90138 1.5980139 78.17569015892505 
Car -1 -1 0 1056.3276081984086 180.35991291534094 1242.0 269.3685740161753 1.5179656 1.587841 3.7264068 11.006138 1.6888298 14.525329 1.5219748 87.16358513079155 
Car -1 -1 0 818.4637202087125 181.32043675913667 874.0249663802566 215.74577747209756 1.4506532 1.5970063 3.7787116 10.851799 1.8643663 33.31046 1.6514626 41.2749109553964 
Car -1 -1 0 944.7307855980555 183.37833516927677 1036.0684115561974 222.20076424905443 1.4846792 1.5994236 4.065165 16.12249 1.9638774 30.784374 1.5222716 21.418816260522114 
Car -1 -1 0 551.2890226975205 180.00227885603064 580.1226408350841 201.03664585826132 1.4926033 1.7153937 4.2134037 -3.290225 2.0569215 54.811638 1.6247861 9.818136036342503 
Car -1 -1 0 1013.3138213854301 180.98107665823284 1132.8292442031297 227.86057899006133 1.4724739 1.6194867 3.8620098 16.093704 1.779456 25.298073 1.5381382 17.661129447256666 
Car -1 -1 0 901.5678459098142 177.99159781780227 970.0575718370584 211.25381240166286 1.5299209 1.6079949 3.7228518 16.035372 1.797234 35.65623 1.539122 8.144378519065894 
Car -1 -1 0 253.40839317944344 168.94877655106063 301.7918562090608 185.1988628520089 1.5646877 1.6317484 3.9968607 -32.378056 1.1886613 70.42548 0.06815909 4.075206595474344 

