Car -1 -1 0 187.7822211097988 190.14806616824401 389.5280580092627 294.60515520418875 1.4740136 1.6721646 4.3646803 -5.523639 1.8406254 13.101913 1.5847038 112.56875690432202 
Car -1 -1 0 747.1333349088635 179.34405890044889 985.7205775990777 258.2880231238258 1.465723 1.63434 4.202964 5.035158 1.6042119 14.472544 -0.051411696 111.05666838882323 
Car -1 -1 0 857.3693614562942 177.15801243558374 1242.0 336.04326635347894 1.453728 1.6402678 4.2237377 4.9722166 1.5037369 7.516195 0.022507709 126.19245548391244 
Car -1 -1 0 684.2632068860446 173.3372096730928 834.1372563702324 232.61052280516856 1.7463415 1.7080381 4.2248406 4.559613 1.7619834 22.31615 -0.090213746 29.349455869705977 
Car -1 -1 0 725.4367243837191 178.6665371916953 927.0814884286368 244.94430274409558 1.4680986 1.6294808 4.253845 4.997568 1.6119709 16.996729 -0.022709252 20.44016983257453 
Car -1 -1 0 701.751653777802 178.09502704943944 865.8597797333109 236.25995168022172 1.4856417 1.609747 4.024519 4.652005 1.6347547 19.565746 -0.07984355 16.973682956631606 
Car -1 -1 0 675.7651399415224 176.39844587129082 771.5381851912832 213.97368814524293 1.531104 1.5817523 3.7639153 4.754921 1.6844466 30.386593 -0.020439085 14.514638541413019 
Car -1 -1 0 516.4534339900684 180.5034781349703 541.3178734379667 203.78585873600244 1.5540195 1.6129098 3.8110418 -5.7138615 2.119774 51.406097 1.4985111 12.919139711293873 
Car -1 -1 0 625.3515474705911 175.09482522968278 666.3102694038317 189.96842731068026 1.5066139 1.6204013 3.947403 3.7752368 1.7452347 75.206825 0.47878093 5.846577079770091 
Car -1 -1 0 499.271206208047 180.3846612905188 534.4058513138981 205.4162813824655 1.4956889 1.579948 3.6386003 -5.880466 1.9962295 46.09617 1.6292131 0.5343388372559286 

