Car -1 -1 0 740.8585049450766 185.90738109986876 955.645541061749 318.28766085229404 1.4388027 1.601952 4.282707 3.133512 1.666502 10.427141 1.5478723 106.8353531699173 
Car -1 -1 0 687.5695810889683 183.99663880901537 787.9252262343293 252.17358477134187 1.4563161 1.6096021 3.6570876 3.058609 1.761909 17.907967 1.5004306 75.5366935098567 
Car -1 -1 0 82.15009408288134 190.54663339710106 188.57454612543097 237.14195751709846 1.4648103 1.5538918 3.47863 -16.803385 2.1395252 25.764565 1.5547718 74.65668519242395 
Car -1 -1 0 164.90376598654413 189.35039543932896 248.56252179224518 227.13643702948926 1.4248087 1.6000906 3.7836235 -17.09312 2.1734362 30.817123 1.5239742 25.200961553086913 
Car -1 -1 0 245.9238218865488 186.94554749480784 311.194127177257 218.88161328087955 1.4255025 1.592477 3.9986067 -16.441055 2.1691327 36.040142 1.5210874 20.72321521069402 
Car -1 -1 0 0.0 193.92309571975176 109.59700845172586 257.6137798780067 1.5045167 1.6546397 4.3315454 -16.621595 2.1714897 20.663328 1.5557108 32.45992064542269 
Car -1 -1 0 398.0296679649345 181.39384842792524 427.9009769175759 200.72410023030932 1.5739254 1.6570222 3.6838584 -16.924534 2.332828 62.257782 1.5452895 9.770145942090148 
Car -1 -1 0 661.4119934401257 182.26312139960365 716.9357729912139 223.569043642538 1.4168023 1.585276 3.8293185 2.9694824 1.8016149 27.570719 1.5393742 12.142870594448777 
Car -1 -1 0 344.14834219685287 182.68487999393594 385.88223579176736 206.02148535314487 1.517142 1.6099892 4.141881 -17.141497 2.2371178 50.754875 1.5492755 7.597325409699759 
Car -1 -1 0 597.0784821592862 179.13553927823435 616.4715845319212 197.4091733574812 1.4889524 1.6136072 3.5919735 -0.22206621 2.0428987 61.829548 1.5761703 5.522926132137787 
Car -1 -1 0 673.4534854707825 181.91007843248101 743.130903505474 232.20813376444664 1.4253099 1.5805213 3.7193477 3.0610626 1.73788 23.015182 1.5323614 1.6760615816076732 

