Car -1 -1 0 345.12793950289614 189.90605445656954 483.3266919606255 283.7125718159949 1.4589921 1.6364938 3.930966 -3.5776005 1.8344548 13.913529 1.5605837 115.03496926132811 
Car -1 -1 0 770.1099792156889 188.27768670223992 1025.975114049022 359.88258713067387 1.4748989 1.6299629 3.7529912 3.0414145 1.6964111 8.453591 1.6127223 105.44503955449878 
Car -1 -1 0 668.4058031605192 182.61157135474372 713.4492316355031 219.39359815916052 1.3746238 1.6036396 3.6080344 3.3006806 1.8021609 29.777546 1.6144841 35.65719505252141 
Car -1 -1 0 424.7467769925881 186.5347326404104 518.5272801827723 250.03832958876174 1.4298553 1.6304407 4.201894 -3.5485933 1.8354031 19.273428 1.5892557 48.35663132361344 
Car -1 -1 0 861.9365016689418 178.22773517295678 1031.463696261836 244.45729177301754 1.5288054 1.5556357 3.4436853 8.169867 1.6675117 17.713795 0.078519 62.10237230587167 
Car -1 -1 0 528.7151107428803 183.66158040839883 570.938620300302 213.90057550593318 1.400965 1.5821536 4.323856 -3.0184076 1.9912896 37.207645 1.6281714 14.233484731545477 
Car -1 -1 0 475.21922139628947 185.62335885029657 539.5828755365609 232.94689955830125 1.4224862 1.5994124 3.9666111 -3.4172802 1.8959079 24.757565 1.5835271 12.35212009978606 
Car -1 -1 0 655.0139992228477 178.94478591032814 690.6302955687011 208.82129200935358 1.4831662 1.6096646 3.852018 3.3316987 1.8248717 38.5442 1.58283 4.689920579225794 
Car -1 -1 0 580.8642943134325 178.71868921363057 605.6507134920384 197.20744038151466 1.4919189 1.5539649 3.6167479 -1.3565387 2.0057814 61.323895 1.7069267 2.758674312283403 

