Car -1 -1 0 696.168393537517 186.38606153428327 814.2956020041592 267.68769939704197 1.465198 1.605016 4.1549277 3.0247478 1.8012388 15.811271 1.5325501 103.89310770008137 
Car -1 -1 0 763.4751242440635 182.45137699125476 1028.4534960813562 340.20130882750965 1.6141605 1.7022254 3.959432 3.4944196 1.7701622 9.680294 1.4810505 106.89447066547699 
Car -1 -1 0 335.0713622256771 177.32754453208392 418.4357225707981 222.61263972094815 1.5177015 1.7211133 4.0002184 -8.466347 1.6950855 26.59515 1.5886241 92.81341929542756 
Car -1 -1 0 680.773584382014 182.21227730215804 749.9124181081229 238.66707245813814 1.4977379 1.5508754 3.3320973 3.052306 1.7964503 21.363237 1.5683246 50.37773267753754 
Car -1 -1 0 0.0 181.22870951642835 227.64764699819997 281.43497975308037 1.4550467 1.6500301 4.0904174 -8.711849 1.6281843 12.868263 1.5665157 95.78771766381038 
Car -1 -1 0 395.9417059599401 178.58378132843302 461.2003330224148 214.9541425706867 1.4815954 1.6275901 4.053161 -7.9706087 1.7532647 32.1296 1.6446252 12.310659558059308 
Car -1 -1 0 659.9265685534521 183.61625106273715 721.0709769948429 227.79950939268878 1.4285135 1.5766988 3.4541311 2.8434527 1.8425326 25.976583 1.4967287 13.368374509903987 
Car -1 -1 0 432.2574567277307 180.20114494996926 480.7272619805758 210.07942577105376 1.4385715 1.572867 3.7088826 -7.9073534 1.8402991 37.561348 1.62012 8.356027255835953 
Car -1 -1 0 642.3202364096777 181.35217131953104 692.8405165124805 219.23094533986847 1.4826945 1.6281322 3.921258 2.4384317 1.8732674 31.153069 1.5069683 3.7368024042534853 
Car -1 -1 0 646.6918741535515 178.1891596058718 683.9863788715766 205.63833469802006 1.4954513 1.6057196 3.692771 3.1974466 1.8197494 41.954456 1.4913281 0.3312816321849823 

