Car -1 -1 0 414.42293799189184 176.74667603106732 506.6175518366981 219.78744662108684 1.4921355 1.7201457 4.352597 -5.7910147 1.6535193 27.667183 0.91078615 45.27028638746593 
Car -1 -1 0 1115.853900436411 151.9339587932512 1222.779865517324 192.8333977174606 1.6668581 1.6826208 3.970878 23.90409 0.8142609 30.829435 -0.31999123 36.730465229397296 
Car -1 -1 0 0.0 183.23206796821717 163.8921186313612 287.5359907569953 1.6923765 1.7242836 4.3592505 -10.702931 1.9185084 13.896223 0.51622534 73.29591739391263 
Car -1 -1 0 121.39367115301299 189.73268522639754 226.39526789109513 235.4442962153498 1.4106619 1.5916498 3.8172092 -15.349143 2.0564227 25.65581 1.5157881 21.97479378126817 
Car -1 -1 0 332.65445418443977 190.91101895094917 403.20005565796924 222.44982201996672 1.4829288 1.6291747 4.202189 -12.872867 2.5075436 38.71154 1.7989805 12.890710387788044 
Car -1 -1 0 257.69363031709133 186.19491069765246 320.39843516188597 231.80901615913535 1.3689862 1.6459813 4.0117526 -11.049099 1.8728211 25.085382 1.2408001 10.175043129219212 
Car -1 -1 0 467.9408054013567 176.28472580406907 557.0998870687157 214.04136604832095 1.4608862 1.6233337 4.008725 -4.12486 1.6143401 30.27729 0.7918036 13.714496208624539 
Car -1 -1 0 1069.0678565524347 158.70772658359095 1159.9294174991526 192.33926801073085 1.4833417 1.6541774 4.144449 23.438213 0.85941064 33.477203 -0.45479447 3.800913049557434 
Car -1 -1 0 546.0241807113324 173.47990817301152 598.2051227161501 208.79808309961132 1.4893448 1.6232498 3.8117442 -1.7484744 1.5193553 32.547607 1.3182204 8.879810086343896 
Car -1 -1 0 976.3749537911922 160.6697544988202 1039.952874281821 181.8580493643422 1.4960665 1.6583096 4.015998 29.271397 0.63575906 53.115402 1.2359736 1.3901826524197365 
Car -1 -1 0 225.4574429411229 196.24024957595046 258.60259674842405 225.9525950793126 1.4538975 1.5902226 3.7276416 -20.626022 2.8324487 40.51084 1.1000068 3.954292148724699 
Car -1 -1 0 374.8881782010153 188.2544195475066 447.8848545609904 220.12390152849642 1.484213 1.6700824 4.0215664 -10.323209 2.339171 37.880974 1.9225719 2.682528675508097 
Car -1 -1 0 1019.5654527697521 161.45237727956726 1096.1968959949027 185.93619465141478 1.5053536 1.6612756 4.093192 28.305367 0.80434036 45.589417 -0.20325965 0.6569460898610335 
Car -1 -1 0 1039.8146479492602 164.09358940184435 1117.4452524743674 193.13503378729715 1.417852 1.6350682 3.8369784 23.952494 0.9901539 36.831863 -0.4755671 0.29917868971824646 
Car -1 -1 0 816.4115887623567 165.89889962516574 842.9354642046883 187.3466255278988 1.4760593 1.6209278 4.0337763 15.841018 0.99740034 51.82939 1.9173578 0.538075517396084 
Car -1 -1 0 592.7236200643916 172.45955960774734 637.2130535414809 201.63994761901398 1.414361 1.5963808 4.0613594 0.2206454 1.3952425 37.10903 1.4008901 0.5222601842789684 

