Car -1 -1 0 0.0 182.24011507088125 168.94030681344975 258.9671314936034 1.4848748 1.6601303 3.9059014 -11.958093 1.7252973 16.46908 1.4910073 78.49832137897032 
Car -1 -1 0 688.555364238266 169.4348072308899 776.3234851481932 251.72431500689305 1.7120697 1.8152306 4.4486814 2.8209672 1.6409318 17.325077 1.6848235 37.335242590419355 
Car -1 -1 0 815.0839306495997 180.30296361524293 922.7014657494783 223.3065625133308 1.4401225 1.6192582 4.0709877 9.5888 1.7331575 26.585518 -0.5850781 68.1890506064489 
Car -1 -1 0 1000.8126900516789 180.2185121507324 1106.8648070280267 213.63022829692798 1.5451766 1.644377 4.1431103 21.318285 1.9089067 34.707336 -0.052182242 22.592174577257165 
Car -1 -1 0 1123.1333332696627 182.9612087400703 1242.0 225.18421138850786 1.4575803 1.6425521 4.2433825 21.320301 1.8359997 26.164925 -0.013503694 16.856335856990867 
Car -1 -1 0 725.5510997262971 175.50469341291844 828.3816249914308 212.98817680926243 1.665385 1.7226173 4.3039885 7.6156535 1.7901891 33.07845 -0.0153228035 22.72962485689488 
Car -1 -1 0 532.9064228118892 176.03690156782247 561.2214670158749 199.31545463184608 1.5697801 1.6866801 3.5814984 -4.376799 1.8023818 50.937702 1.5713906 6.943895024013682 
Car -1 -1 0 343.1961992477713 178.19536115718324 378.70679353991545 202.04799704547378 1.5581305 1.6782055 3.913927 -17.218851 1.9444513 50.12192 1.4134728 9.815109893665694 
Car -1 -1 0 632.683796625646 177.9066050665986 657.156570127507 196.34794679026132 1.4073877 1.6570904 3.7041917 2.8103971 1.8265378 57.976402 1.5351946 3.329859149083761 

