Car -1 -1 0 0.0 193.72646676444526 187.2291194326956 325.5586311547978 1.4276257 1.6290896 4.417155 -7.733112 1.8113956 10.912722 1.2038562 95.2300268624141 
Car -1 -1 0 800.3036884495408 172.51837425494597 897.2815413228822 247.8747920830731 1.3746057 1.6254466 4.3635206 5.2486877 1.3684833 15.487689 1.9725822 52.97981999870146 
Car -1 -1 0 582.1916450359444 180.61624337440068 702.3803661134776 232.77478241851878 1.3567991 1.6268895 3.9477901 1.0637004 1.6098032 21.451221 2.215142 51.57725076187673 
Car -1 -1 0 1081.1510801823617 159.05798964157503 1242.0 251.3154733443498 1.4537957 1.6469539 4.329782 10.811766 1.2363977 13.65184 1.7617447 57.73093370018222 
Car -1 -1 0 631.108223096963 178.09693405244585 767.7166410967807 239.52589246670155 1.3828095 1.6512258 4.005537 2.4245176 1.5336144 18.67552 2.2475836 77.33034088913983 
Car -1 -1 0 233.94749639659813 180.5210432850756 310.93806481711306 240.20818560906986 1.6698854 1.7896868 4.0527587 -10.789157 1.9370651 22.947506 1.02512 56.42674767588141 
Car -1 -1 0 472.33630023050483 179.4642803370576 563.9731149251995 219.66078635646906 1.4389743 1.6097863 4.092289 -3.5476918 1.722327 28.739574 2.0374353 15.011786855456851 
Car -1 -1 0 768.4994421117478 183.87880117859223 861.4758863775725 218.77571316490892 1.4566185 1.63774 4.1910043 9.414648 1.9875842 32.989807 -0.52594006 23.242596996044355 
Car -1 -1 0 545.7730194607038 181.40796696947788 656.5495745633264 228.4484311612079 1.3672155 1.6116946 4.036299 -0.18621157 1.6751137 23.856115 2.1814563 21.061812465902225 
Car -1 -1 0 500.52046354822653 179.11206576185896 599.4924453805447 222.95412504417834 1.4194694 1.6193063 3.826851 -2.0627449 1.6628469 26.00448 2.1146636 15.131391143973602 
Car -1 -1 0 861.1925184669778 183.90238551313846 955.74948586453 223.194572897323 1.4434967 1.5855948 3.8248222 12.088507 1.9152073 29.128477 -0.5517273 23.60753331072151 
Car -1 -1 0 1039.4758070208393 175.26505191180178 1168.8338107609595 229.07812171488308 1.5348805 1.6411406 3.8650455 15.316146 1.6148381 22.325985 -0.46672726 6.844190513227046 
Car -1 -1 0 911.9435724326518 181.20167174621378 1017.8870024870441 224.6636645313211 1.4550579 1.6304635 4.0309925 13.126229 1.7831364 26.595476 -0.56074864 10.985370112945544 
Car -1 -1 0 318.83632619781264 183.37903982014248 342.8875136991876 200.25763328032593 1.3707591 1.6447626 3.4535851 -24.313381 2.3161087 62.895523 1.1100112 3.249054127185006 
Car -1 -1 0 736.9038432516264 185.19138616226536 823.3993257064427 218.69038015529057 1.5003109 1.651886 4.134937 8.383898 2.1352959 35.37467 -0.53285927 4.173053684036378 
Car -1 -1 0 395.3675497115178 182.07485591134653 476.42604220118193 210.93190530506882 1.4399967 1.6042473 3.9355257 -9.325488 1.9582579 38.830643 -0.55902094 0.41645288467407227 
Car -1 -1 0 981.5245293764872 179.50692021904706 1095.4201978457188 228.97430631446042 1.5151688 1.6546099 4.127235 14.542156 1.7569642 24.406511 -0.5755612 0.9668493716120101 

