Car -1 -1 0 738.5285689546984 166.29061131858128 1021.1623574370194 363.36558040343425 1.5883087 1.640608 3.6271336 2.502993 1.5354116 7.631448 1.5741122 89.1790685835228 
Car -1 -1 0 298.9781032982037 183.3677941923566 501.05700756641016 255.6795243109823 1.5341134 1.6997929 4.489386 -5.0997825 1.8218153 17.807571 -0.57696444 148.32450408964073 
Car -1 -1 0 718.3921056878283 165.1012222657243 832.9721909451603 209.1698369539162 1.571878 1.645693 3.8169956 6.142825 1.295345 26.855122 -0.16130522 35.92227417161918 
Car -1 -1 0 19.48043600619167 202.74274361092085 382.13500616080086 375.0 1.3996677 1.577699 3.9098866 -4.409457 1.7854457 7.655018 0.52154577 117.61663463368184 
Car -1 -1 0 621.3527177663061 173.44133311466075 651.803828518427 200.264790008225 1.5576618 1.6736253 3.764552 1.6033692 1.5949137 43.87369 1.5607737 10.267378756821113 
Car -1 -1 0 60.36291957365098 202.40498557790602 224.40430489238162 271.82634696969524 1.394194 1.5853096 3.8369737 -11.477434 2.2129054 18.061487 1.5839552 13.628489452601555 
Car -1 -1 0 651.0271501948463 159.90289463707697 722.2099738533938 228.84809741782948 1.8411355 1.6405084 3.7305965 2.166708 1.4952848 21.144209 1.5575156 59.590127413271034 
Car -1 -1 0 180.72655792768708 196.62298251928948 279.54527582368405 227.40818069255633 1.4206458 1.5675303 4.0835123 -18.888454 2.6443653 36.061073 -0.15337637 1.8305524527848547 
Car -1 -1 0 467.0340463991164 178.27157651229066 543.7955932342815 206.733902948264 1.4840125 1.610546 3.811466 -5.6433625 1.7875226 39.245815 0.20542474 0.7936666327481995 

