Car -1 -1 0 268.9515283687308 177.29275724249382 352.5480064412483 252.59540593642416 1.5760934 1.5996304 2.8290815 -7.057787 1.6901469 16.916555 1.101807 57.22204640037641 
Car -1 -1 0 1058.6304920947111 198.2901665276862 1238.2034134538426 279.62631751399493 1.4106382 1.5606716 3.7759287 11.291779 1.9982016 15.0852375 -0.49378496 102.7407488886993 
Car -1 -1 0 650.2366089807595 177.91396798086745 777.8511807696004 230.9103357375691 1.4528863 1.6146865 4.011711 3.2554631 1.6210344 22.062035 -0.70569193 82.31260138008301 
Car -1 -1 0 416.47267919908035 173.06011350175194 498.3230112292517 204.1227264534859 1.4717498 1.5702237 3.6609342 -7.544497 1.48247 35.868732 -0.5802848 23.95559809495584 
Car -1 -1 0 437.7413502598055 174.97194532134475 525.5277841290548 207.7028385178428 1.4507346 1.5682385 3.7836666 -5.9944453 1.5558081 34.004486 -0.6724139 44.075619492155184 
Car -1 -1 0 599.4866005468494 177.76093414527733 723.6936564777016 225.2736031089409 1.4355106 1.624573 4.154878 1.7986573 1.6128426 24.137964 -0.6798653 28.94821711478476 
Car -1 -1 0 555.6284259811079 177.64724095361294 661.8680668158254 220.03816586636216 1.4211506 1.5629463 3.7605698 0.015104324 1.6085582 26.404457 -0.6972829 29.23648418723542 
Car -1 -1 0 274.1004463458574 177.63205995818055 344.4241927957279 233.1747195989674 1.4234085 1.6049538 3.8325484 -8.772327 1.5756629 20.919815 1.102819 6.010577193272795 
Car -1 -1 0 99.02987069694224 169.18455672042018 150.40803240926547 198.98585342005083 1.5191795 1.6371294 3.899148 -26.061026 1.3321222 38.895943 1.1563544 4.787150426908858 
Car -1 -1 0 261.7001015964094 176.37649328544217 311.6368637236504 214.06508714065487 1.3823996 1.6137381 3.7782068 -12.976829 1.5334744 28.897194 1.0932562 10.41179376984252 
Car -1 -1 0 539.173254410041 176.4799572067233 638.9251154354943 216.23458546033694 1.4539388 1.5885421 3.7740593 -0.7694955 1.6065311 28.54287 -0.69862014 0.26318880915641785 
Car -1 -1 0 270.04491564903367 161.0713786612259 306.55537397891504 200.45162506446533 2.015477 1.7229582 4.0243025 -17.385315 1.4124434 39.11702 1.1621575 0.26016634702682495 

