Car -1 -1 0 233.4025466464843 177.94288423068 448.2793608510314 328.6492032834296 1.6511254 1.6435974 3.876034 -3.4324265 1.7355163 10.001637 1.5380254 127.96067827166168 
Car -1 -1 0 689.449980577082 166.84298038105248 833.4064986115883 224.22391144106714 1.5978146 1.6238153 3.8125563 4.3462877 1.4304332 20.991697 -0.046663202 65.70536100068914 
Car -1 -1 0 498.8973606305405 174.10252597877164 547.7336083585044 218.0177657723209 1.6740279 1.6099912 3.788274 -3.4640527 1.7284126 29.521416 1.5528996 22.361214185586903 
Car -1 -1 0 440.39679278626056 168.57252897871302 518.5252228423536 240.14346876513022 1.8256226 1.6067628 3.9829483 -3.5727668 1.7164112 20.419966 1.5402629 99.78093468241697 
Car -1 -1 0 515.5108484837896 178.36986102986359 569.8739775474546 206.81107564914137 1.4307104 1.5787271 3.759471 -3.5667768 1.745265 39.115837 1.884176 11.339035629393921 
Car -1 -1 0 793.5624599031053 152.1668714528666 1065.6716705307072 287.18231138575544 1.8584522 1.6143188 3.3701417 4.6727934 1.5736992 10.835327 -0.05804144 27.81226170014725 
Car -1 -1 0 775.8892519593193 126.77308269998427 1222.342784217699 335.0896192944937 2.0414886 1.7230309 4.0995297 4.127014 1.5898986 8.061705 -0.06391678 83.42447362064595 
Car -1 -1 0 658.8829794389185 173.7378337511857 781.736126908767 217.48779427789592 1.5135682 1.6405058 4.1048317 3.9336886 1.5466092 25.987976 -0.08215497 4.834876152512104 
Car -1 -1 0 473.94336924888177 177.31733212912516 530.3515708491408 224.50690139934423 1.5177915 1.5653597 3.5468018 -3.7028499 1.6857045 25.346107 1.5373886 0.3480495810508728 
Car -1 -1 0 678.9954126133971 172.06945127596666 810.4177020413499 220.32612658032932 1.5094306 1.6056137 4.0022187 4.311343 1.4848905 23.44247 0.035507955 1.197384357754106 

