Car -1 -1 0 718.624298868109 171.23183548395895 891.5357475861615 281.15529010684713 1.4920089 1.6384603 3.9029455 2.960392 1.469991 11.773844 1.5339929 107.98125653281565 
Car -1 -1 0 659.1294005878248 174.71559040860768 738.6560007112738 229.63957065985767 1.4355915 1.5899706 4.2732306 2.5074506 1.4958591 21.183125 1.5170997 78.45089436433969 
Car -1 -1 0 36.59065998620903 196.95908302619583 166.67832767833235 247.06628032128464 1.5420033 1.7497623 4.267717 -18.38792 2.4951124 26.39423 1.5723343 51.83614393165072 
Car -1 -1 0 244.87574388785143 188.96970003406526 308.54460725672635 219.65674755473674 1.4983668 1.6299951 3.9603164 -18.040321 2.420344 39.29625 1.5741097 17.570678836901767 
Car -1 -1 0 643.4747678419607 175.46423141917708 704.3679719271224 218.0220036618677 1.4381586 1.5976313 4.251589 2.3059478 1.543085 26.827276 1.4996309 32.68902765492905 
Car -1 -1 0 310.69361394900545 187.25770996601986 353.94101843582246 211.88711946792466 1.4661006 1.6520405 4.324446 -18.305937 2.4654284 47.817165 1.4552195 11.127305919395601 
Car -1 -1 0 160.75014892882845 193.36365894949745 248.47736476544682 230.87589001473765 1.4804382 1.6720598 3.9428778 -18.206686 2.4652624 32.651775 1.5996354 18.19623282406051 
Car -1 -1 0 629.2331120297113 175.90341066495645 665.0053809663543 205.2929848532481 1.4326568 1.5781479 3.776498 1.9043674 1.5990851 37.473946 1.5481663 11.350176749368236 
Car -1 -1 0 610.7708215250923 175.56422627791497 633.6262058643601 197.31269421574103 1.4951093 1.5856924 3.6356914 0.89701056 1.6968563 51.884216 1.5818725 10.95169836185302 
Car -1 -1 0 343.70962861880037 179.06662716617387 394.6453025055848 210.7726442198551 1.7940478 1.6757216 4.036929 -14.473749 2.1874514 43.6571 1.5885448 0.25847113132476807 

