Car -1 -1 0 627.1385385908455 171.11553586530033 729.9347104883848 256.72693591807547 1.7166042 1.666184 3.8953748 1.442127 1.681746 16.478893 1.4859879 123.98315163318824 
Car -1 -1 0 1064.2336897401638 182.53388499435079 1242.0 257.1553514603716 1.4081423 1.5746906 3.930985 12.286528 1.6517262 16.146952 1.509882 55.81771784542814 
Car -1 -1 0 341.721727961663 179.8499357576382 453.58008240434606 214.58130342173274 1.421142 1.674538 4.432659 -9.051505 1.7339125 31.12025 -0.1397748 99.46743475674745 
Car -1 -1 0 788.23647559057 170.09872677464202 878.1014992170135 227.3110161540178 1.7137815 1.6562368 4.209717 7.219779 1.6312478 23.719843 1.5725896 24.799254865485434 
Car -1 -1 0 378.65275380529715 179.07742814842587 465.76438827171796 210.79107973304068 1.5143504 1.6296271 3.9788945 -9.246371 1.8320931 35.84198 -0.093395844 11.656674073621348 
Car -1 -1 0 835.2660273378643 173.82523989207863 904.9174357829816 206.99520673942206 1.5290598 1.6316862 4.1614313 12.732441 1.5797701 35.529892 1.4847288 6.967812756703266 
Car -1 -1 0 440.2817417503736 178.8605959317566 497.83133485576076 200.16201859736248 1.5122662 1.6253715 3.8977156 -10.201951 1.9570143 52.56684 -0.023484249 4.4417688428131745 
Car -1 -1 0 532.4237585927937 173.22885031234415 559.5171408656137 201.80041164381038 1.7998248 1.7047031 4.0173454 -4.169513 1.8256149 47.57479 1.4938073 7.137956747704735 
Car -1 -1 0 614.7434893770327 160.48366093574688 690.8121168464097 234.9056231063135 2.0131733 1.850683 4.810292 1.1902984 1.6785457 21.95655 1.5330163 13.872635073047075 
Car -1 -1 0 1052.6136684338342 175.34300691046238 1188.572839138696 223.62456063804672 1.4872289 1.6104329 3.882853 16.769905 1.5736219 23.704193 -0.2983386 0.40993034839630127 
Car -1 -1 0 577.1253776965428 174.9840297341416 598.0548696659798 191.17605569550238 1.4863222 1.6084154 3.7736037 -2.11824 1.6950576 68.730545 1.4360076 0.8085965181630929 

