Car -1 -1 0 508.59128732063954 176.77732927323962 547.9716242682999 208.65435784785552 1.4613662 1.6523647 4.2786055 -3.9718704 1.6677712 35.786484 1.5270149 16.006200585045704 
Car -1 -1 0 379.58512183558395 179.48896444752327 472.15923239067035 211.00502443531045 1.4807696 1.6386037 4.0912104 -8.880088 1.8111832 35.09304 -0.009514433 48.90755851632451 
Car -1 -1 0 232.42523580829206 182.0970954726483 401.3365114981936 240.19604380166678 1.563789 1.6665376 4.154328 -8.274367 1.8395311 20.617388 0.03609891 61.93284548129345 
Car -1 -1 0 571.3898862192123 174.21314889198337 605.0441113088825 204.44673547462284 1.5230101 1.7039459 3.7240252 -1.1462889 1.5989212 38.408344 1.535367 20.686589334739253 
Car -1 -1 0 14.119236398868422 182.70491375264865 315.0852379573699 280.80559531278936 1.6103591 1.701143 4.3178215 -7.7599645 1.797812 12.873267 -0.0029192707 100.53219454954703 
Car -1 -1 0 0.0 195.56554012689904 205.8122694319513 311.19382240066216 1.4929507 1.5566632 3.4169877 -8.019236 1.8496816 10.4902935 -0.038148597 54.5680533967542 
Car -1 -1 0 298.1427517555858 184.39266001244584 428.3677723519559 232.01893578736255 1.4671818 1.5832794 3.6935384 -7.926685 1.8549812 23.43606 -0.012082124 23.507769871392007 
Car -1 -1 0 127.47402785243486 187.47515077397503 333.1300530299568 262.6833423092695 1.4908671 1.5740781 3.565889 -7.9925265 1.8197968 15.424753 -0.011544004 25.391117163093213 
Car -1 -1 0 173.86140796430257 187.60071900942495 352.8982375229445 251.04957860242783 1.4722685 1.5795132 3.7631142 -8.604394 1.8611839 18.10146 0.07453151 12.31671929883324 
Car -1 -1 0 921.6537733592786 149.7222151053459 1142.3543456114344 255.2516734482859 1.6885675 1.6781538 4.0463257 7.6572638 1.3184378 13.598523 1.5332131 1.2475745571536556 

