Car -1 -1 0 692.9321653093119 174.66999458618332 803.2624984974926 258.01726100272856 1.5476913 1.5774955 3.5783353 2.7990556 1.5907032 15.283385 1.5485089 105.70290860466511 
Car -1 -1 0 751.1815896400569 178.29896973750812 964.5932153904195 328.3264995151463 1.4881815 1.5574776 3.4097896 2.844396 1.5691338 9.004806 1.5940734 116.83112321530149 
Car -1 -1 0 659.08451024181 173.4289073867151 727.7232114319168 224.5257472729789 1.5260142 1.6089735 3.8408213 2.6475668 1.5463411 23.552155 1.5193455 76.01892426959957 
Car -1 -1 0 136.80604565629514 198.14867625213998 249.48462405322417 249.40307892759162 1.551368 1.7509091 3.937905 -14.708769 2.5232239 25.752958 1.5701627 74.40786524262992 
Car -1 -1 0 19.551967535725424 202.0871358666135 138.80232560589306 254.40572437834595 1.593424 1.6461246 3.6056032 -18.825417 2.7127335 25.814108 1.5583534 63.418886375221796 
Car -1 -1 0 634.0829975076929 176.5641832489891 679.0400542443086 210.11577268254484 1.4125851 1.5600523 3.9080114 2.0785666 1.5916127 32.81822 1.5093851 21.183607080905656 
Car -1 -1 0 361.68845256916103 187.39881554298168 394.4978536890928 207.48429585981907 1.512586 1.6316162 3.9108407 -18.954771 2.7467868 59.228333 1.5151138 6.758274126253696 
Car -1 -1 0 323.602859557188 189.98383324813244 360.835505850906 214.19263702408526 1.5344273 1.6157793 3.8406255 -18.688328 2.7828279 50.578568 1.4455345 4.523664429955774 
Car -1 -1 0 216.60222971452362 194.4713017040115 287.31084307810556 227.97417565894938 1.5436819 1.6700892 4.1393747 -18.725306 2.7437825 37.98678 1.5710927 0.64175228897188 

