Car -1 -1 0 722.9420574056045 181.99574406963492 941.1884815895824 325.1838149924283 1.453508 1.6125023 4.173086 2.6719856 1.6027299 9.68469 1.562614 101.34743060466661 
Car -1 -1 0 381.1975794169458 185.40643891568664 495.9759999841127 262.15415728466763 1.4756632 1.7091985 4.419913 -3.8104029 1.807147 16.827957 1.5510973 103.71522882320957 
Car -1 -1 0 655.3631350979574 172.5059815835891 707.6169196104671 216.53018529285885 1.6249349 1.6661046 4.1653137 2.7871974 1.6120894 28.715015 1.5712478 50.37165556162616 
Car -1 -1 0 440.59022253849514 179.32472869709298 519.2935004930756 235.3299063827894 1.5120617 1.6726562 4.4000616 -3.8674366 1.7309482 22.19921 1.5606651 38.33999009324276 
Car -1 -1 0 636.339275065524 176.68587346148732 672.2965299252605 205.64682122570292 1.4954755 1.5965428 3.874954 2.4180367 1.7169976 39.74569 1.5323492 8.342752344483271 
Car -1 -1 0 540.2939158990717 178.86760797173508 566.1981761868175 201.52535995915898 1.501807 1.5961729 3.8932958 -3.9317727 1.9417889 50.82879 1.5509402 1.5054520661577981 
Car -1 -1 0 403.12098063443966 156.82724709757215 455.6376934438077 188.98398803842383 1.5283422 1.5898813 3.7792094 -8.973401 0.7666242 36.206062 1.6011941 0.9958025498192037 
Car -1 -1 0 622.7140098831584 175.89748009476014 641.3241465873034 190.65307836342575 1.4159962 1.6654449 3.674626 2.2615778 1.727394 71.925095 1.6539221 0.8380256810048712 
Car -1 -1 0 471.519051814599 181.3956887525921 534.0085579002367 223.51723472726295 1.4276178 1.6145136 3.9635599 -3.9547048 1.7745148 27.287813 1.6149138 0.8698243431572941 

