Car -1 -1 0 694.2543336509743 175.08620322921462 771.1446339047809 233.4072261410872 1.4452826 1.5779114 4.047242 3.3188763 1.5137627 20.086601 1.6043739 75.35381670905204 
Car -1 -1 0 752.7936199491179 154.0947305944216 930.0327285829034 289.18246331037307 1.7095466 1.6581318 3.8296547 3.3218937 1.4721464 11.084467 1.6200819 135.4947788534781 
Car -1 -1 0 215.26035137079543 190.25212094667788 426.2416743638274 262.3245377494598 1.6016289 1.737773 4.484275 -6.9571204 2.0523624 17.622118 0.09180664 135.0956762057562 
Car -1 -1 0 0.0 208.7092883998434 265.4567204968381 323.6829149454255 1.4083875 1.5766271 3.7763226 -7.176034 1.9671361 10.327228 0.06910564 96.67170577864722 
Car -1 -1 0 680.8885649230867 174.28249159241534 735.5314164374963 219.26361448137737 1.4916273 1.6230729 4.0511374 3.493383 1.5474315 26.122585 1.6219556 44.19468702534899 
Car -1 -1 0 611.2000079075659 173.5408868520227 645.7124052353744 206.35556621735896 1.6106833 1.6605229 3.8440208 0.93434036 1.6481466 37.425133 1.5631754 27.753681862924005 
Car -1 -1 0 377.3768466872937 186.93792018929085 486.3013605405053 226.72915182163283 1.4320095 1.5769007 3.7459722 -6.786526 1.9930594 27.717964 0.13043788 18.379337276776702 
Car -1 -1 0 400.99368356108096 185.46981181603195 506.24332472755015 222.10475727157387 1.4520653 1.6131241 4.0141783 -6.4667134 1.9954013 30.154146 0.057689007 10.908620959909834 
Car -1 -1 0 337.68131025033864 189.50155124301415 459.5107925514602 239.00290893348154 1.4552984 1.5420139 3.369975 -6.640172 2.005696 22.866508 0.13374999 13.158023530743078 
Car -1 -1 0 287.3557232348971 190.35108094867493 444.7780023023292 245.63136301121867 1.4386829 1.5910621 3.8977144 -6.8025055 1.9557948 20.357414 0.08977275 3.7430993418047174 
Car -1 -1 0 458.86366000915245 178.34496468034658 536.40858193877 206.05995037702684 1.5515615 1.6584945 4.1662216 -6.445327 1.8770664 41.779976 0.07990634 2.922673532051634 
Car -1 -1 0 424.8897944975323 181.32071393690762 519.9821292685548 214.67459602126092 1.5100203 1.6578269 4.135251 -6.432622 1.9211969 34.09372 0.0578068 2.180809352768316 

