Car -1 -1 0 744.4363004261726 191.4819264948828 948.1357209308511 326.16472997173224 1.4445901 1.5981601 3.621346 3.0500178 1.7516572 10.068978 1.552456 108.06604535862665 
Car -1 -1 0 267.91837458632574 190.23602045659715 480.5626361967242 351.0174355796412 1.4940442 1.5676447 3.6561465 -2.6493583 1.7546526 8.962057 1.5336074 91.63317008996496 
Car -1 -1 0 695.7532891194073 181.21256157386173 795.5659950909024 262.2303261426775 1.5731207 1.5976555 3.589857 2.928292 1.7815139 16.185696 1.581634 91.93613718198027 
Car -1 -1 0 402.08837165886723 186.54035669760444 518.7814492414285 279.81847715590146 1.4881945 1.548179 3.431049 -2.7006578 1.7815534 13.741676 1.5596311 60.140087723898276 
Car -1 -1 0 657.7919596565399 177.9660163550838 707.5426229464433 218.99809376349504 1.4746389 1.6114837 3.9807982 2.8117433 1.6902544 28.431519 1.5850066 33.02944704179996 
Car -1 -1 0 679.228356100654 179.25110496828412 751.5706774148266 235.22247767421402 1.5339899 1.6134471 3.9496026 3.1593208 1.7484771 22.210173 1.561609 37.61436109390054 
Car -1 -1 0 454.7803751231993 182.67857497891887 538.8809709134316 248.25203262150774 1.4647399 1.6072655 3.9125037 -2.8025904 1.7457353 18.671549 1.5593041 26.48289632516041 
Car -1 -1 0 636.9492443866735 175.0482375704438 666.785756031048 191.91888502752587 1.4934853 1.6689138 3.650503 3.8597074 1.7013383 66.36931 1.3069029 4.302181604227438 
Car -1 -1 0 478.18670464372207 172.7839116118998 548.3113980075501 230.5972270507143 1.7289617 1.6846483 4.2582955 -3.062955 1.7268655 23.71815 1.5837541 4.289224361882092 
Car -1 -1 0 172.46574814837942 182.46379529076185 292.8652278081146 222.61025106420595 1.5007055 1.5783583 3.9451034 -14.742895 1.8902345 28.32919 0.0662579 3.1252569434039863 
Car -1 -1 0 173.5102854548402 184.8106033234417 321.7041660006902 232.0080667127687 1.5835443 1.6638277 4.398078 -12.7123165 2.0208492 25.519648 -0.017438278 3.681061011453979 

