Car -1 -1 0 613.5646269678915 201.03968931997292 751.9192519775506 292.18077727631055 1.433481 1.586129 3.6991222 1.605969 2.0823212 14.600597 2.031123 126.23623170325011 
Car -1 -1 0 94.03814803297415 190.2859957118796 302.5479568256911 272.9094582687543 1.4807904 1.6651864 3.940335 -8.857227 1.9176682 15.956048 1.8653004 86.54753246324354 
Car -1 -1 0 704.2679395869205 196.3966012580678 796.2023233162441 264.26058907374176 1.4925697 1.5877043 3.7162526 3.8476934 2.187901 19.290655 1.9993086 62.69710901071648 
Car -1 -1 0 3.0624088241190637 191.32876531631612 222.03136202870053 266.4956723114247 1.4138806 1.6280187 4.157196 -11.355 1.9029043 16.880718 1.831816 50.26658693213456 
Car -1 -1 0 1019.175955171263 192.54652222111312 1170.3821613266553 239.57345175140287 1.5155027 1.6474231 4.1562734 17.13503 2.252714 25.686773 0.25695035 28.116801601707202 
Car -1 -1 0 1076.6342987598034 196.54121501992208 1242.0 254.98943239070607 1.4921277 1.5977576 3.828842 15.895417 2.2158577 20.755653 0.2757513 19.835561922151282 
Car -1 -1 0 775.8434273048082 184.3856940658008 823.0259843382206 224.066061585639 1.685966 1.6394031 4.119922 9.042279 2.26739 34.16272 1.9583107 16.320273455452316 
Car -1 -1 0 1001.1336503482559 193.14663945640564 1130.6470361124168 236.53373963822835 1.5285652 1.6400284 3.9852812 17.661507 2.3588204 28.124115 0.31496617 4.9610331582530325 
Car -1 -1 0 961.4444184767527 191.94677805793066 1017.8403565070134 224.53269858355725 1.4313352 1.5956141 3.9375465 19.017294 2.4463692 36.257744 1.8093783 3.778001083267803 
Car -1 -1 0 988.8600294271968 189.9629498178929 1107.052438626174 230.2315064231997 1.5677655 1.6244261 3.9343555 18.337135 2.3161678 30.344454 0.21775185 5.9337482145481015 

