Car -1 -1 0 770.0294993107566 168.56257090357371 1068.9835114263603 284.2147368754187 1.5583341 1.6010118 3.72164 4.4205017 1.50051 10.625793 -0.056089345 131.48498913421994 
Car -1 -1 0 468.09927429601424 184.65729729086777 547.6425388840289 228.43659224121936 1.4793612 1.5866648 3.7556024 -3.7887979 1.9623562 27.49982 1.8586535 21.28705796708714 
Car -1 -1 0 231.45753068325385 167.99062168577916 449.05261112704073 330.66746537611937 1.8293316 1.6240683 4.0819244 -3.4863782 1.774642 10.172714 1.5480713 115.99324416966475 
Car -1 -1 0 436.7586323582709 176.70911165228094 522.7631721125097 248.39938919469898 1.7008548 1.6344995 3.8689618 -3.3506637 1.8141859 19.269444 1.5614126 58.77087758019506 
Car -1 -1 0 733.9893044778346 176.41280336983394 974.6081841016496 265.58346614740077 1.5171643 1.5991349 3.8723166 4.335615 1.5865357 13.204934 0.03138637 28.832612928960096 
Car -1 -1 0 670.2971904412552 178.94773120974227 806.9397930914723 229.0135394977278 1.5443585 1.621626 4.106788 4.1014175 1.7486938 23.330938 -0.025900908 35.757554191692975 
Car -1 -1 0 380.3346514466375 183.52804259472185 481.7771242685111 267.66352996099505 1.5256417 1.4842072 2.818116 -3.5809686 1.767029 14.882477 1.5350323 25.78913061699871 
Car -1 -1 0 694.8678920494708 177.0036972914277 906.4843197253045 253.6402873793928 1.5472984 1.6415359 4.1087956 4.0020456 1.6416589 15.534762 -0.025256194 19.796246468095948 
Car -1 -1 0 656.1359649012096 175.41085238483618 773.1450797824004 224.9508023605692 1.7090476 1.6489097 3.9320025 3.6989927 1.803653 25.838984 -0.01737667 14.958465076912347 

