Car -1 -1 0 365.98558070623983 177.1861240370901 448.26196416665795 225.39102364973354 1.4179353 1.6336638 4.158537 -6.5299172 1.5728456 23.701216 1.5446329 57.22939284020439 
Car -1 -1 0 78.99951298087196 184.68912839398715 302.96594866776945 314.8667239187089 1.5275078 1.5672708 3.444767 -5.8630314 1.7305783 10.586535 1.4678088 109.80522538772597 
Car -1 -1 0 629.8107778277857 165.6599335400588 731.3266918546869 203.25012287859548 1.4657488 1.5962095 3.844689 2.9132624 1.1852314 29.728611 0.47864094 70.98642797866174 
Car -1 -1 0 249.71842482323575 183.8925860342286 397.41403036582835 262.38697531355484 1.4408838 1.6442862 4.2636356 -6.119707 1.718381 15.99345 1.5541844 61.13928829158661 
Car -1 -1 0 565.7120923046482 170.16802059500372 597.7253828327235 200.33304268454967 1.5094144 1.6024489 3.7136593 -1.4815288 1.3750117 37.997353 1.5234915 23.14284850038344 
Car -1 -1 0 487.0263387326403 173.04658394693647 519.1920180046498 196.71335495805099 1.5007621 1.6119952 4.005308 -7.0077686 1.5140598 47.804703 1.551841 12.683682709496026 
Car -1 -1 0 1131.8141158657713 135.798566238354 1214.5795013752174 160.40133443003612 1.492208 1.6249609 4.0393686 37.509743 -0.8678912 48.121597 1.0883569 9.906182220625258 
Car -1 -1 0 566.1810971538741 165.21602400689255 594.6704926620399 192.78861895612837 1.6254727 1.6796126 3.8434207 -1.8023484 1.1751949 44.493053 1.5270212 0.3916623890399933 
Car -1 -1 0 719.6364291867355 152.25890444848687 790.6079971866401 182.28168343439003 1.6623247 1.6283803 3.839443 8.340899 0.5219991 41.292454 0.2978981 1.9284992778346275 
Car -1 -1 0 467.3384388811643 176.6333616069821 507.54394770131586 204.1588674754811 1.4388156 1.5791782 3.6969895 -6.7322226 1.6584715 40.08069 1.5791262 1.1505034213008332 

