Car -1 -1 0 32.027023266583186 195.15460246192055 251.8311134210278 295.3026941502978 1.4974387 1.6316856 3.908166 -8.528424 1.978905 13.619361 1.5653205 60.87355519427416 
Car -1 -1 0 699.3301646438815 180.80374289338428 844.5330448402011 288.8861728146146 1.5098858 1.5926973 3.674218 2.5606883 1.6645977 12.196609 1.5602221 56.61887730451923 
Car -1 -1 0 60.54986594743708 193.42730691765888 453.20463554241013 348.0840749654585 1.5147647 1.6050113 3.7649708 -3.8794494 1.7786481 8.289335 0.08834524 113.52807890060213 
Car -1 -1 0 642.2144219177549 180.17864023739824 712.5151657741313 231.8060581881849 1.4714298 1.6484063 3.7184966 2.0757012 1.7245263 23.019638 1.5006077 41.872367566439415 
Car -1 -1 0 13.182076337369274 197.46977587494536 181.38972310530545 276.5415191322793 1.4705932 1.5243984 3.3621006 -11.309035 2.082354 16.211283 1.5154245 34.32886850429978 
Car -1 -1 0 432.537357997395 185.10957549926283 541.3530408204955 233.66577929984433 1.4349432 1.634033 4.160927 -4.2300596 1.8857795 24.458807 0.82654953 54.09596198148451 
Car -1 -1 0 225.2646660142016 189.99998998331534 324.06686571735776 238.20208635263538 1.432351 1.5796024 3.949956 -11.387484 2.0693145 24.826473 1.566649 9.36238214706369 
Car -1 -1 0 360.21917169487375 184.66551099801333 413.0749342109891 221.8791273310871 1.7396126 1.5872622 3.7501836 -11.304213 2.3731394 36.81394 1.5558383 23.4180167384329 
Car -1 -1 0 246.0045268089731 188.21821265289742 432.0249175239696 291.74600818230095 1.5250103 1.6063554 3.8467445 -5.000087 1.8440903 13.08811 0.7475426 14.110649715184094 
Car -1 -1 0 755.9935023548613 112.0136160382445 1204.9230369480497 375.0 1.9479808 1.8572881 4.5386753 2.7364633 1.5748367 6.700182 1.5768015 9.461416396712119 

