Car -1 -1 0 0.0 182.62887176542932 165.371022829104 247.9271639318385 1.4323334 1.611044 3.779252 -13.217114 1.7058251 18.29143 1.5621414 103.18200781603399 
Car -1 -1 0 664.4155169673273 170.24085540014394 737.4090583226929 238.6611310453081 1.7141589 1.823855 4.401058 2.5071006 1.6486907 20.355019 1.667163 47.60212011787512 
Car -1 -1 0 277.1543504479822 176.92422303566138 354.63279640843166 214.41075766285365 1.4731581 1.7350881 4.0889864 -12.452801 1.6589417 30.869019 1.5460912 32.756165435305455 
Car -1 -1 0 729.3993109335801 179.09463454046585 808.0409424977831 215.9564351594737 1.435832 1.6295203 3.8804145 6.841583 1.7193952 30.784092 2.2826016 54.07704464398716 
Car -1 -1 0 1170.5545460790504 183.2664086668477 1242.0 217.7301359834683 1.4830046 1.5949821 3.783575 27.693914 1.9630716 32.41491 -0.028888455 23.408403790450357 
Car -1 -1 0 1031.1260210078567 179.64963031062524 1148.8104001196323 214.11863722631588 1.4970157 1.6383635 4.23324 21.591618 1.8113734 32.525234 -0.015669947 18.771063661775333 
Car -1 -1 0 943.436845430001 176.31829911297115 1029.8313169952128 204.18097713898607 1.5422534 1.65674 4.107959 21.464157 1.7444849 41.150127 -0.070161 11.184762349293395 
Car -1 -1 0 548.6445479499918 176.23724823960058 570.7269697564765 195.91049192615364 1.4994555 1.6647767 3.6231618 -3.9445348 1.7776132 57.47569 1.526788 1.1415767777143127 
Car -1 -1 0 378.0584685915315 177.0414924675851 413.2603876808471 197.11200290668006 1.4964848 1.6011567 3.9631736 -16.73417 1.836554 56.611855 1.5667619 2.3449987704380706 
Car -1 -1 0 634.7606523982097 177.11678772374015 653.8801664098174 194.10605037591787 1.4539309 1.5699387 3.5483122 3.0801356 1.8450716 64.42453 1.5804899 1.2818769260471456 
Car -1 -1 0 211.8918370948416 179.56502096631309 263.8271442256873 204.09909396307214 1.5245832 1.6165501 3.660653 -24.505226 1.985425 47.69834 1.5467274 0.5803327785599527 

