Car -1 -1 0 279.12520608940747 174.02501704821557 453.6553261235771 277.1487760929775 1.798274 1.9059855 4.464715 -4.762512 1.8261771 14.913434 1.6235194 119.883332994846 
Car -1 -1 0 421.10853158353353 185.60459431743666 488.59000406916607 232.24084198167068 1.457465 1.5494931 3.5208604 -5.34209 1.935833 25.295063 1.5901521 20.612737255916727 
Car -1 -1 0 80.72182401491301 194.04424136607886 299.7492845810463 272.48382052960034 1.5004561 1.5718739 3.6627402 -8.630674 1.9662331 15.049879 0.013205504 39.70710423668025 
Car -1 -1 0 478.96533739136544 181.171972175739 520.6042512406983 213.11879456832523 1.468209 1.6101878 3.998396 -5.4551067 1.9093329 36.239975 1.5372481 7.951329629657369 
Car -1 -1 0 297.9500062679704 162.24960538739788 362.5839201004041 184.7731474814101 1.51211 1.6137422 3.7927718 -19.064651 0.80018747 49.335487 0.047124714 38.08194055739086 
Car -1 -1 0 0.0 191.83094027477938 240.18960372773947 292.7766866974046 1.5534816 1.6060773 3.7377923 -8.547976 1.8975421 12.249367 0.015787356 40.37297063844068 
Car -1 -1 0 263.89178607214416 182.41295969658603 360.7854374631767 225.28579378536347 1.4060396 1.5512562 3.6988468 -10.803701 1.7752732 26.150583 0.633804 20.803109771643545 
Car -1 -1 0 138.54267937172568 175.11549865633637 243.24935912826348 208.43120157316005 1.489013 1.6160617 3.9786596 -19.306992 1.596604 33.35393 0.084663786 6.883590147448728 
Car -1 -1 0 140.5196416156576 193.12063158870626 327.0790472995083 259.5482324069879 1.4801567 1.5660583 3.7244153 -9.010098 1.9953419 17.474283 0.0458041 4.202114595997136 

