Car -1 -1 0 536.0929667400537 166.78186955740844 627.2886731656378 206.1075823362396 1.4392205 1.6125054 3.7337184 -1.0314846 1.216996 28.388603 2.20369 76.60190398595131 
Car -1 -1 0 636.341536446007 165.5898152250921 812.6735353037948 225.9533882477563 1.5174026 1.705253 4.4429197 2.9965968 1.3347975 19.239176 0.114744976 142.97884748706937 
Car -1 -1 0 843.940156361477 161.49850575631757 1029.1258954422374 221.82110277756505 1.5211997 1.6500908 4.1445355 8.532644 1.2348397 19.079403 0.028543312 135.15217671095445 
Car -1 -1 0 999.7730936102743 152.79591514854044 1046.8394307240294 191.5782808468971 1.4163013 1.5085751 3.2303767 16.158014 0.68379575 28.121937 2.1172256 30.198522370757306 
Car -1 -1 0 606.6428761122966 163.44096917940843 696.2366982053126 203.40161581508295 1.451827 1.6276934 4.014778 1.7162598 1.1098381 28.322302 2.1884687 38.8381749310775 
Car -1 -1 0 200.39739970493693 175.07953612955683 325.5201415784568 219.84200911682987 1.5399683 1.6089859 3.7264628 -12.349264 1.6224775 25.832336 0.06173824 61.25777042146919 
Car -1 -1 0 1027.0798401090933 154.48208876381298 1235.4734974475332 217.433112735441 1.5544134 1.6610967 4.1754575 13.378218 1.1007663 18.673248 0.012573594 126.45779308067421 
Car -1 -1 0 760.3406263763413 158.34579092879952 847.132115998506 200.8754038006172 1.495148 1.6402563 4.10674 7.457206 0.9851051 27.472359 2.2597933 10.198708504098077 
Car -1 -1 0 849.9517511238115 156.18484363990598 927.8176377021025 195.68896156245626 1.4524543 1.6079066 3.9537296 11.101634 0.8395766 28.544235 2.2922127 12.096427870295367 
Car -1 -1 0 1060.1700375376233 150.63614915948895 1197.952578855639 202.39940632359006 1.5327241 1.6359125 3.8880684 16.600773 0.8748474 23.313982 1.5646143 0.25537577271461487 
Car -1 -1 0 680.8194565333418 161.98514247369948 764.3446515428317 203.22820954310887 1.4680282 1.6302656 3.7817235 4.398921 1.081156 27.692833 2.1965241 0.25199878215789795 

