Car -1 -1 0 123.45198820639757 178.8899524950859 244.55486255246728 229.7905211297659 1.4343905 1.5962826 3.7498064 -13.203998 1.6396028 22.654615 1.5688292 75.84986291810418 
Car -1 -1 0 322.29890617389 175.64004922330844 383.60166840427644 207.55207000216404 1.4696958 1.6860566 3.8641086 -12.547142 1.6143205 35.512352 1.5576676 24.77409979739145 
Car -1 -1 0 657.9367765600983 173.75867863311484 727.2472429461928 236.098885424756 1.6424623 1.8285791 4.140015 2.391601 1.6717559 21.218037 1.6632624 54.97921931350348 
Car -1 -1 0 713.431769283883 180.7640440767821 781.2639571782126 216.04026909608214 1.4245031 1.5677644 3.8304298 6.177744 1.7982596 32.06893 2.1683242 31.644041187949664 
Car -1 -1 0 1137.7574205286837 182.78000618830197 1242.0 216.27556189469027 1.5458269 1.6232071 3.875022 27.861422 2.033158 34.604992 -0.0042989077 7.563719257725329 
Car -1 -1 0 550.8228653586519 175.95218778403103 573.4600294345453 195.60702337119235 1.5555003 1.6574559 3.501742 -3.9374213 1.8189926 59.524143 1.4454646 2.2795984590958787 
Car -1 -1 0 230.12817038860908 173.9976105010951 279.60674096246885 197.55034255451437 1.5633149 1.6621711 3.889575 -24.54268 1.6458032 50.064453 1.5260264 1.3221644399223142 
Car -1 -1 0 634.9683344277989 176.87291742373836 654.7364848278795 193.95135043573126 1.5127981 1.5928695 3.6461391 3.2334292 1.8940419 66.6119 1.5556706 2.4832765217822765 
Car -1 -1 0 926.070725817914 181.16775035743024 999.5260484433984 207.0193929849727 1.4717797 1.6253102 4.053587 21.28409 1.9896463 43.482075 -0.35272974 1.6694466265268988 
Car -1 -1 0 1005.2933103979491 183.03366290374416 1117.366151212631 217.17943431428108 1.5705022 1.6664891 4.305018 21.607666 2.0716443 34.621872 0.030855922 5.460023155009653 
Car -1 -1 0 388.6115226712313 177.57028480911777 419.81340743251303 196.9528874027022 1.49621 1.6072514 3.833781 -16.635532 1.8920206 58.601498 1.523059 0.2595963478088379 

