Car -1 -1 0 615.1579157389499 172.8297607433581 718.5350932296985 268.5820663250391 1.5321018 1.6639738 3.7415314 1.1357683 1.5317138 13.500189 1.6877966 59.371926238248676 
Car -1 -1 0 395.24605553513277 174.20533162461805 539.3154487798863 277.90756651661786 1.5361388 1.6470743 3.7598567 -2.3101766 1.5634102 12.649714 1.6113476 129.96030887741645 
Car -1 -1 0 787.8753302472139 179.87308101655 1029.8763789859115 368.228822824549 1.4824878 1.6195917 4.239602 2.9753735 1.5826995 8.073246 1.7452607 91.03940556936809 
Car -1 -1 0 18.828757788449806 189.16152141670332 184.01414551933578 247.89672875338363 1.4969332 1.559238 3.4414465 -14.073937 1.9786994 20.170668 -0.2260311 86.25791462693464 
Car -1 -1 0 806.0320546009777 163.81229260729177 857.8020861837795 195.14643650822032 1.430306 1.6445458 3.7663388 10.680663 1.01758 34.885014 1.6602031 35.79325534502146 
Car -1 -1 0 673.1864972139805 164.03910480148284 757.3295379360648 227.4689616859826 1.7089298 1.6806769 4.043513 3.2615135 1.4714384 21.627724 1.928709 65.45937132314899 
Car -1 -1 0 642.4600471320504 169.99785785665134 669.7435026936021 192.77076243094916 1.5180932 1.6307461 3.8324125 3.2659812 1.3276961 50.106922 1.7041221 4.3772077770168645 
Car -1 -1 0 753.545266479234 165.45320012654847 791.5073326418952 194.14654967770716 1.5158348 1.6330909 3.906485 9.014642 1.1248593 40.14896 1.6806664 0.2996436655521393 
Car -1 -1 0 405.4150014881257 172.52288868098344 475.5247217316952 200.74605070155377 1.5499189 1.6325271 3.927397 -9.717553 1.5317352 41.71999 2.1356177 0.5155880106601094 
Car -1 -1 0 747.6482853408086 164.41727395185282 775.5738659893425 186.65692057842728 1.5360965 1.638469 3.9134412 10.893098 0.95337 51.87903 1.6935115 0.5155682516981345 

