Car -1 -1 0 0.0 197.52664675000906 190.01374796277867 274.0459892520573 1.5159385 1.6564503 3.7909179 -11.711784 1.8952866 16.671795 1.6208812 106.30348680276356 
Car -1 -1 0 512.7785258676917 179.2992231815934 558.6525961994969 219.71223256194384 1.407109 1.596638 3.537133 -2.5133686 1.2744107 26.468422 1.455327 50.6419515708926 
Car -1 -1 0 220.6199268862656 179.8348741281379 375.2855482938584 290.9808786980774 1.7183307 1.6692289 3.8813512 -5.687429 1.6676908 12.973961 0.90595996 102.87742250841984 
Car -1 -1 0 604.933737464793 161.20677483976098 706.8579155047308 211.83281306864407 1.862834 1.6560473 3.7514176 2.010713 1.056869 26.898338 0.028012436 17.51432929514615 
Car -1 -1 0 571.6096947658856 173.99164977899417 600.1721338768607 198.7536453303892 1.5544431 1.6606755 4.128851 -1.0102646 0.9820105 46.476566 1.6011369 14.751723210874014 
Car -1 -1 0 357.0353694141483 185.04792401148381 403.59359115133384 210.04056136124618 1.5271983 1.7277153 4.333112 -14.257665 1.6584835 45.72892 1.5512955 7.156140170075341 
Car -1 -1 0 336.62799908601437 187.05687692848383 370.61613170247335 215.3418441731033 1.516768 1.687175 4.175239 -14.363436 1.7570361 40.7973 1.193744 5.802240991886749 
Car -1 -1 0 512.9655607092636 176.6559875129158 544.9973239584449 206.49448635273814 1.5580213 1.5907557 3.5966787 -3.954997 1.2210034 38.76293 1.511857 2.374539615060875 
Car -1 -1 0 298.84467188535507 174.3751126862454 343.63253412008925 196.58312386193685 1.4712389 1.5862358 4.012416 -19.332031 0.8925427 48.868404 1.5464151 6.439949757444992 
Car -1 -1 0 386.52717038493154 185.3950004878758 422.76784882003324 206.39949352240427 1.457512 1.5732105 3.659756 -14.264284 1.6292139 51.30378 1.5818362 2.269368058816864 

