Car -1 -1 0 906.2787580078983 154.7461371456196 1011.076285421383 238.15230265432143 1.6420577 1.6875267 4.0033236 7.7646885 1.2855593 16.372967 1.9051521 94.99859983132994 
Car -1 -1 0 487.53223776579034 144.12480196440313 551.3988468599865 177.91151838173167 1.4685754 1.598953 3.4543414 -4.0904417 0.21983021 33.252697 1.8876699 57.779956319054655 
Car -1 -1 0 798.097522436295 144.09298582449713 871.6166908573276 210.22862498878854 1.6527627 1.7844163 4.101382 6.3984666 0.93401045 20.262894 1.9138337 52.90350858659441 
Car -1 -1 0 219.19205414091795 144.61295560417213 342.77883676624384 192.15247705770417 1.5752188 1.6394608 3.9316452 -11.536874 0.6394536 25.352562 0.35022372 52.096277666519136 
Car -1 -1 0 894.7093670932119 150.00425999506012 951.8393203757172 193.1695758743082 1.3950071 1.5950004 4.1300154 11.013193 0.65655416 25.531618 1.9174199 20.757196699589787 
Car -1 -1 0 532.8161625377412 141.5446911980469 590.5650597539411 171.8482958825604 1.4707217 1.6191211 3.8063188 -2.4078074 -0.05475259 37.21855 1.9041077 17.744594046280422 
Car -1 -1 0 951.0681144628563 180.5867320218277 1242.0 316.81644883686846 1.3904607 1.6065307 4.0614214 6.46282 1.5013888 8.937796 -0.32693076 32.369128756249005 
Car -1 -1 0 292.8017252692701 142.98815286907552 403.4319243642985 183.90426470984175 1.5016298 1.6382576 3.9919689 -10.153027 0.40554687 28.015024 0.4017779 47.0892601448569 
Car -1 -1 0 582.1425206388285 139.4957465157019 631.78660947714 166.01761617528743 1.4916248 1.6288059 3.9846425 -0.104652405 -0.4357862 43.842155 1.9555864 12.89292683588157 
Car -1 -1 0 12.80249277281786 137.78420575174763 237.34832046437927 227.00461983433343 1.7986903 1.6696899 4.1509123 -11.009097 1.0916805 16.781982 1.9185817 21.126656124928918 
Car -1 -1 0 355.82189732955413 140.99658618879212 452.958741792195 178.36746043446325 1.5119243 1.6550186 3.9390516 -8.781903 0.2230595 30.840551 0.48411962 10.109139329528238 
Car -1 -1 0 132.66060424121392 150.19202918837087 274.937196618887 200.71061702213484 1.4749956 1.6002105 3.8775134 -12.567713 0.81333196 22.386002 0.28884286 6.133640929901792 

