Car -1 -1 0 226.61254264354906 187.1361933284678 406.99520602238493 291.8966491359451 1.4998009 1.6676556 3.981427 -4.976301 1.7945106 12.882799 1.5520861 91.79460378671934 
Car -1 -1 0 337.4421144854447 182.69066850309474 452.5998084774617 254.10031042563676 1.5027695 1.6624064 4.1799517 -5.1442213 1.7749788 17.865206 1.5562392 46.4188844080372 
Car -1 -1 0 234.29789411593188 182.37017874395667 364.59879284659775 234.5660398771357 1.4834971 1.5837288 3.6243079 -9.86053 1.8152846 23.190598 2.0899074 14.868314920531366 
Car -1 -1 0 433.19488627007945 177.43814545858933 478.50170727855067 210.6764195591922 1.6335878 1.5939897 3.3541846 -7.961995 1.8833401 37.619564 1.5887232 19.11229358261665 
Car -1 -1 0 155.03406289792702 174.1573749333199 279.0544865837565 243.9242662628728 1.6627105 1.6531526 3.9611125 -10.505536 1.7008882 19.201534 0.72636443 60.46296095521675 
Car -1 -1 0 74.14659468695501 187.0877760058108 221.36721296534034 263.756047813554 1.440403 1.5823978 3.8138282 -10.311537 1.7919762 16.0229 0.66475093 23.715901717043163 
Car -1 -1 0 0.0 182.87209664792093 137.98138184976762 280.2652897527891 1.4961306 1.6326507 4.0579495 -10.446995 1.7077994 13.358652 0.6578105 16.487820815136498 
Car -1 -1 0 203.78464001983582 166.81567768326238 311.29737977939567 201.55912777697418 1.6254691 1.658268 4.358638 -16.832577 1.3429666 34.622974 0.016925318 5.123813937992432 
Car -1 -1 0 287.03360129078584 164.85596704256042 385.0178716298406 211.0604280265515 1.7908041 1.6933074 4.0657177 -11.314325 1.4808142 29.776272 0.5707469 3.1373635479643447 

