Car -1 -1 0 476.4759676280923 205.53449476982553 627.9111459029539 306.73732490858447 1.3998611 1.5907738 3.668296 -0.89050096 2.089393 13.242115 1.8477907 126.77552786052937 
Car -1 -1 0 579.7346799845553 200.63075859641694 676.8790973162107 273.3135459499644 1.4822481 1.5922374 3.6924756 0.5787406 2.26081 18.231071 1.8459711 68.7263007827015 
Car -1 -1 0 885.907196155651 196.79207001489135 1018.8963151081034 241.04188255421496 1.5039896 1.6297725 4.148306 12.605295 2.426181 26.734735 0.12229514 36.93866469019937 
Car -1 -1 0 942.6888583719427 199.59123598207844 1099.0981308301446 254.55864406280782 1.4931582 1.5890013 3.7658322 12.253058 2.336462 21.69551 0.14721438 20.995353812589833 
Car -1 -1 0 980.6359352017026 199.71574524812402 1242.0 290.2840267068964 1.5668863 1.6407602 4.049364 9.858188 2.1492627 14.424625 0.20683134 52.56993616925432 
Car -1 -1 0 1045.6020679107446 203.4579357970359 1242.0 312.2098043791571 1.5040271 1.6075263 3.747517 9.52433 2.056017 11.829715 0.21459484 31.535877433984776 
Car -1 -1 0 971.0059914128577 201.20336002090713 1193.1797792313594 271.8416906336054 1.4542332 1.6112758 4.071408 10.948902 2.1688142 16.998055 0.19738452 11.701255487979168 
Car -1 -1 0 871.6262348050892 196.93949335741434 981.3802471436995 238.06632754980453 1.5273991 1.6206003 3.7866461 12.747321 2.53967 29.212494 0.16626586 10.277932118523427 
Car -1 -1 0 654.1613576942419 186.74676259910825 696.7871292480951 229.84367031662802 1.8025886 1.6842242 4.232677 3.1489956 2.497014 33.840088 1.7354842 19.57876053151733 
Car -1 -1 0 860.8759170174648 194.18223155664944 965.715769696348 232.64430962179395 1.5542045 1.6293249 3.9219902 13.152112 2.5150928 31.429337 0.13855247 6.4022615559931175 
Car -1 -1 0 781.8021139369939 192.60380325385532 805.2682674331626 215.12552847344827 1.5526252 1.6023568 3.571823 13.996442 3.1108947 55.01497 1.7833512 2.876871137160152 
Car -1 -1 0 965.4118527762841 199.84481583018422 1136.2936120255615 261.93298990494844 1.5063611 1.5676302 3.6052551 11.776396 2.273249 19.457129 0.14968182 1.9915177550516856 
Car -1 -1 0 817.2430926381314 195.58109001113888 892.8868785127667 223.73954524463792 1.535296 1.6150126 3.8192878 14.102959 2.8719852 41.580383 0.025916051 1.5578462938736757 
Car -1 -1 0 831.1706132961755 193.7309247289676 879.3255317718513 225.76587360387694 1.4719684 1.5591339 3.393637 12.605278 2.5987587 37.19089 1.6492126 0.2672199606895447 

