Car -1 -1 0 425.55207365117235 186.8304828957324 564.5543803359302 249.77137084799756 1.4792094 1.6716175 3.8035855 -3.0512364 1.9047254 19.917479 2.147784 98.98683938594907 
Car -1 -1 0 168.35829149415835 185.88387107298647 276.5464317012579 227.90672029719383 1.4943097 1.5429951 3.4760861 -15.318792 2.0463998 28.696554 2.1533625 41.21542938666985 
Car -1 -1 0 364.56422849960717 188.2748367400574 508.0136085203148 243.65945590094086 1.3944008 1.6109704 4.185925 -5.051786 1.9021559 21.570768 2.1613584 57.467673152326235 
Car -1 -1 0 312.15550246796573 188.99825753493795 435.61356354271066 238.73217812910627 1.3750607 1.527426 3.5953355 -7.4586873 1.9353806 23.119965 2.1499636 55.460421279199885 
Car -1 -1 0 935.8034797098281 200.79905390459632 1038.9604488249092 267.967646514262 1.4767017 1.569705 3.6473036 10.165162 2.296897 19.300867 2.309957 47.53193733474107 
Car -1 -1 0 138.79051678951495 186.13527346784642 241.97241291793944 224.54117640832447 1.4358554 1.5313791 3.3893294 -17.40174 2.0231009 30.072725 2.1713352 18.768965827923562 
Car -1 -1 0 841.6327469423878 203.676307142414 981.2895866287727 285.39396612677047 1.3882588 1.5730093 3.6433198 6.5698876 2.13084 15.522589 2.332697 89.02930303535885 
Car -1 -1 0 1021.3136134447052 189.10544641791813 1079.8816693306194 234.00038417175858 1.754236 1.6770575 4.1807766 19.54637 2.5213284 31.904884 2.2506626 11.107991582678366 
Car -1 -1 0 22.511380061646257 181.8910625026348 112.47327625902224 213.5531363907614 1.6227894 1.6749622 4.0749993 -30.163826 2.1542163 40.310715 1.6847696 2.721164162496499 
Car -1 -1 0 288.9388113260765 187.68111774743412 411.0262094257581 235.53801972039648 1.4304943 1.5879056 3.834048 -8.85062 1.9843049 24.895535 2.1029665 4.3246434139228755 

