Car -1 -1 0 261.16663693792236 188.82955031492483 421.83790094880703 282.67035427901794 1.4723232 1.655543 4.0458016 -4.9907866 1.8281903 14.042368 1.5616094 95.13033105569772 
Car -1 -1 0 0.0 198.3824221688756 266.9893384506329 375.0 1.4574221 1.6471746 4.1316476 -5.473733 1.8191577 8.088225 1.4737493 120.14678432816892 
Car -1 -1 0 351.90274021011584 183.28519688364037 462.11050785234994 251.64446962395442 1.5351508 1.6694813 4.296655 -5.1745906 1.8412079 19.015757 1.5783453 46.270771832550025 
Car -1 -1 0 252.28998315721915 182.79890446376555 377.02527979132947 230.18669544942807 1.4123659 1.5626812 3.6999328 -9.840862 1.77513 24.330006 2.105844 18.875712825451696 
Car -1 -1 0 0.0 183.20855174104585 177.24456321877247 274.2082460707925 1.5570506 1.6202395 3.8877647 -10.512723 1.7901361 14.493031 0.5852469 27.021581431869862 
Car -1 -1 0 178.12014941192592 175.83874149308184 298.6528559317739 242.44973697403802 1.6788998 1.6706493 4.049107 -10.518992 1.7711482 20.33142 0.72619545 41.242952701269864 
Car -1 -1 0 437.7518548459147 178.4253529169991 480.7060425419522 211.00472411786527 1.6508617 1.652392 4.079414 -8.135411 1.9706576 39.343506 1.528506 0.5070421099662781 
Car -1 -1 0 105.83846045910686 187.18189032257956 247.10301509748257 258.9990088062475 1.4614861 1.57368 3.6976514 -10.313255 1.835558 17.106121 0.63658375 3.7247006903708675 
Car -1 -1 0 302.4382531475842 170.05812423103453 392.8130857183982 217.29585939343747 1.901601 1.6913817 3.958654 -11.240873 1.7890501 30.884968 0.6203728 8.530114221436474 
Car -1 -1 0 217.63595813978972 167.62957654262075 315.2383282735875 199.1277678676614 1.5346179 1.6185474 4.098524 -17.053528 1.2800795 35.97464 0.005594784 2.2965417237835215 
Car -1 -1 0 477.52830853207706 178.80746644324657 507.501601311998 203.28282998326395 1.4928532 1.6044534 3.9179375 -7.5829935 1.8973148 47.004486 1.4939544 0.797450187342064 

