Car -1 -1 0 361.87468499564676 174.9885374575191 433.25000901676736 216.1917941415244 1.5409307 1.6627375 3.8728113 -8.467903 1.6329325 29.143188 1.5953543 68.92199013643544 
Car -1 -1 0 685.8049935581512 185.60327899382938 781.2189516520094 252.7564813193744 1.4439005 1.5959486 4.067354 3.0210807 1.8046772 18.3573 1.5353901 92.09958135133745 
Car -1 -1 0 735.8770026440505 180.95067055428302 925.7844714164689 299.29528383368375 1.6206825 1.6789868 3.970434 3.4979243 1.7808837 12.219507 1.4742644 109.22365641767227 
Car -1 -1 0 95.80717773258634 176.0441820824807 285.96589914632045 257.71601084279746 1.4953718 1.6384639 4.128576 -8.692239 1.572836 15.446731 1.5824817 84.6732647236684 
Car -1 -1 0 674.3953310669964 181.37213376082767 737.5564905280745 231.3284326959165 1.4934121 1.5835615 3.461165 3.1191993 1.7961944 23.905712 1.5564005 35.45578529802781 
Car -1 -1 0 414.1700521543667 175.87188686046827 473.43969798520806 209.93761260734473 1.5224526 1.6427736 4.1275654 -7.8983264 1.6766086 34.739304 1.6426747 24.535504314809756 
Car -1 -1 0 647.2105072411839 180.19723185466736 690.6230635276797 214.10040343227627 1.4485968 1.6141925 3.6355238 2.6992085 1.8079259 33.466988 1.5419215 5.728430068918696 
Car -1 -1 0 1.8378153844941534 160.00182947536285 160.82720929987335 216.26117569065084 1.6687255 1.6228384 3.7421002 -16.207783 1.2875133 22.254974 0.022455126 8.262377756320538 
Car -1 -1 0 655.5348392319592 181.3337601873375 712.1271771640127 221.96845915645594 1.4586129 1.5849812 3.5145407 2.8656716 1.8147092 28.479912 1.4827952 3.8717013719209157 
Car -1 -1 0 0.0 151.42754665291565 125.26874564679903 224.35785866407102 1.8501804 1.5967623 3.2331028 -15.059886 1.3066093 19.209301 -0.066795446 19.44547895174949 
Car -1 -1 0 208.2127746151064 151.78781432822834 285.37378383890973 186.5570812499513 1.5417464 1.6280283 3.9139388 -16.970346 0.6076248 33.960934 1.5824866 0.2626366913318634 

