Car -1 -1 0 559.873275071313 184.30786674985671 673.1238055923166 284.6143424521195 1.41347 1.6033921 3.4032896 0.22255641 1.4362025 11.714029 1.5803605 70.23246106982769 
Car -1 -1 0 342.5908712160476 182.563372752556 400.3955620884308 210.1675575438912 1.4104391 1.6403055 3.361032 -12.287768 1.3824888 37.90641 1.7090365 36.104576161189485 
Car -1 -1 0 815.0770642933561 165.68458440073542 886.3478962530925 191.85667658351187 1.5097857 1.5849967 3.6358228 14.595422 0.50454533 41.590794 0.004641605 26.57109687386741 
Car -1 -1 0 568.2696578781591 172.14918921846362 601.5160290880212 197.87321717354604 1.495215 1.597355 4.066615 -1.0836763 0.8580923 43.2213 1.4374163 9.215093016741646 
Car -1 -1 0 498.965566335625 174.74168769028498 527.6060052816816 202.42085287783266 1.5157375 1.5602431 3.5776036 -5.09191 1.057459 40.595093 1.4421488 13.138889579137071 
Car -1 -1 0 573.7973188759959 173.00755459707827 636.953958368901 229.23043692519502 1.5194453 1.5816242 3.5761275 0.026500165 1.246412 20.953491 1.4930606 16.121458069055564 
Car -1 -1 0 752.0168340001948 167.1216615099318 781.3725586496053 188.69724901092255 1.5589335 1.6425318 3.9227228 12.33932 0.40367523 53.121635 1.6668878 4.659854372295736 
Car -1 -1 0 609.3692415071575 166.6108543895048 635.1481388094262 187.41137736650293 1.5726532 1.637761 3.9133043 1.6325929 0.32518172 55.506645 1.7002811 2.455370058167284 
Car -1 -1 0 430.93234188143913 177.13828575371272 470.75528159597764 198.2005619286844 1.4840525 1.6250324 4.126129 -11.045311 1.0632563 51.964985 1.686702 1.3456141469847638 

