Car -1 -1 0 430.5795193555178 175.937915904891 479.98742627465947 207.9700357451256 1.5885794 1.6925046 3.9409974 -8.091276 1.7601554 38.15485 1.5926301 40.740624736223886 
Car -1 -1 0 217.43779300761653 179.32293615534167 354.60174161312784 240.32257660028367 1.4419892 1.6637669 4.292286 -8.633743 1.6381762 19.700922 1.6160331 92.18798852100417 
Car -1 -1 0 670.6971704399006 183.16037021273226 727.9907369556402 226.2490179045273 1.4464242 1.5910423 3.9936674 3.3053176 1.8636038 27.194778 1.5518856 37.277800281998545 
Car -1 -1 0 0.0 181.76294910508713 237.9100481886116 295.4787525413454 1.4743671 1.5911169 3.65276 -7.6795707 1.6227617 10.783513 0.25785843 95.91985310763 
Car -1 -1 0 693.3529859004605 179.7252599413392 786.7893325777857 242.58156822610823 1.6216655 1.7145009 3.935741 3.6935534 1.8419328 21.095047 1.4839509 74.33706015454784 
Car -1 -1 0 310.2974625132691 178.39460517550222 400.2175270501892 225.96574822553973 1.4383394 1.6152968 4.086322 -8.451344 1.6409812 24.341345 1.5645549 29.773897492631882 
Car -1 -1 0 467.3065815793556 178.09966864160677 510.4148339390542 204.1195456291422 1.4733937 1.6013129 3.9969862 -7.262333 1.8065218 43.755985 1.6660178 2.47867893087212 
Car -1 -1 0 664.4999016151899 180.52517125990445 708.0505151756764 214.77972755146976 1.4430447 1.5499595 3.4789605 3.4500108 1.8118868 32.93755 1.5500941 4.150431967277918 
Car -1 -1 0 154.9525846178846 161.7095867483102 275.821843599189 209.16797788201688 1.795456 1.6535785 3.8092747 -15.344987 1.3738381 28.23261 -0.057694998 26.104494703724143 
Car -1 -1 0 303.856632496447 150.73804450035632 359.0539549662594 185.4800470885508 1.9799294 1.8257916 4.5153832 -16.651024 0.7195519 43.430138 1.5086085 0.922644952420466 
Car -1 -1 0 652.084872759558 180.9100725894554 689.4109460238533 212.20418476469138 1.5164022 1.5233061 3.178235 3.133435 1.9523587 37.422653 1.523182 0.3408406674861908 
Car -1 -1 0 644.4606535954251 181.03160250060768 679.7341494102121 207.8123466220801 1.458011 1.6087594 3.8115594 3.0428553 1.9607571 42.414455 1.5194286 0.30560487508773804 

