Car -1 -1 0 749.0986916233235 175.75520312137039 1174.1620929315054 375.0 1.5446197 1.6402488 4.2373657 2.480218 1.5787324 6.356538 1.5600169 117.91982523686968 
Car -1 -1 0 701.2320100842024 176.71582372725157 841.2707359884278 285.3129763271143 1.5577769 1.6198621 3.817692 2.5945125 1.6345007 12.410977 1.5899483 118.46870379570453 
Car -1 -1 0 676.981941764667 181.23132213643694 762.0818753872663 252.4277316064012 1.4791126 1.5656729 3.5403354 2.5158703 1.6995505 17.198517 1.5938995 63.397026728978545 
Car -1 -1 0 107.31841107820335 192.06620560292043 443.7802075668646 333.5458271573115 1.5185611 1.6312304 4.080748 -4.5723486 1.8500534 10.37835 2.2915065 116.9090922184588 
Car -1 -1 0 457.8743961337647 183.70389694186144 560.6541505800924 221.74198133444364 1.4677744 1.6154573 3.8718448 -4.059692 1.926987 29.489443 0.12843803 26.393415709238106 
Car -1 -1 0 407.7826016562264 184.6755872641424 508.77518952905046 235.22328410214232 1.4969481 1.6251884 3.673356 -5.116842 1.9235628 24.146002 0.8131479 48.10811185481602 
Car -1 -1 0 652.2355880993867 164.77815112605956 709.5358273493038 220.65382937172535 1.9807218 1.8280373 4.5939107 2.6650932 1.6944431 27.888199 1.5860196 29.08017872867042 
Car -1 -1 0 632.0135444070598 179.23884905340196 659.0846017372662 205.26331822940807 1.4938016 1.5873827 3.6319916 2.1972885 1.9010904 44.175674 1.6176296 3.4692815529341994 
Car -1 -1 0 404.7828438812043 188.7137821532367 442.5682448901121 214.7122823097934 1.4911673 1.5936086 3.875394 -11.741372 2.540864 45.777122 1.5156982 1.6199965638060743 

