Car -1 -1 0 397.8729845670768 176.97777580796298 507.2915407280688 265.5358124061039 1.6803834 1.6315458 3.96966 -3.3032248 1.7826016 15.881443 1.5469718 97.8331133048022 
Car -1 -1 0 845.706629263558 161.2932585378516 1242.0 351.2053132335265 1.6481059 1.6196266 3.6603284 4.4451494 1.5477787 7.156904 -0.047172308 123.74902425660737 
Car -1 -1 0 446.80903611354364 185.03777987413773 540.0625883032624 236.7077975242604 1.4823656 1.6081483 3.969407 -3.7217999 1.9203997 23.820555 1.8153799 24.20906330927593 
Car -1 -1 0 680.3661648617913 179.00718342881711 841.4516530350656 237.5309915379113 1.5306623 1.6185403 4.09067 4.079889 1.7071743 19.871761 -0.008434215 56.968805518947 
Car -1 -1 0 307.6337895588591 185.2319158350244 452.2432436925243 297.6262554558785 1.5161269 1.4902478 2.826492 -3.5121567 1.7379206 11.489498 1.5344567 34.1181076292049 
Car -1 -1 0 778.4870403622396 174.6585175320077 1120.6698712852904 301.92914770338075 1.559522 1.6252983 3.846086 4.380839 1.5860281 9.732243 0.028043468 45.65938540554194 
Car -1 -1 0 662.2033951897176 173.31642670989507 802.3193948007564 231.61684348245137 1.7435358 1.6634259 4.0672274 3.7367034 1.7584598 22.439207 -0.0077330205 42.41579060663568 
Car -1 -1 0 718.6273006798444 175.10532571654616 1000.4950069870861 278.6227254624664 1.6023021 1.6640263 4.16529 4.069649 1.6431551 12.151272 -0.05336881 48.70368460278171 
Car -1 -1 0 0.0 160.05744663401694 389.5802703696162 375.0 1.8258559 1.6185238 4.0572968 -3.449885 1.7416058 6.8013844 1.5422533 90.71621940507495 

