Car -1 -1 0 672.9116047972065 180.4869121164372 773.6081149055419 248.1816797735365 1.5149491 1.6250776 4.173361 2.8198233 1.736397 18.782894 1.4819465 82.02916241632525 
Car -1 -1 0 734.4389967248403 183.99203868103783 898.62650841374 297.43956968359623 1.4691253 1.5827515 3.7710962 3.1140823 1.6774764 11.606196 1.5778538 86.43085802225288 
Car -1 -1 0 805.2653638891311 190.69715841484634 1237.0049842170818 375.0 1.4435899 1.5851243 3.8743963 3.0518067 1.648968 6.364364 1.5663916 79.3685279319184 
Car -1 -1 0 344.1901071422137 175.54247718816285 514.5100948175439 234.20072161950432 1.5116906 1.6523386 4.2687836 -4.792206 1.5884356 19.639791 -0.06217375 83.05494565192005 
Car -1 -1 0 654.062756415836 181.47139660419907 699.8857051985754 219.46176623269213 1.4770801 1.5820483 3.7104673 2.8150973 1.8666534 30.758455 1.5638608 18.755096558939965 
Car -1 -1 0 0.0 182.127203416748 358.95508896102075 358.92467142723626 1.5337161 1.6168978 3.8228812 -4.6909213 1.6369004 7.1880865 0.016869096 35.315918587512066 
Car -1 -1 0 668.7656583142577 179.28378254369568 728.7135645829051 226.92344986647788 1.5310814 1.6191036 3.9415839 3.0948539 1.7777176 25.700031 1.5630348 20.22545164736238 
Car -1 -1 0 444.8827092548407 179.2253030991865 549.8658268482654 217.11487324446924 1.4985323 1.6461065 4.1701717 -4.5683327 1.7705961 29.837431 -0.073175386 15.13887116907038 
Car -1 -1 0 405.81054322147736 169.591806540523 538.7292753148839 224.22229989252682 1.8493915 1.7422086 4.349363 -4.7364016 1.7389572 25.330412 -0.015353232 51.0529756854505 
Car -1 -1 0 480.25881472338085 173.5760790304288 564.0067025217771 209.245789550908 1.7943192 1.6956565 4.0178504 -4.5042596 1.8329039 37.448433 0.1334359 0.3506265878677368 
Car -1 -1 0 555.744199510272 174.4017036708596 575.2957280654449 194.929222103117 1.78253 1.6660655 4.1453705 -4.001222 1.9267771 65.11278 1.4868059 0.5321930269074245 

