Car -1 -1 0 731.2078023642188 177.3609017314772 798.4022580884914 224.45172754670318 1.4607997 1.5917311 3.8847697 5.2288966 1.6275581 24.728514 1.605589 39.02251272537094 
Car -1 -1 0 870.3354406917847 175.17844527103955 1196.654028017943 342.21962878020366 1.4901743 1.6105518 4.16461 4.582424 1.5247535 8.614822 1.6194588 118.18435652255475 
Car -1 -1 0 166.8980314331187 187.7094467573392 271.98328441968965 223.04979402446264 1.5204992 1.7174115 4.43306 -19.025055 2.2985964 35.41687 1.9732258 57.35235609405408 
Car -1 -1 0 369.90474544748815 185.19276110054108 448.9933396822404 210.56556193622822 1.4514273 1.6916746 4.4968905 -12.380359 2.2449672 44.678604 -0.44150916 44.16806079282152 
Car -1 -1 0 10.354076826895637 193.3716456465458 154.43326882724813 237.7245812955724 1.5325468 1.7886264 4.541681 -21.466702 2.444483 29.629553 1.9287624 54.65210862788442 
Car -1 -1 0 549.5548625506266 175.94700252883678 609.4810822623562 201.85999398613762 1.5604522 1.6014614 3.515407 -1.9079913 1.762568 45.49724 0.5991795 38.879899930726395 
Car -1 -1 0 269.67580317330044 186.84100366577877 346.4634256811601 215.72856580457142 1.4590895 1.5921049 3.722818 -16.810343 2.280521 40.376797 2.1374073 54.43019471485818 
Car -1 -1 0 460.2181475015041 180.8897779848106 495.2537368933513 201.58767158923183 1.5324335 1.7074747 4.210745 -10.413971 2.1943932 57.270863 1.6509248 9.518285387562473 
Car -1 -1 0 316.3931378947038 183.91224775797926 387.00864231239746 210.88912961551287 1.5914065 1.6502104 3.9747715 -16.31195 2.3178144 45.683456 -0.52786684 1.151477506278898 
Car -1 -1 0 623.8019934723767 173.61481438171708 646.0857108539751 193.4335593776454 1.5693662 1.654354 4.039724 2.0558167 1.6340508 59.318462 1.5618634 0.30018627643585205 
Car -1 -1 0 1015.5689470223844 134.6881028941774 1242.0 236.03788129387212 1.9817126 1.6539533 3.733707 10.758309 1.235447 14.968076 0.017600123 0.27529188990592957 

