Car -1 -1 0 772.9215313759651 176.1275859013853 1087.6228201806534 365.73393033574655 1.5230827 1.6409216 3.847482 3.0504148 1.5672585 7.7998896 1.5543325 126.09473386577541 
Car -1 -1 0 675.5488429132445 182.02012122927735 780.662061556267 253.71170684017005 1.4424288 1.5916696 4.2445164 2.6805093 1.6888578 17.234491 1.5141885 104.54427555854078 
Car -1 -1 0 654.1244348487342 183.12523776870336 726.3007255412267 235.73123663599173 1.4482427 1.5988797 4.268642 2.4537382 1.8049755 22.88631 1.5179048 42.137173318725644 
Car -1 -1 0 101.95746398915159 202.15944339003585 211.46634038115943 246.76888305072146 1.4985487 1.7263246 3.9942179 -18.03366 2.7581458 28.968601 1.6294901 23.556729971983124 
Car -1 -1 0 635.9413837563059 183.1021766510837 678.5673658357705 217.31082196977067 1.4424355 1.5769188 3.7106042 2.1568747 1.9442382 33.44265 1.5277569 18.25284090142767 
Car -1 -1 0 208.10042456746922 198.45528804522817 284.1215977500081 232.91353220960508 1.4583578 1.7007889 3.9911778 -17.78672 2.789731 35.51899 1.5807709 27.348780522646425 
Car -1 -1 0 0.0 207.19201428940505 109.3803915960709 268.0897069395983 1.5349419 1.7083715 4.346375 -18.198786 2.725059 22.826828 1.5798888 31.18431239018193 
Car -1 -1 0 615.4102961672496 182.5675756358572 639.9283007521068 206.17170416413143 1.4611686 1.5585376 3.6195152 1.1732438 2.1314063 47.97227 1.5761735 6.20175231347566 
Car -1 -1 0 293.96245293480325 183.87026096148517 361.2813499100833 225.4455871329153 1.9324887 1.699839 4.066873 -14.246933 2.5243516 36.699383 1.6112962 7.33612689491889 
Car -1 -1 0 277.4974060283944 194.71056572682275 328.3317045221047 222.5098378891554 1.4836173 1.6019473 4.1470065 -18.615871 2.880266 43.979614 1.4966832 0.31454479694366455 
Car -1 -1 0 627.3738681156804 183.0446128630686 661.032103928196 213.3648434066411 1.5031819 1.5916727 3.7857966 1.8263164 2.0801888 38.952347 1.5590079 0.49898795160605 

