Car -1 -1 0 104.2921721743085 192.991741325806 443.42568918830733 375.0 1.377329 1.5690615 3.5266852 -2.7327566 1.615664 6.76833 1.5606079 94.04091341492413 
Car -1 -1 0 473.39583010173544 180.48993821721726 556.2652884662557 239.149629413749 1.4142941 1.5956855 4.326175 -2.5240781 1.6508144 20.15812 1.607976 50.217731335092836 
Car -1 -1 0 161.01052492851443 172.63332553919273 273.7608007399421 215.82204415932952 1.4835283 1.7642066 4.5258374 -14.524667 1.475948 27.048302 1.5715145 92.68499434117734 
Car -1 -1 0 41.33242698106152 169.51686664219866 174.2250829981927 226.81640092309075 1.5563059 1.5398948 3.3547568 -14.653721 1.4656663 21.291248 1.5924383 77.12604261679796 
Car -1 -1 0 872.8872298445052 195.45536875504212 1242.0 375.0 1.3994777 1.6228263 3.7960255 4.2489977 1.6917654 7.4135838 1.5459821 94.55078962619834 
Car -1 -1 0 380.5047403128972 169.38466554236524 524.8850944637554 278.6876635012699 1.6837696 1.6618559 3.917812 -2.6542618 1.6303258 13.098362 1.601327 127.76594100204645 
Car -1 -1 0 275.0970568462964 174.075660686665 344.24648063642525 207.4051960173972 1.5517013 1.6988953 3.9891818 -14.764653 1.6156411 35.751976 1.5921835 61.25038240087986 
Car -1 -1 0 708.1672005822273 173.78468327899012 787.0538101675533 228.7342187077256 1.6748033 1.7633983 4.3241477 4.520446 1.7088754 24.240433 1.5557976 85.40018784851105 
Car -1 -1 0 886.837338310904 182.38737184012012 1020.7240636163609 224.14471074215237 1.5054743 1.6966538 4.347664 13.065786 1.8826584 27.515934 -0.08576937 62.46962631106882 
Car -1 -1 0 1008.7808617985507 178.84839700458264 1223.1458590463783 253.3010855079444 1.7182641 1.6817124 4.114566 12.304526 1.8727658 17.697098 -0.028962303 73.40903703688514 
Car -1 -1 0 333.1408215217167 174.42310128724571 384.823483930783 201.16354057427264 1.4713221 1.6147125 4.18154 -14.527967 1.5673394 42.05017 1.5557305 11.742804185472158 
Car -1 -1 0 519.7459279823298 170.49984838772752 564.6916620292847 213.20318012817702 1.7398179 1.6893108 4.2040834 -2.8757646 1.6439049 31.522495 1.5418248 17.315544240169615 
Car -1 -1 0 662.2545333372976 178.99769635158378 693.7844465845229 201.20469609243776 1.4386867 1.5387708 3.413465 4.660798 1.8752272 49.49714 1.4762027 8.697906435811035 
Car -1 -1 0 548.930522889104 177.19002557254885 587.9665029660746 206.19609208001714 1.4809711 1.5746641 3.627728 -2.1916997 1.7283762 39.286194 1.6707227 5.7526661691509124 
Car -1 -1 0 506.1367264888077 178.87451183711448 559.008433532512 221.8698964560844 1.4397166 1.580861 3.6496515 -2.7609353 1.6761523 26.504906 1.5627458 10.064545353579822 
Car -1 -1 0 568.7730985730363 176.70342902938538 594.9268245758362 191.6547530079903 1.3893944 1.5992466 3.6596525 -2.7176447 1.7737801 70.06189 1.2558713 1.1117424135481115 
Car -1 -1 0 482.5313244598402 172.05074160099213 506.49441441340133 187.62274197945962 1.5152088 1.706289 3.8864894 -11.474895 1.4370487 72.16777 1.5905105 0.8946215490613747 

