Car -1 -1 0 174.2579437325862 180.67626582783896 393.3769350763704 301.0910974960195 1.4496484 1.5866671 3.7653348 -4.962766 1.5864148 10.770829 0.7277803 102.34625798861484 
Car -1 -1 0 149.10271721928532 177.03149169566512 358.99094521237623 250.95950284515757 1.5428762 1.6407398 4.2947593 -8.453415 1.6571124 17.519651 2.2124875 33.794886771157735 
Car -1 -1 0 77.2834659577587 177.43293714117732 217.95204472692666 223.0147764625689 1.4283311 1.5986767 3.7862368 -15.905453 1.5996006 24.998848 2.2236052 21.35910630209751 
Car -1 -1 0 162.47164130971464 175.94912792939218 325.8009493021693 238.8278232564828 1.5475051 1.6129806 3.6783154 -9.96694 1.6411331 19.88762 2.2473733 21.496833046079 
Car -1 -1 0 241.30824631942198 177.37271120025616 432.4726181371768 253.39536848039592 1.4749353 1.5895092 3.7285352 -5.988387 1.5885837 16.189312 2.235043 22.83231366618145 
Car -1 -1 0 326.18087394387084 174.5882760456749 649.8194365631451 364.5190867732227 1.5760586 1.6077323 3.6390667 -1.4729801 1.5993493 7.855428 0.7578751 98.83624512707289 
Car -1 -1 0 98.17247113113851 179.66276431332415 242.87392574543284 229.55042777937035 1.4137399 1.5817655 3.6077104 -13.809299 1.6468294 22.829525 2.3010907 10.732148979543503 
Car -1 -1 0 0.0 172.72686621861178 64.31731717304413 210.25271200474788 1.5086927 1.6183709 3.7586324 -24.818504 1.5035813 30.83602 0.6974513 8.109034272969007 
Car -1 -1 0 11.42592856076683 173.6880039842936 135.52949359196046 213.66230857573768 1.5042729 1.6124301 3.722331 -21.616354 1.5403271 29.213549 2.2009182 3.360080606173183 
Car -1 -1 0 56.25135660050091 177.20797538202606 197.80469003198886 221.43511649224382 1.4666814 1.6035671 4.002466 -17.563784 1.638818 26.433245 2.1936758 0.39226821064949036 

