Car -1 -1 0 661.3401021423896 182.60852694050504 715.0378976368562 225.70359917399966 1.4281175 1.6352499 3.844822 2.8402095 1.8155851 26.72419 1.5885429 65.07600960306186 
Car -1 -1 0 701.2412043099499 176.4758976451823 814.6214090507474 262.40453451873316 1.6059613 1.690228 3.904305 3.0562294 1.6941745 15.61198 1.5819608 90.23425793128014 
Car -1 -1 0 146.78123996635264 188.02061807942042 431.62069639844253 355.5621085944728 1.5394685 1.7268465 4.374824 -3.6611433 1.7794237 9.22141 1.5628103 94.4973921227245 
Car -1 -1 0 352.7360582732629 190.60833187036434 488.73614719872 281.43027850045644 1.438909 1.6075053 4.0294824 -3.537332 1.8390161 14.240736 1.5769572 47.03462366399963 
Car -1 -1 0 432.94572711502633 187.690472567708 515.8009713193389 250.38486441314535 1.445287 1.6242999 4.0777254 -3.5679045 1.8923365 19.67609 1.5370016 31.852472648572277 
Car -1 -1 0 471.93594923932756 186.21948418220552 534.8862154649652 233.26588108660977 1.4324623 1.6032279 3.959094 -3.6024332 1.9336034 25.074224 1.5713134 17.02728263886015 
Car -1 -1 0 521.8559894271864 183.62208767818262 559.7991668491055 214.99625427429277 1.5084081 1.5960711 3.8230393 -3.562683 2.1030476 37.92617 1.5801258 10.961008568059043 
Car -1 -1 0 630.3551872029286 178.6774142574146 656.9137803585057 197.95542985856784 1.4954653 1.656203 3.8829186 2.7613282 1.9894303 59.19484 1.4794796 6.168534909445484 
Car -1 -1 0 284.0283430810193 153.64876852578433 383.93480454500656 205.43142326181888 1.5446426 1.6404283 4.1089005 -8.868712 0.971763 23.590624 1.5871999 22.280610058903935 

