Car -1 -1 0 678.4994775703184 176.2439185853219 741.3831716027449 221.17647707516156 1.6314621 1.6591245 4.1300673 3.896449 1.77594 28.634855 1.5022336 43.507318493872276 
Car -1 -1 0 0.0 187.29069255977572 206.84403517470543 267.29098672968854 1.3996955 1.5881643 4.043659 -10.619645 1.7271178 14.78014 -0.4431033 82.41859235490347 
Car -1 -1 0 267.9470509143797 184.13181211473088 433.69779744915155 249.1110198661039 1.4559863 1.6012992 3.78862 -6.4811096 1.7611552 18.094088 0.36911982 106.98956573595652 
Car -1 -1 0 467.4621156982876 178.85393752437702 508.4093262231021 204.12706943578044 1.4948692 1.6777385 3.9873137 -7.6475086 1.8918506 45.694572 1.637958 16.969220896026563 
Car -1 -1 0 77.83573392017679 174.56209545391678 149.07734224890362 216.28208375892837 1.4137942 1.6113683 3.918137 -18.279984 1.4820964 26.738415 1.117543 8.651123647090357 
Car -1 -1 0 391.3675476470933 180.7070971353668 451.9035488018742 217.58139842757353 1.4860579 1.6424193 4.1042585 -8.25135 1.856875 32.012688 1.5638645 7.312539093040777 
Car -1 -1 0 663.0616559818591 180.22456669125242 708.5160881964829 212.67744852995753 1.4265642 1.5884086 3.893106 3.5955663 1.8002765 34.601273 1.5218 8.937252410181006 
Car -1 -1 0 493.7166888391628 179.25702719861945 526.023433977785 201.7113616736786 1.4968734 1.5971357 3.960423 -7.0383525 1.9695908 51.257988 1.6115955 1.2729470824234979 
Car -1 -1 0 357.5168474072964 181.12015937142647 429.6557925150874 222.3189411723964 1.4595461 1.5453522 3.4936557 -8.321627 1.8018831 28.08289 1.6446629 0.795246773469392 
Car -1 -1 0 653.257358560922 179.01060233485526 695.8311769823745 207.78150144842192 1.5072036 1.6055185 3.709803 3.6033342 1.8700155 40.575855 1.438143 1.6076476532498931 
Car -1 -1 0 826.6406587618435 144.47133849245773 862.5157924610642 164.8390635275501 1.5568476 1.679583 3.990587 19.083689 -0.6748405 58.742687 1.5877157 0.343302845954895 

