Car -1 -1 0 966.0770208346363 154.21646325581256 1153.4491758533256 233.5464680304753 1.4850235 1.7211057 4.3816085 9.547689 1.1361368 15.773725 1.6724925 80.6357704645793 
Car -1 -1 0 724.6713947349403 171.8278457948036 808.4141106692824 236.24017646135465 1.3281916 1.6129875 4.208477 3.8293593 1.3070321 17.125832 1.8645496 44.75129682139788 
Car -1 -1 0 569.062391031777 174.7779300619455 694.3753647825394 230.67276322294052 1.3815563 1.680375 4.0627685 0.72979856 1.4410691 20.15144 2.1294096 86.04409735987248 
Car -1 -1 0 1062.6060129106852 153.39253489843685 1242.0 224.36270538981248 1.448659 1.653202 3.7827277 12.523447 1.0514071 16.651497 1.5302603 43.66362035321322 
Car -1 -1 0 524.5135187772668 176.6922500193052 635.0925177124295 225.27515308525486 1.3640765 1.619761 3.934645 -0.8367381 1.4960487 22.700476 2.0951073 37.35420221214015 
Car -1 -1 0 180.02969339169596 175.91429065099402 269.7216859046688 240.9323549708447 1.7132814 1.8158749 4.4466186 -11.58093 1.8146936 21.571844 0.95355964 72.39487182011116 
Car -1 -1 0 487.15540422622547 177.24353096576002 593.6781345669461 221.88948010457122 1.3949356 1.5852495 3.9741764 -2.3086004 1.5601994 25.06165 2.1325383 22.454186312546916 
Car -1 -1 0 440.8880408671322 175.74710831107294 536.8953784200037 216.73774366705865 1.3972195 1.6153492 3.9346576 -4.422115 1.5140775 27.019396 2.0012753 16.745518033755086 
Car -1 -1 0 829.2893686454574 176.6301624058393 928.4612043263347 216.58755286174983 1.4705224 1.6348279 4.099116 10.756813 1.6304641 28.730703 -0.5988566 17.975250883721227 
Car -1 -1 0 781.4927938015364 180.2884090981184 870.299863522486 217.2008939389066 1.4701922 1.5987879 3.7957716 9.3570385 1.8085539 31.132524 -0.5782955 16.289667835260527 
Car -1 -1 0 413.69188929368204 177.3168871408751 498.4989038905585 214.87145563409092 1.3971355 1.5982907 3.9358032 -6.1731005 1.592515 29.467613 1.8986243 11.689524929205765 
Car -1 -1 0 698.7340216529993 179.0648414287944 782.3111797784929 212.4114215040609 1.49727 1.6432023 4.1174126 6.3883915 1.8149687 35.006916 -0.65126634 11.426517648536114 
Car -1 -1 0 888.4981640852258 172.92236547527256 993.9034186036678 216.81105462555286 1.5169108 1.6728076 4.2102323 12.374915 1.5196333 26.839724 -0.61324215 5.6852525719225975 
Car -1 -1 0 251.6668177831815 179.21962502094738 277.88139082849835 196.2618616278839 1.3825867 1.6376042 3.6246357 -29.636976 1.9467804 61.979797 1.0132269 2.306269951255327 
Car -1 -1 0 943.5956457506394 170.03143797973692 1064.3673041750308 217.9223327814208 1.5272179 1.6682799 4.1255183 13.540191 1.4372076 24.730467 -0.5000042 1.2741300390848125 
Car -1 -1 0 678.183024423356 180.7535703664339 719.9352124421889 212.16118378395973 1.4792957 1.5901971 3.9797795 4.531393 1.9062173 36.992905 1.555726 0.30163960041658344 

