Car -1 -1 0 516.0212696980217 184.06291252318752 560.6628454487798 221.55472407771174 1.3437793 1.6042252 3.5245302 -2.4560752 1.3829746 27.266392 1.4766104 46.40296544337967 
Car -1 -1 0 333.76152893579814 191.4911725821438 386.044993908886 220.75268613353822 1.5122349 1.7184714 4.0057387 -13.527393 2.0075028 39.747986 1.5276455 18.825656343393472 
Car -1 -1 0 201.67962483692023 186.3494523610687 358.71862963015366 310.88105353452113 1.7070994 1.6556523 3.838168 -5.5037003 1.7706648 11.837702 0.9415438 126.96085343962396 
Car -1 -1 0 578.9642508109868 177.807298313437 608.8601815168532 202.36740883534992 1.4996487 1.6239462 3.7846384 -0.47004983 1.1758397 45.11625 1.6357336 16.966131915038588 
Car -1 -1 0 608.4719253032392 164.27621432554287 721.748734672005 216.92517716488516 1.8499925 1.6804472 3.9813483 2.250372 1.1881922 25.75252 0.033573505 22.27107524553462 
Car -1 -1 0 519.4815820802813 178.84364333543078 553.3795123237984 208.1133960794244 1.5663891 1.5759174 3.3511508 -3.6181474 1.3380511 39.51805 1.5734048 4.299948201579131 
Car -1 -1 0 302.2135788096536 183.8285035702993 345.341026256017 208.37294178735738 1.5910623 1.6061387 3.740373 -18.764233 1.6416011 47.855747 1.5210364 15.821503860087212 
Car -1 -1 0 363.4236959845094 189.79508907034776 407.14632767044094 214.70338037910602 1.4686332 1.5988549 3.8411872 -13.617496 1.9089165 44.648064 1.5664091 7.445918933079643 
Car -1 -1 0 391.63602315995485 188.38701780667384 425.4240504775003 210.06643370069105 1.4548389 1.5806636 3.5883675 -13.676739 1.842937 50.17475 1.5197605 7.791197126664127 

