Car -1 -1 0 272.57138628229495 185.91796995655548 492.7095450312333 266.0436462057693 1.523175 1.6832554 4.443952 -5.037573 1.8526628 16.271282 -0.5835999 170.0841512205757 
Car -1 -1 0 766.0874407820909 169.4125138171132 1175.4794255457603 375.0 1.5807054 1.6447991 3.6858592 2.5472984 1.5602512 6.134077 1.5741612 111.94423683794938 
Car -1 -1 0 0.0 208.45035117848892 67.52792539729826 251.2699807129111 1.3943632 1.5747132 3.608819 -22.95514 2.9087381 28.730434 1.106247 26.31227080279729 
Car -1 -1 0 0.0 206.66559304266477 179.70763710320756 287.4658697757954 1.3898666 1.5829291 3.7869635 -11.3612585 2.2270463 15.94286 1.5323347 26.700303307710307 
Car -1 -1 0 625.897091913544 175.74893870129927 656.8710341315166 202.63040923537847 1.4881234 1.6244626 3.946176 1.9116938 1.6665213 42.42353 1.664801 5.44991401204505 
Car -1 -1 0 726.1202124171501 167.70350598174517 851.0908181580716 213.5585616703143 1.5335637 1.6487424 3.9201548 6.235894 1.3613119 25.291254 -0.17909221 30.872335414927743 
Car -1 -1 0 654.8660401333977 159.36000134151158 734.5404438258973 234.2555426936482 1.8440328 1.6499906 3.853962 2.2201438 1.5117916 19.708076 1.551157 59.60378094694049 
Car -1 -1 0 471.6943648816059 179.33746500803628 548.7830968372282 209.26822142277027 1.4991031 1.5801826 3.6827936 -5.1757402 1.8485997 37.762306 0.19554025 10.825457322026855 
Car -1 -1 0 388.46798285716716 177.93647820932628 432.394414448095 205.22158668136169 1.6024508 1.6658642 3.7192528 -12.347122 1.9322075 44.94346 1.5843143 1.4867602835453677 

