Car -1 -1 0 671.6048535707534 171.27461282121524 1014.956451770637 280.93640203492373 1.4635485 1.7050065 4.4900904 3.1999495 1.44247 10.568129 0.03858443 148.0675628009638 
Car -1 -1 0 705.5021751456691 169.81036006415601 897.3710802278772 239.29563699454224 1.552915 1.6602317 4.254281 4.4804835 1.4848931 17.3106 0.17360754 69.04550047421756 
Car -1 -1 0 942.731771111551 169.84306789341363 1162.4461531312932 238.46666416704986 1.4954867 1.6224035 4.0342174 10.096395 1.4298706 16.680595 0.07312878 106.30914157557746 
Car -1 -1 0 663.158790944025 169.68283882384773 759.5114333691236 210.703326953085 1.3822471 1.6052871 4.015601 3.7875853 1.2753899 26.367676 2.2683616 53.76086212655487 
Car -1 -1 0 255.41937290526826 177.5636740393981 370.780851798668 224.85183486000665 1.552559 1.5664222 3.3671284 -10.207783 1.7221777 24.941818 0.16190472 80.03956699333814 
Car -1 -1 0 590.2621714608407 170.22127739014712 685.2682610835324 212.49264078961866 1.4504237 1.5879427 3.632552 1.0981605 1.3600891 26.651108 2.2831502 59.88858430134594 
Car -1 -1 0 1102.3388689770043 159.45314879025597 1165.297840704661 204.29558275547026 1.4563189 1.5504711 3.5870492 18.344986 1.0211079 25.364168 2.131185 12.404048419764 
Car -1 -1 0 936.0083502580466 158.0777544187404 1023.6867437447628 202.19037727241854 1.4663306 1.5865121 3.7971437 13.311596 0.97515905 25.855247 -0.7456999 16.916625160639192 
Car -1 -1 0 746.3937570344679 168.77243361355076 826.7770689036313 212.48672478851452 1.4475498 1.614091 3.706139 6.409789 1.3123932 25.879864 2.1658583 7.738980609318009 

