Car -1 -1 0 668.4859631214258 171.8954390161852 776.1050996533173 257.37529220060304 1.5951016 1.6475245 3.506072 2.2514043 1.5772142 15.236574 1.5468225 106.86822472657856 
Car -1 -1 0 127.7326169006699 203.56730786467065 247.3943193528005 268.5938532967553 1.4687573 1.5825626 3.8596957 -11.668614 2.416512 20.238598 1.4202441 33.2685750210745 
Car -1 -1 0 111.73303545379915 199.33086293980773 420.6234839039459 355.82029525677603 1.4323946 1.6619234 4.318093 -4.495365 1.8403138 9.186922 0.6190268 120.80820173183048 
Car -1 -1 0 0.0 202.2466249610532 149.24789136320842 308.4838891524973 1.7075452 1.6832373 4.2412043 -11.66058 2.4039068 14.941508 1.5302702 77.7395502135672 
Car -1 -1 0 403.18881579178407 181.04034029650504 522.122706217897 226.34935086332158 1.4526832 1.5741712 3.799012 -5.150617 1.7609146 25.459127 -0.58766013 64.9472377193645 
Car -1 -1 0 202.60001193274087 192.7497063953757 388.8508730884384 291.9575151872847 1.4723796 1.5436189 3.3443344 -5.6699367 1.8730373 12.938627 0.61117387 14.20352215147706 
Car -1 -1 0 291.14969582020353 190.5968181093902 478.99414400372547 270.02662994474474 1.3942778 1.5645177 3.843728 -4.722156 1.8049612 15.051729 0.53223026 33.999954393491144 
Car -1 -1 0 605.9230103060775 175.1115333625735 631.3089258508376 196.44497883039094 1.4511759 1.6281586 4.1355677 0.6120281 1.6192291 51.618385 1.537509 4.394051414448258 
Car -1 -1 0 628.5634783139006 165.51663037638926 678.9189351432602 214.34318659660156 1.8181462 1.6574748 4.0060725 1.7002643 1.5449257 28.894264 1.5414561 32.27112200376495 

