Car -1 -1 0 430.99796889671694 148.4230057561276 1182.0498621424804 375.0 1.5753384 1.7020869 4.3012977 1.124146 1.44084 5.085164 0.12519494 180.05887793389815 
Car -1 -1 0 951.0652586763314 168.56808612111163 1164.6544048941337 237.09996223573035 1.4912369 1.6106251 3.8846982 10.221712 1.3979764 16.68675 0.095182195 104.62458922593989 
Car -1 -1 0 718.1534246431256 169.44445419319584 1045.1598013426778 279.01556358906856 1.457739 1.6313685 4.1682653 3.7601635 1.4123782 10.530703 0.056135654 97.98703128077 
Car -1 -1 0 750.2605132851168 170.4676879889762 933.9395914867763 236.89069972721728 1.4785405 1.5966707 3.9416716 5.3858433 1.4254224 17.135963 0.1451053 33.14226297919253 
Car -1 -1 0 253.98087327589337 176.85614026081194 370.5780865542425 224.0502188149276 1.5538316 1.5690011 3.405679 -10.239349 1.6979399 24.95553 0.14701903 63.20004367499066 
Car -1 -1 0 1101.296787254693 161.06306368595884 1162.516250144416 206.01374862819418 1.4601337 1.5471601 3.527009 18.263584 1.0771284 25.339624 2.141591 16.61255602758659 
Car -1 -1 0 665.549360091456 166.84348569394928 756.4880140742696 208.23404238497992 1.3958337 1.5934627 3.634294 3.74497 1.1931381 26.237514 2.2678409 27.62779284082413 
Car -1 -1 0 934.1848358509988 158.9488013254996 1019.6484624830638 202.70739873328284 1.4578454 1.5807607 3.7212133 13.224632 0.9945848 25.892603 -0.7592641 18.626084748148436 
Car -1 -1 0 746.4542684103577 168.26056613614668 824.4231946799291 210.82963721366755 1.4048444 1.6067181 3.6224995 6.340129 1.2532539 25.769325 2.143866 4.409645266303461 
Car -1 -1 0 588.3530829800446 169.49619951607087 683.7610685608252 211.7684325206516 1.4452349 1.6055746 3.6052547 1.0306756 1.3304358 26.55694 2.2840667 2.576684314805289 

