Car -1 -1 0 785.6570322941539 205.96801027748077 1151.336676967108 375.0 1.3849556 1.566555 3.93554 3.0049634 1.7987165 7.0374765 1.5572923 89.90952904180111 
Car -1 -1 0 684.6401082240423 180.61110803535252 778.2903841421587 262.87028891533043 1.6981461 1.6726342 4.2159743 2.8065016 1.9084659 17.430374 1.6016816 132.228294687969 
Car -1 -1 0 136.57505209477304 169.2326266437566 263.8337768600337 219.3824541749705 1.5405238 1.7978923 4.4754047 -13.650817 1.4292808 24.410305 1.5616827 57.6484516431706 
Car -1 -1 0 581.0941831922461 176.2706918176061 637.8590330101737 231.9333810140357 1.6774188 1.7339314 4.1945424 -0.064100206 1.8017144 24.126589 1.5409472 33.031911780395916 
Car -1 -1 0 242.00559372624042 173.1423385190118 315.8583871048688 210.11967134723972 1.4733422 1.5703651 3.56934 -13.921133 1.4862843 30.582047 1.544611 29.902615927825824 
Car -1 -1 0 660.7595266533278 187.1980434777673 725.3729900742443 234.70937239717608 1.4251207 1.5994124 4.1488614 2.8043056 1.9643637 25.019642 1.5297446 36.56261763891906 
Car -1 -1 0 321.33080347184176 172.95979146240063 377.13388348338447 202.04332387923537 1.5030135 1.5933564 3.9069786 -14.0911045 1.5090578 39.264236 1.5809529 7.842158191283371 
Car -1 -1 0 647.2180234009352 184.74493207522153 697.555412634864 223.2113723361514 1.4399796 1.604846 3.9953868 2.5694888 1.9726934 30.29517 1.528636 15.806233306420397 
Car -1 -1 0 636.8166556350218 182.05109652578105 671.4929411361593 211.97933397596486 1.52409 1.5866463 3.623777 2.4109745 2.0535486 39.70422 1.5429332 2.5192782956076774 
Car -1 -1 0 425.22691023349523 176.38829115789858 456.08646239612887 194.56843589786988 1.4556046 1.5994087 4.1357956 -14.153285 1.7628412 60.65002 1.5778332 0.9797953583454443 

