Car -1 -1 0 601.2794998314539 163.82337207085064 788.3966093425834 271.58297383534824 1.5705523 1.6726105 3.8954024 1.2933108 1.4389346 12.63269 1.2191832 124.54220912995638 
Car -1 -1 0 210.74736692776077 187.49441038661956 283.60388409841727 235.8787474562989 1.5101705 1.6817194 3.8002076 -12.867685 2.0760365 25.827803 1.2840862 65.4514064971901 
Car -1 -1 0 421.6557683692491 178.29990105058943 481.8897697789987 221.76452742538243 1.503989 1.7160428 4.441035 -6.1857452 1.7328575 27.943348 1.225125 31.759550516439777 
Car -1 -1 0 929.7688713656966 136.37225957715174 1038.2958539715696 174.42930536866976 1.5311341 1.6382558 4.1152444 16.093393 0.06337848 31.24393 1.200733 36.8782786831157 
Car -1 -1 0 338.52754247629593 183.46625321676143 385.6970875631281 224.66327908269818 1.4185243 1.6145464 3.6064088 -9.500816 1.8565975 27.820763 1.2572122 22.927877760291214 
Car -1 -1 0 822.3165250525253 142.70525899312352 953.8687510461289 200.97100529667765 1.9210005 1.7253654 4.1236715 9.725763 0.9270073 25.23983 -0.31026533 29.06792374660542 
Car -1 -1 0 413.9747658658683 182.18291333003384 451.95436343474347 217.09232188287467 1.5541022 1.6252083 3.7321231 -8.661291 2.0355976 35.221 1.2832139 2.79831177814329 
Car -1 -1 0 1084.1386979318982 124.46394038519507 1180.1671270008173 161.29676701404833 1.4942598 1.6238317 3.9120865 22.977299 -0.53226125 31.723574 -0.39788008 3.677720803602562 
Car -1 -1 0 988.6804913370909 128.6807885425824 1095.2723302915135 168.54609187787474 1.6114869 1.6941538 3.8723195 18.893263 -0.20193875 31.721992 1.2666037 2.935286366018981 

