Car -1 -1 0 742.6510464513747 187.42733114292366 1064.789285309748 375.0 1.5393313 1.6459289 4.1910934 2.8845117 1.7481439 8.178629 1.4826496 130.492309378067 
Car -1 -1 0 506.98873720053615 170.1546618018792 543.7504728276485 199.03463736386445 1.5932672 1.6322703 3.2972245 -4.8903103 1.4443483 41.611332 1.3049378 38.81007975202864 
Car -1 -1 0 199.85541009245424 177.50093645848898 391.07974521694723 247.63590160528705 1.4679704 1.5677769 3.6025558 -6.9011354 1.5776918 16.12955 -0.06950629 32.70262643188872 
Car -1 -1 0 17.463923850842033 175.62440728564704 327.27929996919323 287.1014927276919 1.5805299 1.6221781 3.806984 -6.6084967 1.6274675 11.25152 -0.08684826 38.548919735114886 
Car -1 -1 0 332.7743187668344 169.13085129806916 449.7473391661171 219.3025599261111 1.642638 1.6144705 3.559896 -7.359911 1.5207407 24.583916 -0.087995544 22.393195559303855 
Car -1 -1 0 295.0143395467963 171.3777880127347 428.48853839183295 226.95772225365747 1.5851915 1.5854713 3.4705691 -7.297551 1.5430884 21.4948 -0.0722142 24.836034047782753 
Car -1 -1 0 246.64586119704703 177.84329184707875 410.3026140135658 237.51114585580558 1.4551749 1.5731068 3.6855307 -7.1939917 1.5917342 18.755854 -0.115101665 9.310624582848828 
Car -1 -1 0 554.9433425255636 171.56968308302802 595.7296215160347 193.8479155711496 1.5046382 1.5958871 3.6034536 -2.4411054 1.4178971 50.701385 1.1272442 2.88752777112942 
Car -1 -1 0 597.9922105583004 170.69353324506483 634.5171680524992 199.02202401154682 1.54384 1.6331427 3.9054122 0.33692825 1.4260992 41.35389 1.4588904 5.388535723666583 
Car -1 -1 0 611.5155044168004 162.67745756116256 658.5783134089357 207.64423234710407 2.0116649 1.7703651 4.441912 1.1508007 1.5563998 34.560974 1.4947859 2.2843718474571673 

