Car -1 -1 0 418.59851517358106 177.7450003157601 514.5543214836579 256.45078237621766 1.6735789 1.6241354 3.8886259 -3.3463795 1.8057737 17.543903 1.5536256 78.98699800941502 
Car -1 -1 0 802.2647075679588 167.2084760900407 1170.1569875605576 307.49771575534965 1.5610464 1.6039416 3.720399 4.4632783 1.4982266 8.9049425 -0.040234357 122.20339563850841 
Car -1 -1 0 676.5687217653665 181.5429636849046 828.6135981192754 233.6339358923487 1.4750203 1.6255126 4.208086 4.1969333 1.7452319 21.578384 -0.022643667 38.66171083924839 
Car -1 -1 0 750.0120412509248 176.48014470194977 1035.6384660324622 281.14214064302865 1.5282826 1.6132563 3.9106364 4.329296 1.5902796 11.466264 0.032649606 28.456734692423183 
Car -1 -1 0 464.4126771223794 185.0073829050857 543.5778302261301 231.4190931111441 1.475492 1.546356 3.535944 -3.6979153 1.9428967 25.843254 1.8271568 20.99248516901142 
Car -1 -1 0 137.29777857240808 166.50014716001272 424.2069242150277 374.1082533938979 1.8438478 1.617653 4.065627 -3.4486244 1.7874167 8.465059 1.5399334 119.64789945213096 
Car -1 -1 0 703.2796663264357 178.06202317536108 947.3236176145708 265.6257093377793 1.5522497 1.6502864 4.170863 4.0152187 1.6588275 13.833658 -0.051804975 35.40812339870013 
Car -1 -1 0 659.371994920741 175.48904164239082 786.4816773423389 227.79990465106226 1.6809726 1.6427782 3.9744542 3.722536 1.7722378 24.131643 -0.019001585 25.67394014873394 
Car -1 -1 0 350.86113136181274 185.67873242011171 469.84075157054525 281.145935445566 1.504495 1.4911982 2.9037278 -3.5363374 1.7663709 13.251328 1.5283633 18.808729218182833 

