Car -1 -1 0 39.296672841271494 193.92302553399483 372.71227330508145 375.0 1.3898022 1.6385912 4.1071615 -4.008996 1.6859114 8.036946 1.503948 114.38831447842757 
Car -1 -1 0 591.9120990923866 182.5411048072003 634.0364079017596 214.67533963555726 1.395864 1.6584363 3.6315677 0.1121254 1.8825371 34.36435 1.4774104 26.023844947979256 
Car -1 -1 0 726.2284270914282 180.2919756319044 950.2478063580509 260.6120540386668 1.5080233 1.6200924 4.0208254 4.5339756 1.6685308 14.644449 -0.058375873 68.74592010453611 
Car -1 -1 0 864.0134344400286 165.3145621875944 1242.0 353.4671739499197 1.6509125 1.6803852 4.2526393 5.0116925 1.584759 7.343976 -0.08270041 72.63777850563504 
Car -1 -1 0 709.9785280036209 180.88046075668498 886.32088610656 247.5343254801088 1.4878376 1.5853486 3.7734194 4.4385214 1.6905563 17.278503 -0.08218393 13.573857448324796 
Car -1 -1 0 679.1025324303255 181.91600788386174 837.3725437635512 237.79848501596055 1.44311 1.5943887 4.0030775 4.0732107 1.7081809 20.041784 -0.13737176 25.544564301731466 
Car -1 -1 0 488.22777843592826 180.49802998317435 523.623397753097 210.73258608615313 1.5159891 1.5831437 3.68038 -5.5571003 1.9492223 39.01203 1.5144012 2.6698594461541636 
Car -1 -1 0 668.1734278103922 182.2356983027156 787.1453081449466 228.12607236956913 1.4920272 1.5705167 3.7723975 3.9857547 1.8245972 24.698246 -0.050473474 0.8654965507179981 
Car -1 -1 0 660.6086694730901 176.04047823722155 769.4869255199435 220.07626572160925 1.5705676 1.6247444 3.7124736 3.910799 1.6947229 27.004066 -0.16684632 0.27830708026885986 

