Car -1 -1 0 24.506836211445027 164.24915131561184 201.71374787264827 231.13246809454648 1.6718713 1.8870497 4.49328 -13.680269 1.4567772 20.283678 1.5717279 73.8299228242037 
Car -1 -1 0 579.575522989052 176.03358767475206 637.9021766602601 232.05324735408 1.6611848 1.7513688 4.202484 -0.07678199 1.7752407 23.759832 1.5455484 43.8829951096035 
Car -1 -1 0 703.2975219218267 179.55294922393716 838.0799404502951 291.53350772304395 1.696482 1.6827472 4.149114 2.7702518 1.8393271 13.284159 1.6042936 137.15433941118982 
Car -1 -1 0 651.6423720525472 185.0250520009714 712.3759390416519 230.04245479392335 1.4337081 1.6026229 4.194281 2.5506878 1.9127204 26.264921 1.5238608 45.57625956371953 
Car -1 -1 0 671.5013458475942 187.21833312556066 749.0885646109796 246.4957195297054 1.4691515 1.6115959 4.079529 2.8135643 1.9267654 20.932426 1.5526133 48.94347398944365 
Car -1 -1 0 285.58549992431614 173.57340072691107 351.1302627733172 205.7068593672955 1.4752299 1.673929 3.8483076 -14.096195 1.512198 35.145046 1.5599952 33.8138372802388 
Car -1 -1 0 180.0121003499902 171.61867973131754 275.8244718282081 214.89171847865995 1.4798309 1.5867198 3.761114 -13.9268675 1.4375858 26.56805 1.5544869 15.483448051072566 
Car -1 -1 0 639.1853437908998 181.34881729737418 684.7728690562243 215.3294181264213 1.531074 1.6109632 3.9484613 2.5245752 1.9738952 35.57177 1.4772369 1.292774614887708 
Car -1 -1 0 412.45856301521565 177.0548622696162 447.3345969465072 196.60886094904444 1.451123 1.5959557 4.117776 -14.024961 1.7923242 56.522606 1.6008962 1.3176937753943518 

