Car -1 -1 0 600.6070810491711 177.47031882150065 696.3114374992621 227.70445821453293 1.459002 1.7013435 4.3397613 1.1586041 1.6255794 23.71011 1.2590778 60.52602257957099 
Car -1 -1 0 427.328029581884 186.69559146669417 494.44283282947055 237.91557506690447 1.3856179 1.647678 3.7704415 -4.55121 1.855272 22.528679 1.4778093 34.882587067142204 
Car -1 -1 0 293.050049800719 189.6316903188402 404.94006744188874 238.33773893593732 1.3956414 1.6826339 3.9129832 -8.610641 2.0073748 24.213247 1.7956659 48.01540362511684 
Car -1 -1 0 248.71746904816678 190.93184442870216 348.2088035375168 234.2861188609896 1.3414048 1.5897083 3.990102 -11.122061 2.046977 26.101856 1.6626145 24.62021014576122 
Car -1 -1 0 0.0 186.8243243660152 127.62324306726175 279.09201299607395 1.6762844 1.7105601 4.327626 -12.373061 2.014968 15.588684 0.5817735 61.10238040949554 
Car -1 -1 0 657.234287291124 176.01949051099754 762.7146279100195 221.15823757426654 1.46222 1.7066553 4.2622843 3.5022635 1.586278 25.986229 1.1293683 31.99193573314651 
Car -1 -1 0 152.05406736767387 190.62694383006138 249.57243728957073 233.32365260647606 1.47369 1.6667799 4.1144648 -16.132092 2.2326388 28.725908 1.5352514 10.969541132005812 
Car -1 -1 0 718.6782934468347 174.9921100991381 811.7379887485412 215.72737940072201 1.4258703 1.6324606 3.9927077 5.8578815 1.5141485 27.636618 1.2310555 21.50970245946606 
Car -1 -1 0 200.88523423156002 191.10181093798352 307.27467479818614 233.6035586646448 1.3911269 1.6016502 3.965995 -13.417588 2.1396677 27.505737 1.7463057 20.387412848113872 
Car -1 -1 0 1077.9590118590813 166.5991399720086 1116.2103715366504 194.12592659990247 1.5106571 1.5865554 3.7672873 28.0707 1.1673931 41.624146 2.0998735 7.355389894678268 
Car -1 -1 0 115.14194708454511 191.162562290345 221.50436137633673 231.46403700053787 1.4627635 1.6481164 4.310596 -18.430256 2.2898047 30.391478 1.6326257 10.765285175221837 
Car -1 -1 0 405.1142677321806 195.02843084901534 477.5228374658004 226.12560243160837 1.5024995 1.6177362 4.0145597 -9.274446 2.7996674 40.064453 2.08922 9.099124602920446 
Car -1 -1 0 471.1963648119333 193.84415020273875 543.3167966956199 226.1402201967335 1.4661186 1.5897841 3.954167 -5.266097 2.6210642 37.596313 2.1090631 10.076766400221102 
Car -1 -1 0 777.7321126682725 175.30214724979862 869.258159759526 208.25858326615204 1.3719764 1.6244746 4.0450287 9.554366 1.4897231 32.531776 1.1033313 19.831656756941175 
Car -1 -1 0 519.3186388998118 190.2449430245701 591.1810597730091 222.9486762620027 1.4340354 1.6157478 4.396442 -2.6626596 2.3686168 36.445724 2.0266743 9.757172873502467 
Car -1 -1 0 558.2869535457558 189.02276798348507 615.4730536102359 223.3149418745407 1.4631994 1.6428585 3.82525 -1.0304292 2.2894049 34.802906 1.8575196 3.3447531838051576 
Car -1 -1 0 957.4096331349575 161.36947795073584 990.3054836553914 179.4986274611837 1.417372 1.6457006 4.0302553 29.565264 0.5194895 58.50845 2.2294335 2.1219766645780207 

