Car -1 -1 0 668.3712828300434 179.70249897180128 764.262171149808 252.4432252526065 1.4681903 1.590722 3.9560926 2.3749402 1.6478274 16.932436 1.5507274 95.04908091887052 
Car -1 -1 0 501.4796701550029 177.4650606609967 545.459651245128 213.02313256559867 1.4441619 1.6008598 3.662013 -3.718665 1.6582208 31.640846 1.5396214 31.55381601881086 
Car -1 -1 0 708.1557974159754 183.17813689722996 882.3990697417001 301.6971127092667 1.4412615 1.6060324 4.13343 2.636927 1.6313522 11.210461 1.560745 90.25347872468126 
Car -1 -1 0 646.8374490088769 176.0480919784972 718.9596178719332 231.06450055860867 1.5111933 1.6095451 3.6989942 2.1394844 1.6166718 21.93327 1.5112593 49.44676294234408 
Car -1 -1 0 0.0 188.42031422835177 324.6169907225848 302.2926932188485 1.5139385 1.6598669 4.1690536 -6.6613693 1.7660934 10.766425 -0.04437486 95.62770992553749 
Car -1 -1 0 330.7561381119106 172.81043453568094 460.1525406240511 224.52794474189963 1.6998786 1.674196 4.0049267 -7.24881 1.6984465 24.73726 -0.09401003 52.653068892373845 
Car -1 -1 0 292.70230326884126 180.9998213127482 441.40202490414276 232.0111829991946 1.4449584 1.5894097 4.022222 -7.221377 1.7027812 21.80305 -0.12239507 54.392369303725545 
Car -1 -1 0 142.8881904504087 189.34522383129215 400.6972267218399 279.3106266211467 1.5141206 1.6376677 3.9949045 -6.091938 1.8379233 13.312148 0.018245649 56.09552657027337 
Car -1 -1 0 366.60066792622246 174.40805583619033 474.6540033108001 213.160100544318 1.5763189 1.6750766 4.2383046 -7.9122543 1.6444247 30.529373 -0.12328565 11.11023810081755 
Car -1 -1 0 627.0217375658683 175.72568288045548 668.9481572218436 210.68288827908356 1.463726 1.5675557 3.6163118 1.6709359 1.5997651 32.347313 1.5366846 0.281341552734375 
Car -1 -1 0 636.9476561410379 176.1244174876486 694.1081095596443 220.12613589009428 1.4734981 1.5714735 3.634841 1.9707313 1.6011866 26.305542 1.5039506 0.2567051649093628 

