Car -1 -1 0 51.09017399389857 188.44237938208914 239.35393646149166 271.1304327419317 1.626282 1.6776296 4.2236385 -10.747971 2.0423026 17.125366 1.5942919 103.2868298003537 
Car -1 -1 0 686.4731268925688 178.80935354106578 812.6646175667273 267.5330333414745 1.5436165 1.68853 3.6364427 2.6903596 1.6799927 14.663037 1.5183077 65.81087192939691 
Car -1 -1 0 664.3209863808365 178.15858159531473 696.7755351121431 206.86162717868982 1.4991708 1.6006552 3.5782208 3.912222 1.8079568 40.180458 1.6128092 15.377704063926279 
Car -1 -1 0 371.1127633448931 185.45334115797482 535.0151380097424 261.9412780547351 1.4265594 1.660847 4.343199 -3.6599796 1.7494686 16.330833 0.82833016 100.69150147209986 
Car -1 -1 0 314.1482648295514 180.69191970066365 388.3630651854574 230.7645251222044 1.8343649 1.6083517 3.9225712 -10.286566 2.1709466 29.016893 1.5624552 49.85789131353871 
Car -1 -1 0 653.7439863046195 172.91165433569589 677.732639960254 198.2449700164508 1.8157561 1.6521076 4.283583 4.1607275 1.8202369 53.903435 1.6168818 6.492983399275049 
Car -1 -1 0 500.12814822688426 180.32625844046976 586.789822756421 212.7990463092271 1.427057 1.6327636 4.0442314 -3.1842759 1.8025812 34.410976 0.62957025 7.8299287055687765 
Car -1 -1 0 474.3002514649194 181.37453233935176 573.8616172060872 221.77045030161932 1.447164 1.5986075 3.9376476 -3.4162197 1.8054235 28.484482 0.6744291 6.330711201182023 
Car -1 -1 0 675.6535773968783 178.83156067472459 730.0326143662118 223.6519660657216 1.5269575 1.6102101 3.7225819 3.4143963 1.765807 26.956322 1.5877576 7.322894924160754 
Car -1 -1 0 436.59973409297544 185.97121568903668 537.090135975105 236.58680547086564 1.4075685 1.5707283 3.820906 -3.9999447 1.86365 23.093288 0.9174068 0.885472095306463 

