Car -1 -1 0 467.1148391737567 182.41667047953933 538.2709507928936 239.11806191682354 1.4061263 1.555018 3.5817478 -2.9193053 1.6993147 20.312834 1.5464189 34.28160649029599 
Car -1 -1 0 800.3590711292286 191.01006016286473 1001.6594723065199 314.14917936771724 1.4307799 1.5360708 3.4277172 4.051283 1.7413584 10.61754 1.555882 103.0218633687705 
Car -1 -1 0 665.7455399880896 176.13390008771194 710.5492955513672 209.40351325562742 1.6284328 1.7621809 3.9436135 4.0481153 1.8090069 37.71822 1.5302165 44.120445859604864 
Car -1 -1 0 744.25669000427 183.87842497974114 854.0235057120221 262.8832821279558 1.5044334 1.5751787 3.347862 4.047822 1.772993 15.89329 1.5833362 65.0621793922885 
Car -1 -1 0 501.331591236642 174.48207089761323 557.0566842846474 222.40645450882738 1.6366836 1.6176306 3.6608489 -2.892692 1.7008567 26.603498 1.5792171 34.178529456387736 
Car -1 -1 0 832.0768600270858 183.75914682588365 942.7321322023182 219.04680927883513 1.4675841 1.6170213 4.2068777 12.060013 1.9566619 31.461552 -0.043024432 25.978277667767813 
Car -1 -1 0 73.36179831039296 147.15987076859545 431.6431261318873 375.0 1.7586055 1.6617366 4.152311 -3.1531653 1.568685 7.4176226 1.5608538 124.98561970343978 
Car -1 -1 0 73.37610983658125 172.4927109458478 209.41686773204378 221.35328311073152 1.4708092 1.6261004 4.335483 -15.307286 1.4599335 23.904167 1.5917704 27.768763452579662 
Car -1 -1 0 706.1146673362772 184.5504005555257 792.2936976375 238.246742930097 1.3897479 1.6220288 4.024763 4.0662346 1.7734137 21.617804 1.5212004 15.14368865869382 
Car -1 -1 0 527.4142816217797 179.09082364479116 571.1300805715299 213.46601918525238 1.4704443 1.6064119 4.143774 -2.754595 1.7799081 33.712395 1.5933417 1.927099535646074 
Car -1 -1 0 538.6301765223831 177.57615637720403 572.4919008584377 206.3111628764984 1.5047636 1.582435 3.5999413 -2.9654152 1.779597 40.186478 1.5806174 0.4638669788837433 
Car -1 -1 0 365.60764453030407 151.58259890853495 512.4601530492849 272.96454960567735 2.0149593 1.7609953 4.486454 -3.138191 1.6618507 14.237086 1.5896733 9.505023433379758 
Car -1 -1 0 787.5523836213478 179.68920753053172 862.7264928628437 207.36661096802226 1.5296813 1.6076912 3.796732 12.292485 1.9293168 41.260784 -0.06504013 1.8765852106536065 
Car -1 -1 0 540.0000887010325 172.8598647617782 572.5786695376993 203.3222694734446 1.8205574 1.674813 4.1835756 -3.2920518 1.8209418 45.226494 1.5852245 0.2924721837043762 

