Car -1 -1 0 157.73702370895015 185.762458403764 239.1279284980828 238.16788987006368 1.518817 1.7131766 3.8946254 -13.600499 1.987566 24.079273 1.2264371 75.88585030384945 
Car -1 -1 0 573.098631883656 162.56479215069945 764.3297657211407 273.5498644701679 1.5734925 1.6696037 3.89286 0.81615394 1.4276171 12.347321 1.178938 128.2370191551988 
Car -1 -1 0 390.26835538033754 178.09547164997107 449.37560879549176 222.2740846843129 1.4943213 1.7154571 4.4061537 -7.25892 1.7100328 27.330683 1.2092576 48.159462886025025 
Car -1 -1 0 305.09739362472817 183.12889731435118 352.84003145726007 223.63253166610244 1.4202335 1.6301279 3.790846 -10.977295 1.854017 28.403204 1.2321863 25.979191273273408 
Car -1 -1 0 905.9070526446848 137.99174885293627 1005.524146735672 174.64928507798152 1.4862237 1.6025088 3.7859921 14.921629 0.07278693 31.309229 1.1716795 29.73401202107696 
Car -1 -1 0 1161.8559038312278 117.31731563495016 1242.0 155.07900950291514 1.4820352 1.6112682 3.90382 25.978365 -0.8018756 31.111597 -0.3582013 22.78484206636457 
Car -1 -1 0 794.5264144089246 143.28259025287542 925.6590152553841 201.0417505084973 1.9009948 1.7274014 4.1463656 8.747831 0.92772746 25.23303 -0.32796016 46.10262508362531 
Car -1 -1 0 378.64452922789934 180.65534507866124 415.8228835752553 215.33115472013918 1.5106438 1.6123854 3.9515083 -10.155897 1.9067595 34.512733 1.2817823 1.444895965068078 
Car -1 -1 0 1050.5701796824517 125.05075354682846 1144.9920933067708 162.0963636770937 1.5295154 1.6355073 3.913486 21.788143 -0.5027698 32.19848 -0.40551898 5.180103803549153 
Car -1 -1 0 959.037316579596 129.24117987803098 1063.0435749101882 169.13579266633943 1.6322248 1.7046111 3.8807368 17.709269 -0.17593277 32.02755 1.2334964 2.8540534474818804 

