Car -1 -1 0 444.21601846951785 183.20431457962295 548.1219253708596 257.2672172130678 1.433094 1.6008719 4.262978 -2.4765763 1.7039301 16.722553 1.6053813 74.90162697772654 
Car -1 -1 0 94.50343618009124 173.06371476176253 232.0910463351765 223.62734579172673 1.4992311 1.7561271 4.4981756 -14.423331 1.5067656 23.668015 1.5634993 111.07331214482372 
Car -1 -1 0 240.09489404685328 176.14419004165316 318.92885575787705 211.92989662233495 1.4857881 1.6613005 4.0632186 -14.694925 1.6426663 32.36764 1.5758123 69.11493579644434 
Car -1 -1 0 280.4038947293729 170.79236598915205 500.57807779769377 322.83524973418633 1.6288307 1.6829686 3.9491477 -2.65467 1.6067444 9.724918 1.5959423 119.53947906677244 
Car -1 -1 0 722.6711880644814 176.72835861192584 821.0919240304918 242.22567303965639 1.6677192 1.7702279 4.318304 4.5359983 1.7911723 20.810623 1.545844 104.34001018791793 
Car -1 -1 0 491.18007143736384 180.8813802218055 556.4200168470953 231.4063749407489 1.4350965 1.593503 3.7846105 -2.6483219 1.7121031 22.998396 1.5808775 45.6977164068176 
Car -1 -1 0 927.7012815509911 187.65877251491762 1080.4390575565444 236.3575634772431 1.5201106 1.6656462 4.2311506 13.082319 2.0335073 24.063189 -0.05998359 63.03448783956992 
Car -1 -1 0 510.79701986463425 172.83012367336883 564.7522519558149 220.6023551718249 1.7308683 1.6850276 3.8613172 -2.7217262 1.7300031 28.080112 1.5790985 29.45176097342065 
Car -1 -1 0 664.5702852783129 180.86943889422258 701.8706702976277 205.8213704081802 1.483095 1.5830148 3.6466794 4.654133 2.0155432 46.021618 1.4443727 12.362290707363494 
Car -1 -1 0 543.2102033125873 178.22869898946908 583.32537893998 210.42092254538719 1.4905686 1.595548 3.9321427 -2.2606635 1.7741565 36.073307 1.6124134 5.000146678620834 
Car -1 -1 0 574.8000616708175 178.43961064467152 594.1669166695763 195.86248505238885 1.5410086 1.6338538 3.6473038 -2.348802 2.073534 66.907936 1.4914701 3.8934768483399655 
Car -1 -1 0 1003.1236281923727 183.7870732312041 1163.9421657175958 244.9839210967603 1.6894492 1.6440043 3.8177354 13.953848 2.028696 21.341286 -0.12167618 7.080978891597955 
Car -1 -1 0 468.601886948473 174.68180650300283 499.8641117539989 193.9179948152931 1.6624433 1.772738 4.199043 -11.234852 1.8324194 64.93398 1.6530733 1.8100361636465339 

