Car -1 -1 0 239.80005746123155 192.52030210339882 399.59487609918426 288.38400873173964 1.4351925 1.6147139 3.7022004 -5.1971254 1.8532143 13.455496 1.5315871 95.90302649301339 
Car -1 -1 0 408.82547416967975 183.9867896372628 486.27469395395406 233.95387782858273 1.4706438 1.6195474 4.1450377 -5.3340006 1.87693 24.24858 1.5847661 44.48221220047506 
Car -1 -1 0 0.0 186.55382153584287 154.93479852045502 274.7509161303287 1.4704618 1.5774804 3.822737 -10.799584 1.7718806 14.210908 0.5439898 62.44153692660607 
Car -1 -1 0 326.2561356874889 186.52204995881385 426.8101144612971 253.8990035003547 1.4328328 1.6190101 4.003167 -5.752285 1.8179777 18.258581 1.4693747 29.33851846264709 
Car -1 -1 0 70.67302589177422 182.50962955904413 235.26464387526676 254.5533469542058 1.4716872 1.5839057 3.8010135 -10.638578 1.7176167 16.77348 0.4984355 61.46144692919365 
Car -1 -1 0 153.9575156939539 181.20176318959537 280.2433570224958 242.43060237751718 1.4628484 1.5385067 3.3840222 -10.487949 1.7035694 19.236702 0.57927346 44.07495482823989 
Car -1 -1 0 190.11918762565057 179.659299502212 320.4938528920943 234.0754629655299 1.4902973 1.5956649 3.8151176 -10.700502 1.7106094 21.759762 0.48796272 15.719648453677864 
Car -1 -1 0 442.7230199591502 182.6714045752675 498.0498390942994 223.1517943103644 1.4702768 1.6450956 4.103466 -5.5733166 1.8975089 29.310062 1.5216045 12.456971315790197 
Car -1 -1 0 373.002374465986 171.38830343333518 435.3713522637882 202.58957328703366 1.6954277 1.6299623 3.7364213 -11.709035 1.6157838 41.045586 0.7128924 6.298617285670618 
Car -1 -1 0 352.9930546327785 174.43947542624716 434.81027050462865 205.90916931563888 1.4180051 1.5710249 3.7614965 -10.312048 1.4988052 34.743965 2.068388 3.655921374893389 

