Car -1 -1 0 1025.8470735696249 148.3133518283784 1220.1684986705188 230.6645905311009 1.5874828 1.6042374 3.6131287 10.957233 1.1144133 15.735775 1.544924 113.69082885025671 
Car -1 -1 0 888.5971985384662 165.0097881650219 989.1854744418683 211.80226813581274 1.4476523 1.6652284 4.0429325 10.980974 1.2049702 24.37119 1.6046135 70.8039324847859 
Car -1 -1 0 836.4825565862519 166.66120195984635 905.6479268123524 202.67605960506498 1.4417892 1.551866 3.676919 11.0534 1.1938716 30.739155 1.550663 31.78232941771337 
Car -1 -1 0 513.8348707881347 178.73815353354945 566.3733157995407 215.5509236037498 1.4828811 1.6712569 4.210471 -2.9966495 1.7606314 31.905931 1.6327286 33.36394172958894 
Car -1 -1 0 776.7827040343002 167.8186572838782 816.4495440710693 193.94637996455498 1.4694873 1.6139631 3.8655596 10.981652 1.186287 42.570694 1.6485763 12.15631081570766 
Car -1 -1 0 1096.6443159848727 154.9801913080328 1223.1842701041935 207.79953216445753 1.4531198 1.5512077 3.4686255 16.377438 0.961391 21.682068 1.7227863 6.432390569665075 
Car -1 -1 0 942.6941636831682 160.38543154172024 1025.5004035576999 196.95624510654096 1.4960233 1.5945973 3.8296964 16.209404 0.98596424 31.437918 1.562292 4.87595215980263 
Car -1 -1 0 756.8281749736519 168.50628154556725 820.5271237895278 191.96768788825662 1.5478749 1.6208762 3.8882656 11.990343 1.2610323 48.451057 0.0190583 1.8490828633382106 
Car -1 -1 0 558.6020890924358 177.58657294250804 595.3783794617368 198.5770631937955 1.4606085 1.6069984 3.8220272 -2.359416 1.8229685 53.190437 1.839499 1.32708561199651 

