Car -1 -1 0 649.029315878389 177.2498884563396 759.7822794363706 251.85245478779797 1.4896808 1.6515908 3.7805934 2.0472782 1.6029267 16.61428 1.4536805 99.65161156508103 
Car -1 -1 0 809.6798719761692 188.7807031203641 1197.2296702555643 375.0 1.4009649 1.5497885 3.5550137 3.2672691 1.5920701 6.8310404 1.5017598 142.90341014913065 
Car -1 -1 0 619.5781477538746 175.45982982013462 692.266882825304 231.29037657824122 1.5019054 1.6446837 3.966356 1.2938856 1.587417 21.639065 1.4967496 52.82936966686373 
Car -1 -1 0 124.68901120614541 164.8247570508037 390.3833250047716 276.1767417666164 1.6377094 1.6331912 3.8773937 -5.927392 1.5196192 12.337168 -0.5628827 110.36555503515206 
Car -1 -1 0 252.53221768422745 175.18478727056976 442.34104365100495 254.4890609851393 1.5160398 1.592342 3.5927486 -5.597432 1.5712912 15.496037 -0.54141116 15.483603955387105 
Car -1 -1 0 312.3075045554406 172.53001553690734 464.28703448127624 231.836417515567 1.559356 1.6222107 3.8721244 -6.3249454 1.5508373 20.84579 -0.7069677 15.821950310542372 
Car -1 -1 0 604.3101990605244 173.17537977312998 667.0009963432718 217.25633781687435 1.5352619 1.6113079 3.7785594 0.90739185 1.5482489 27.158434 1.398575 24.6846867139559 
Car -1 -1 0 450.16556950401184 172.3799490682803 472.52194702297373 191.92281920763247 1.5150827 1.6222215 3.6646736 -11.859215 1.4783311 57.87899 1.4051957 1.724950806065151 
Car -1 -1 0 512.462632472159 175.0399033904871 541.389917695678 190.51947697540413 1.5029423 1.607137 3.8980794 -8.358585 1.7296945 72.748276 1.0901576 1.7252777792580436 

