Car -1 -1 0 255.6381443178432 179.48325998688932 416.9934107454226 269.82605362676594 1.454008 1.6885067 4.264001 -5.0957313 1.6033992 14.095162 1.5298315 108.50827476020125 
Car -1 -1 0 410.50949972164807 177.66081729538277 486.5171230375578 226.11724368267187 1.4702668 1.6458265 4.327043 -5.352596 1.6478957 24.493416 1.5628743 55.396763363501 
Car -1 -1 0 469.81592104905195 176.85461279684216 513.3449078829433 208.88639980394626 1.4400761 1.5818863 3.863299 -5.6445217 1.6443154 34.881443 1.540762 28.275432295177175 
Car -1 -1 0 841.0144612507281 179.35992068714953 1155.6048626531474 292.2239248780816 1.5141759 1.601624 3.8396149 5.616598 1.6189194 10.701101 -0.060518347 62.244296238730236 
Car -1 -1 0 909.4396138987479 186.90096120350506 1242.0 332.55121409464005 1.4214971 1.5632927 3.7590375 5.5656404 1.5962882 8.095314 -0.054586098 82.86728385126771 
Car -1 -1 0 729.7163794211222 176.1946548274704 893.9148511186587 242.13412954904382 1.5772123 1.605237 3.67905 5.0410986 1.6659975 18.263733 -0.060696416 36.64761430999397 
Car -1 -1 0 774.6859351768463 177.14345936279244 1024.2871554082883 269.4097262630017 1.6026926 1.6499348 4.0687046 5.3651257 1.689667 13.628304 -0.08864537 50.735208403987 
Car -1 -1 0 769.6291308512049 179.40759066537342 950.8273507370999 254.0943177364578 1.5439315 1.5674131 3.4497364 5.463125 1.6970848 15.967296 -0.065304734 27.562022390696917 
Car -1 -1 0 678.4722584615987 175.58390108526802 798.3190503762892 219.5096223211483 1.5102406 1.6444194 4.046747 4.537564 1.6114705 25.838856 0.047405276 19.8238722310771 
Car -1 -1 0 716.8199572064644 176.80896805174172 861.0965175068866 231.4105611460024 1.5153234 1.5951602 3.784032 5.1596584 1.6354823 21.037066 -0.046435617 5.624709490924391 
Car -1 -1 0 636.8335972626894 174.28877573025986 661.5430379246275 197.02400633377772 1.5107558 1.6407436 3.85109 2.7877293 1.6144729 50.177452 1.6452281 6.420002649444971 
Car -1 -1 0 860.7268923087144 158.1656126603796 921.5485591905227 194.45622143144078 1.7058759 1.6201471 3.7570403 13.895668 1.0154335 35.812016 1.5921948 0.4885451497853153 

