Car -1 -1 0 755.8346517620479 191.75830508462695 918.8792348141053 285.7024592645843 1.365437 1.548917 3.4503136 3.922616 1.7533798 13.00892 1.4637156 106.72483611605982 
Car -1 -1 0 246.70312052826063 180.29066318622165 456.56131924285944 321.2124130819818 1.4542484 1.5717982 3.47717 -3.101297 1.569186 9.391726 1.5426338 100.9342731637167 
Car -1 -1 0 724.5947928746826 186.3690432768051 827.3490212426743 254.70326367175224 1.4018056 1.5669868 3.5329213 3.8643646 1.7591963 17.294193 1.5449841 67.84003404119541 
Car -1 -1 0 512.4102267177083 177.6491450711011 551.8422831399283 211.63162694141784 1.472837 1.6248089 3.9844236 -3.5800922 1.7114794 33.877388 1.5187461 44.759398091648215 
Car -1 -1 0 226.73478224877033 173.17291676676626 296.805195255563 208.36147310817952 1.4983313 1.555944 3.3900404 -15.563217 1.5134323 32.45992 1.5566317 30.272574463595387 
Car -1 -1 0 47.243552248635744 171.36065593953012 184.56001455519694 224.43342608001288 1.5222731 1.6647055 4.0337653 -15.362843 1.4794397 22.738722 1.5380735 43.8111670353632 
Car -1 -1 0 539.6046502126514 174.89741120087794 568.8151586641135 201.68860073184757 1.6023556 1.6291951 3.6146367 -3.4347496 1.73569 45.25691 1.5496233 9.973749701911732 
Car -1 -1 0 661.7582168722114 181.7992153503822 697.7395539598548 209.79068278754704 1.4332287 1.5762839 3.7625172 3.849118 1.9531823 40.047394 1.5555571 12.120289797855499 
Car -1 -1 0 703.8428739674947 183.02695010300494 779.0253559340902 237.42698855622987 1.4763215 1.5811778 3.5632968 3.9381793 1.8125494 22.050539 1.5507532 13.544581536559301 

