Car -1 -1 0 808.9464172400878 186.37899239086798 898.7939827953242 253.86935756096284 1.4293604 1.5834988 4.025462 6.0485907 1.811301 18.253868 1.7511004 72.27093375865427 
Car -1 -1 0 893.4385567400292 179.09851528729328 1204.320035606496 375.0 1.6335566 1.6357245 3.8117423 3.912326 1.7132266 7.152164 1.8356333 95.91936076166124 
Car -1 -1 0 338.2057843994244 178.4141941082832 578.9573494060661 275.6938355106112 1.5260017 1.6066259 3.765691 -2.5361612 1.6308479 12.523993 0.15349957 139.49390601592617 
Car -1 -1 0 839.1491257951244 185.98600624839722 1009.3780117455652 296.9524246614248 1.4915655 1.6138749 4.1838083 5.1502266 1.7569575 12.398666 1.7093378 63.58610244832145 
Car -1 -1 0 780.8633668557658 184.55130565627263 834.0668167868565 223.60713088073865 1.4545671 1.6042937 4.1378884 8.236599 1.9810381 30.319279 1.7010789 21.841356077083304 
Car -1 -1 0 575.881673583894 177.56410094080533 672.3322159973982 212.79407403693475 1.528434 1.6359301 4.2269616 0.69626236 1.7483766 32.63911 0.11436145 26.114842102055558 
Car -1 -1 0 799.3640628390369 184.52729776115572 863.989027348483 236.17863260479174 1.4654516 1.5915693 3.7860765 7.1095896 1.8763086 23.387316 1.7582002 20.69234925497357 
Car -1 -1 0 467.1511126793778 182.0225859357153 637.9056282496365 249.5577062094918 1.5082431 1.6127646 3.8812757 -1.3832934 1.7515495 17.811966 0.29480943 23.55002052042804 
Car -1 -1 0 397.74744143766486 166.15192397928243 611.2266430845019 262.1021810783133 1.841505 1.6985459 4.0726523 -2.108841 1.7128768 15.007519 0.15824583 53.85845938515876 
Car -1 -1 0 603.6125995611093 175.96572196798607 687.5178529356681 209.9494971256247 1.7330788 1.710625 4.244279 1.9349341 1.9035034 38.27117 0.19300222 14.536695025999549 
Car -1 -1 0 764.3592638100612 183.7853105606646 796.392921559057 211.44049114736237 1.4798952 1.6045086 3.8446822 9.957195 2.1507764 42.250206 1.7450894 1.8206070520761783 
Car -1 -1 0 669.3505242201077 179.7370201638163 697.4415598985798 207.38452894129105 1.5539587 1.6121134 3.8089771 4.4573154 1.9879692 43.518333 1.6757101 0.9258177531162117 
Car -1 -1 0 698.286290855243 176.50604011575138 717.2753745971753 194.35436146297505 1.8290766 1.6476998 4.282247 10.455028 2.2299085 77.013565 1.6203705 0.5658406306514625 

