Car -1 -1 0 343.24060843075415 190.52455678679553 391.5062850612178 235.76559930567785 1.4870911 1.5671909 3.3955002 -9.003957 2.193821 27.009418 1.2902972 43.197506209900595 
Car -1 -1 0 436.01268793996866 190.10520037808377 577.5110619939519 246.3581085135854 1.4207088 1.5578673 3.593884 -2.845088 1.9319749 20.174362 0.25663334 103.86542701646249 
Car -1 -1 0 189.10078170141853 193.26651992831248 256.38089606211946 236.88973044039267 1.449527 1.6157622 3.9013305 -14.93848 2.3025236 28.047895 1.2634501 28.672809733106934 
Car -1 -1 0 245.8622428209514 192.49578255251026 294.3752497298442 226.23122710522907 1.4436432 1.6240195 3.7853596 -16.541553 2.4605374 35.30814 1.2744224 39.330140292394276 
Car -1 -1 0 352.50076163615086 185.82966175082453 392.04530855742144 224.94131269524544 1.6183766 1.6393671 3.8505394 -10.931489 2.2550688 33.32141 1.2628683 2.6957566200115495 
Car -1 -1 0 268.9536021162306 193.0339314386971 323.52916869617695 221.84475578811035 1.4336691 1.5753783 4.109256 -17.708168 2.638265 40.963528 1.4970837 1.366467698636001 
Car -1 -1 0 530.953518664234 188.29068591914557 567.0883372540594 207.64343528656983 1.4530957 1.6139536 4.084628 -5.059227 2.7805364 59.85782 1.1154134 0.6463754790543398 
Car -1 -1 0 55.1450164503537 176.79406181586896 122.64408159044713 207.96624805994858 1.5435984 1.6830064 3.6219435 -27.464706 1.7628438 38.187813 1.3222708 0.547587802384991 
Car -1 -1 0 553.5422161808987 181.42436871682693 644.0956174865845 217.23375029590696 1.5325592 1.5950447 3.8249972 -0.46637 1.9354627 32.69383 0.2383772 0.2545141279697418 

