Car -1 -1 0 682.2605472699288 178.40772817170188 820.7693323092204 279.01898771830076 1.5264889 1.6408103 3.5668156 2.3838341 1.6403025 12.967373 1.52479 89.40361720912847 
Car -1 -1 0 646.0656540864475 178.88871536837482 733.3983015165721 244.9309619143345 1.4465301 1.5946015 4.3339996 1.9151763 1.6187761 18.399765 1.5341555 75.17370500996343 
Car -1 -1 0 610.1143436651411 177.89389195536936 648.1558462101248 208.09430001673277 1.438279 1.6185161 4.071498 0.95516586 1.7121904 37.13569 1.5132151 35.26768921828475 
Car -1 -1 0 407.56716002412884 184.26352615593004 503.21661708136924 221.1707441400342 1.4383003 1.5578631 3.6778314 -6.545808 1.9494354 30.718021 -0.53373206 56.23532403598809 
Car -1 -1 0 257.81849040499435 193.08100272051573 456.2272775956006 266.0519842025837 1.42715 1.6030147 4.134492 -5.8309355 1.9461619 16.79068 -0.5205588 43.065774076821725 
Car -1 -1 0 92.9320720530265 195.43291867973522 397.37344751037034 316.89333336257056 1.4559613 1.6130483 3.9963856 -5.52238 1.8618689 11.148983 -0.62422156 67.536004871764 
Car -1 -1 0 0.0 201.3764786353279 287.04724576634544 375.0 1.4516131 1.5446403 3.4025698 -5.5825386 1.8329074 8.035463 -0.61269665 105.30812501789988 
Car -1 -1 0 448.18579665687935 182.28604807235237 523.1348343329051 211.2761111823039 1.5037497 1.5983217 3.7897623 -6.8747625 2.0492024 40.104397 -0.50956076 7.072869568336167 
Car -1 -1 0 598.5778052269092 175.60796654941683 625.32916026182 198.93466496053432 1.535732 1.6325624 3.8560605 0.13082947 1.7338499 49.93744 1.5166202 1.2761329142880478 

