Car -1 -1 0 164.7060744664971 187.22034266534124 333.33226306279767 241.02765636433216 1.4456098 1.6740682 4.448283 -10.883293 1.9185536 22.029423 -0.45162806 76.63165329136065 
Car -1 -1 0 663.7564560334494 173.84707546311392 712.1346045822255 207.6692153893125 1.5858512 1.682949 4.2195754 3.8557258 1.6385462 36.12262 1.4998875 22.626978083556637 
Car -1 -1 0 397.1757793872364 182.04685687236392 516.0216000966267 228.79576995911341 1.4821439 1.6147352 3.8346848 -5.312605 1.8207009 25.028212 0.43830898 75.39808927158471 
Car -1 -1 0 31.079635601167098 181.5010835192039 195.49479673035313 238.26848342270853 1.5742111 1.6513462 4.097807 -15.431607 1.8677707 22.54872 -0.69548106 45.98217726412283 
Car -1 -1 0 196.44731049463104 182.95459172017624 237.45494209123294 216.0299676076593 1.4104377 1.5815512 3.6740074 -18.435026 1.9141192 33.98426 1.103995 11.992174987554794 
Car -1 -1 0 0.0 188.86721035600846 118.71178772815074 254.9726664592791 1.4445283 1.5716758 3.683956 -15.085312 1.9009075 18.633162 2.2426603 9.084398020026306 
Car -1 -1 0 396.8092313219331 181.70115591531527 462.40809869920787 214.98335002162986 1.4432573 1.6496717 4.087895 -8.532668 1.8932368 34.561718 1.7065495 3.6969811742931475 
Car -1 -1 0 652.7179129188961 177.74103005863242 688.1535569560267 205.08516793533474 1.4903454 1.6050385 3.8122933 3.4934456 1.7875898 41.9519 1.5340922 0.30709612369537354 
Car -1 -1 0 802.8801492685903 142.34875504590568 829.9915071878155 160.94999447480888 1.5865655 1.6882918 3.761934 18.880587 -1.1206242 65.978645 1.6556582 0.28440532088279724 

