Car -1 -1 0 706.0051053606928 169.64485441763512 901.6232142374382 242.99693343503975 1.6250603 1.6906037 4.3059454 4.531254 1.553964 17.24581 0.20231907 111.38546245435752 
Car -1 -1 0 255.8871308196571 177.4912238854366 370.0029368863555 223.88809340158505 1.5244462 1.5564444 3.331252 -10.221231 1.6915541 24.958632 0.16606674 62.06965726400051 
Car -1 -1 0 589.9019963859238 170.51475449395858 684.3367343660094 212.79116820530618 1.4520922 1.5974803 3.6558008 1.0785692 1.3717446 26.70005 2.2629929 57.23469640945178 
Car -1 -1 0 662.9613760427917 169.28538409897672 759.4595779148461 210.8508517732868 1.401752 1.6036705 3.9990356 3.7831447 1.281404 26.376291 2.274754 57.50393855494431 
Car -1 -1 0 969.6206861560045 169.75355076613457 1173.392434148505 237.5142494943835 1.4774203 1.5733833 3.6536338 10.546883 1.4098196 16.683546 0.09217415 35.535488900768726 
Car -1 -1 0 1102.1744102378636 161.11378612840494 1164.0993794938242 206.00135365598214 1.4567212 1.5371238 3.489769 18.278841 1.0757198 25.30142 2.134427 16.837172170227557 
Car -1 -1 0 833.6914066978942 159.62568951612639 924.5001451627102 205.31531935433495 1.4687126 1.7191292 4.086856 9.51941 1.0434828 25.312298 2.2684894 11.762915219302625 
Car -1 -1 0 936.0391474907881 157.72625351487036 1015.2896261575196 201.3292452434778 1.4503071 1.5835515 3.6552713 13.173262 0.9471333 25.876255 2.321157 22.296360633029884 
Car -1 -1 0 744.423382288567 168.55101917318436 830.2206282076093 212.15723520638093 1.4350032 1.6197872 3.783068 6.403332 1.2933996 25.743418 2.2148535 5.055127604807602 

