Car -1 -1 0 728.2475635684309 182.6309963148156 986.177044474515 276.0358967139173 1.5144672 1.6426206 4.1279106 4.3961773 1.7068104 13.065171 -0.15477416 112.22037898169305 
Car -1 -1 0 892.132294690948 182.75823510615874 1242.0 337.38772458716903 1.5068711 1.6026216 3.777972 5.371781 1.6309655 8.096404 -0.076894194 65.98232983386966 
Car -1 -1 0 348.465450812132 191.40425173740192 409.913984531516 237.95026930268324 1.4838474 1.6359763 4.2603197 -8.533737 2.2362812 27.027134 1.3962969 18.77777021439537 
Car -1 -1 0 688.9462557679367 184.27448721796418 894.8184473430106 261.11510397499654 1.5079334 1.6280586 3.9567227 3.8134825 1.7681308 15.446807 -0.09196507 32.61478896179346 
Car -1 -1 0 668.0414244960584 179.08252891062094 842.3035204174906 251.357135459071 1.6624529 1.673195 3.9106448 3.5652375 1.8274926 17.957855 -0.17317733 40.17989610028663 
Car -1 -1 0 639.7589290032647 185.829356481981 769.9463302009631 237.6698885576135 1.4990237 1.5899664 3.722554 2.9263124 1.9229283 22.489443 -0.16106641 13.641132997080147 
Car -1 -1 0 389.28147147969605 191.85835931743492 443.4688529267975 224.67176996717203 1.4852089 1.6061788 4.024564 -9.844505 2.51457 37.047955 1.5985124 2.468110654373899 
Car -1 -1 0 603.2395748090437 186.1891377330803 712.961844460875 229.15408311496265 1.5308435 1.6403543 3.9034538 1.8580309 2.0709038 27.881073 -0.28785628 11.371047925124424 
Car -1 -1 0 625.6004079200201 185.41254976078957 740.719810484593 232.75887581648573 1.5398599 1.5940168 3.6981 2.552145 2.001002 25.297974 -0.22931531 9.550687087305858 
Car -1 -1 0 256.9475324834779 181.74030043544818 389.9026515195291 270.3523838357373 1.797869 1.6976179 4.3625326 -6.661663 2.0386004 17.316639 1.5083907 36.42451684303636 
Car -1 -1 0 587.4583670515324 184.63092620178693 675.9767303127605 222.07496211187254 1.593567 1.6347579 3.742558 0.9677087 2.1424139 32.516113 -0.16295311 4.379987394239524 
Car -1 -1 0 606.9806289167011 186.1017438728226 700.260338314816 225.14460489922544 1.535495 1.5990828 3.6207244 1.8211746 2.112332 30.282331 -0.19494092 3.4476235855140005 
Car -1 -1 0 560.1231505097427 186.27434440708063 589.7646213000895 215.45304616208176 1.5060806 1.5957685 3.6450217 -1.995491 2.3005483 40.840286 1.5007851 3.4726042121083163 
Car -1 -1 0 408.84281852145057 190.5722691693888 441.55556959964633 215.62527401154125 1.4789002 1.571375 3.7125483 -12.0305 2.6867414 47.255585 1.4611315 0.5776170759384632 
Car -1 -1 0 531.7552883367499 186.5901351114991 562.7940123717929 204.5939387998749 1.4577787 1.6227652 3.8801186 -5.4581227 2.709061 63.656235 1.7944086 0.2564321458339691 

