Car -1 -1 0 700.3256283624066 177.3540906516267 814.2977279325694 258.7102621139209 1.4875629 1.5979118 4.003933 2.9999764 1.5962493 15.4207735 1.5658904 109.03554459886394 
Car -1 -1 0 748.617216500767 183.70884728203293 977.6813359588875 323.49529050739125 1.3806033 1.5808419 4.0173187 3.0022314 1.5529921 9.448711 1.568804 90.8199476073045 
Car -1 -1 0 206.6746303382348 188.93598261533842 388.46394995824033 255.19956112213788 1.42327 1.5611947 3.5725012 -7.1926403 1.8182797 16.827469 0.06508971 71.79199804897205 
Car -1 -1 0 258.75064887152655 186.4480612436531 426.8159896176734 243.25487120681478 1.4199201 1.5834785 3.890692 -7.0114803 1.7969695 19.21497 -0.0031424887 33.23240763743534 
Car -1 -1 0 598.6331985071148 172.7063804637539 632.9708825125628 204.8624773293799 1.6171591 1.685608 3.8129613 0.37519002 1.609735 38.22847 1.6147698 25.079485722981378 
Car -1 -1 0 46.7025566014226 192.91054679593745 302.60202694465187 288.7378824798122 1.4419047 1.5479586 3.3405151 -7.111242 1.7985022 12.013414 0.024852462 46.83900224003862 
Car -1 -1 0 318.8641011186683 180.38989950862768 458.74639918440624 230.8280402811463 1.5438397 1.6459918 3.9916909 -7.0431404 1.7961463 23.256079 0.039649855 38.92619800534051 
Car -1 -1 0 0.0 196.8310909103233 234.52583119315588 321.35927270606084 1.4537052 1.5740477 3.6401577 -7.1921988 1.7983305 9.554116 0.016322609 37.328943601793526 
Car -1 -1 0 392.6851450989613 178.70777569777266 488.67796471995234 215.3425957683159 1.5018945 1.6028063 3.72753 -7.1284018 1.7577995 30.696869 -0.024090026 8.446737339477666 
Car -1 -1 0 368.7544097368157 180.30663625927602 476.43269505879607 220.64997352726235 1.4963475 1.5928166 3.7827833 -7.3191266 1.8013091 28.35912 0.20584756 4.244929037047361 
Car -1 -1 0 435.66149473152296 174.61703525976526 520.0004417907377 205.38379513797605 1.574162 1.6820005 4.065424 -6.9332376 1.6701032 38.154568 0.13677031 2.3531866247322655 

