Car -1 -1 0 704.2116766747082 170.78655043122654 900.5425840254628 239.7245923856833 1.5303774 1.6794456 4.33051 4.4985633 1.4844813 17.261703 0.19535561 161.75418480554083 
Car -1 -1 0 938.4397599122545 169.4695534046148 1154.6835846589836 238.10276223149572 1.5029871 1.6124455 3.9974852 10.000362 1.4288716 16.745363 0.07024957 71.2686021845082 
Car -1 -1 0 1005.2113562064741 154.04224565094518 1242.0 282.2635398962161 1.5960507 1.644682 3.8674731 7.866823 1.361889 9.976183 0.091046125 97.74622348554531 
Car -1 -1 0 664.2364109174287 169.37724704866122 759.8294413908291 210.55383165899826 1.3886483 1.6074152 3.9385858 3.8082619 1.2713974 26.355747 2.2731 54.54297260368852 
Car -1 -1 0 255.25548789117775 177.26168163950422 369.8148469937548 223.33000928143855 1.5165222 1.5530326 3.3281252 -10.217225 1.6748152 24.926762 0.1300981 68.77368655031985 
Car -1 -1 0 590.6566177785181 170.52511964019703 683.8325398577052 212.37499393610494 1.4377104 1.5906274 3.5947137 1.0806689 1.3577039 26.68071 2.2597485 54.83574653564363 
Car -1 -1 0 974.2236407508044 167.79209060039636 1242.0 260.6878090580048 1.4941821 1.6235932 4.1228676 8.828817 1.4127637 12.558584 0.06950621 18.799118983936243 
Car -1 -1 0 933.1582685968239 161.8880031756469 1021.3382815811261 205.2938352957845 1.4433957 1.5921853 3.8049574 13.224993 1.0787379 25.8679 -0.74409616 21.42075818476279 
Car -1 -1 0 835.9214033648944 163.29092096286283 927.5453461671535 210.17908899272945 1.5094099 1.679517 4.113103 9.617951 1.201558 25.329376 2.2880278 17.547602071076827 
Car -1 -1 0 744.3031877955303 169.0100699618657 831.2575984975892 212.88628154987745 1.4461333 1.607178 3.7300515 6.416257 1.3194395 25.741966 2.2414455 6.3707245394841525 

