Car -1 -1 0 0.0 188.48871165553226 211.2384465982104 281.50679196042586 1.6677356 1.6389198 4.032159 -10.675821 2.0522485 15.686836 1.6261587 77.52546054162578 
Car -1 -1 0 702.0661248043042 178.36613536761473 838.2637734529717 274.6706774842096 1.5081191 1.6962986 3.5547514 2.7900872 1.6232364 13.286068 1.5643789 65.52829100540028 
Car -1 -1 0 669.1810472799001 176.41540049557577 702.565843048538 207.2816313188183 1.5625412 1.59834 3.6397254 4.062318 1.7633073 38.815357 1.6239947 19.575203547915915 
Car -1 -1 0 299.1186386615677 180.68455499067954 382.16429047993637 232.34611039887324 1.7955015 1.6212972 4.013586 -10.21472 2.1182373 27.714373 1.5923133 70.74052976598873 
Car -1 -1 0 358.3987807308499 184.99857247315347 533.4495771304303 270.3916506743217 1.4463195 1.6590897 4.3291063 -3.5314653 1.7353306 15.004 0.84161 116.98366308329774 
Car -1 -1 0 683.013879044446 179.0861108633092 738.3490863178907 225.59063816690934 1.4937062 1.6252328 3.803372 3.5186486 1.7319216 25.637981 1.6236948 22.030028188765062 
Car -1 -1 0 502.55569333279067 179.47141173560055 588.2298158556123 213.31369307287716 1.4310153 1.6019856 3.8325853 -2.9678853 1.7503625 33.017765 0.6551244 9.899054788170437 
Car -1 -1 0 473.34278820113536 182.3140025822138 573.3161794865166 224.48867751408818 1.434269 1.6115104 3.8958127 -3.3138955 1.817373 27.308046 0.74424666 10.447684190235806 
Car -1 -1 0 420.8696416672184 186.85598931088023 535.1571230084187 238.898211397606 1.3506272 1.5986316 3.8546243 -4.035951 1.8108339 21.749226 0.8357738 1.7207134378531581 

