Car -1 -1 0 250.46233813980012 193.30189880671588 449.7636985420021 306.23678372441856 1.4223801 1.6876862 4.304703 -4.0376806 1.8253727 12.047331 1.5959933 152.64118170582339 
Car -1 -1 0 572.1092281816437 182.4294227974878 649.4788534333379 254.83395438463833 1.4888828 1.6463172 3.727066 0.062495783 1.7422699 17.213955 1.5907092 55.9972187031592 
Car -1 -1 0 703.2595544088185 185.04138061181445 858.8172234931236 300.2341814367484 1.4455327 1.5974755 4.212561 2.5346093 1.6778367 11.628632 1.5945024 103.610428213878 
Car -1 -1 0 540.1013030986871 181.1119946202069 585.730661175221 216.68914530741324 1.4638091 1.6080229 3.5129042 -2.035964 1.8544377 32.327747 1.6332737 38.745937966249734 
Car -1 -1 0 288.46443382081543 186.95974095623976 370.5654265106062 219.88547603765923 1.5508013 1.5971272 3.665039 -13.992516 2.2826967 36.229088 -0.23849985 27.044174831100296 
Car -1 -1 0 679.9140393244472 184.1563753630191 744.1653717138728 244.7296536826527 1.4376289 1.5786012 3.4391234 2.7671423 1.7731347 19.609241 1.7042294 43.881239344094325 
Car -1 -1 0 373.30450778780414 184.92138286843004 455.1929915067412 214.40451370589653 1.5588629 1.6606085 4.247245 -11.192544 2.281868 41.427788 -0.5388822 66.36611518283279 
Car -1 -1 0 167.60187723667934 192.61662355309213 257.9105033343714 225.58275536490657 1.5065167 1.5687933 3.5607817 -19.37212 2.5042892 35.348736 -0.17361863 18.878896604727668 
Car -1 -1 0 10.162828108105757 196.21516207740893 114.42719047255623 231.70794387730186 1.5488977 1.5921926 3.5789523 -25.532875 2.673563 33.757004 -0.10522747 5.455321113549792 
Car -1 -1 0 600.9255768408713 174.15498583108277 658.067445154603 226.34534642145422 1.7463205 1.7168688 4.189376 0.8087195 1.7979164 26.43374 1.6899532 25.198294225805075 
Car -1 -1 0 664.7394941185047 182.4183899132578 746.3644799498302 234.18136582322487 1.487962 1.6046013 3.7946236 3.213325 1.8275738 23.561184 1.9991903 7.659581411207529 
Car -1 -1 0 95.62190991305283 192.11950437006357 171.91091712346895 216.93978862808086 1.4417348 1.5716182 3.7609475 -29.918446 2.6935291 45.48336 -0.3609209 10.27180140936739 
Car -1 -1 0 721.154540491044 176.99085457119688 739.3968954834273 193.91283291177757 1.5146052 1.6401994 4.080842 11.354156 1.9155726 67.78439 1.7439702 1.0156751601933545 

