Car -1 -1 0 789.2804225153686 175.4620758841474 1040.4071120195958 327.6754904248518 1.4289982 1.6172423 3.753872 3.3708658 1.467566 8.754755 1.6211232 80.59157914937825 
Car -1 -1 0 679.0955321676411 173.70573501786603 739.8022735083355 222.55502327892012 1.452242 1.563152 3.41385 3.144288 1.481709 23.236773 1.5958486 76.9173280924355 
Car -1 -1 0 0.0 199.41082989926852 135.3475200712378 262.97395671292117 1.4725213 1.7249093 4.369064 -16.029995 2.319427 20.790182 1.6141882 96.39385013293189 
Car -1 -1 0 730.460398111551 171.52812923991956 853.441446867104 259.9181265953359 1.5097814 1.6056554 3.7172163 3.4315643 1.4871342 14.211305 1.6074581 91.35838014148341 
Car -1 -1 0 122.1297757376331 194.7470487360643 233.17704171261707 241.76615641222207 1.4687232 1.644057 3.7318516 -15.562455 2.3226676 26.23152 1.631366 68.0580681172569 
Car -1 -1 0 413.17467112912493 180.19700986477335 467.5813991435258 198.07720381114035 1.4876084 1.6646596 4.368763 -14.804928 2.1481864 63.180458 -0.46862417 13.383703114697935 
Car -1 -1 0 561.8782027958242 172.73723415960754 610.9218137140301 190.67329775246503 1.5082408 1.6302307 3.9175127 -2.001647 1.4984217 62.251133 0.44376144 8.150630399810279 
Car -1 -1 0 289.0204603494019 180.76911302832264 347.1045754098091 203.1827777032202 1.5288894 1.6423405 4.3125534 -21.395546 2.137092 53.14302 1.8573749 3.033022778659851 
Car -1 -1 0 462.95279311992596 179.64984462120412 490.70407372965354 194.16947030491485 1.4333968 1.5937592 4.0418262 -13.822828 2.1629467 75.337746 1.7286766 1.3862634077908305 
Car -1 -1 0 342.0334687711426 180.7121921784492 390.6634121698545 200.6555481120185 1.5134299 1.5835131 3.624818 -19.60352 2.1696377 58.280922 2.0593917 3.897662432051443 
Car -1 -1 0 212.58955059596306 186.70111160807136 277.52318771252925 211.6048396670433 1.4683851 1.6262742 3.8624983 -23.628742 2.408651 46.921894 1.8227519 0.8842285853448402 

