Car -1 -1 0 689.1304715845912 182.723707163875 805.0348574552688 275.6624618749472 1.5641493 1.6748044 3.7584763 2.6003559 1.7876352 14.442173 1.5913641 123.0896956906483 
Car -1 -1 0 189.23012433683564 175.23974823951815 284.8202717701437 222.0053349278551 1.6128001 1.6669042 3.6819324 -13.77344 1.7078773 26.913185 1.5699399 72.5227895822917 
Car -1 -1 0 55.975827333492575 179.33948295426936 199.81576137858207 235.52262641970714 1.4752331 1.6086133 3.8638883 -14.060065 1.6846523 21.347557 1.5955296 39.14224680339236 
Car -1 -1 0 581.9071901241243 175.65906520016716 642.9088030237549 234.37062327380085 1.6683137 1.7525105 4.1124916 0.03493417 1.7649336 22.777206 1.5475794 38.12550267213405 
Car -1 -1 0 654.7524995109544 179.61136447523523 701.0365907458747 222.98460280242372 1.6428255 1.6997981 3.9466715 2.7730925 1.9421865 29.95969 1.6104664 43.329717061118885 
Car -1 -1 0 309.430034022926 176.9429883560583 376.34671847166123 208.97264056359515 1.5243564 1.7182531 4.3215923 -13.60818 1.7469358 37.08723 1.6049855 20.48565384989621 
Car -1 -1 0 682.1519456224815 188.27220119963187 759.20809807447 245.95214638096616 1.3814566 1.5659028 3.6442707 2.9959023 1.8496361 20.083586 1.5655946 10.029266865232904 
Car -1 -1 0 394.55570909445015 178.16620901630316 433.58223067307426 200.35264415187464 1.511016 1.5978861 3.8713136 -14.053394 1.9088185 52.058815 1.6209335 5.998565508990931 
Car -1 -1 0 625.0830307132169 181.73243111155145 669.1357089644632 214.76069711418117 1.5742162 1.6200206 3.9771624 1.8984754 2.0621307 37.578667 1.4468307 3.869125396996379 
Car -1 -1 0 632.5003718914836 179.72117008692715 668.8798723656995 206.76917397733038 1.5029585 1.6194832 3.833658 2.4096541 1.9318664 43.082832 1.479289 0.5829986460340754 

