Car -1 -1 0 866.3088830966819 175.57220811491865 1039.726185040225 226.31972826539157 1.5125309 1.7238121 4.582131 10.607937 1.6007891 22.515497 0.022096781 86.76049242131408 
Car -1 -1 0 749.8258225750495 173.58417592197128 881.4902992767948 216.99066930570822 1.522639 1.7028039 4.3843727 7.441104 1.5503855 26.38187 0.08595997 95.8449185103476 
Car -1 -1 0 410.84211090641173 177.2186712791213 453.7179242091418 203.6176520840902 1.490968 1.8062788 4.4754076 -10.695386 1.7698717 43.808743 1.4975965 15.348065186181412 
Car -1 -1 0 1046.8284734272345 169.34743533835788 1209.2309202323527 215.09033435480774 1.5540755 1.7031887 4.4357724 18.210964 1.4349428 25.49771 0.060477808 71.85640731734135 
Car -1 -1 0 718.1905662570889 174.8961278181339 786.5410977637364 200.30988399979046 1.4038811 1.5410364 3.589374 8.261633 1.5273039 41.873016 0.68886113 47.0641016320834 
Car -1 -1 0 491.09666500762614 177.4787905859094 665.6539566443095 242.33119632212737 1.47082 1.7015302 4.500141 -0.7061858 1.6051359 18.812542 -0.7375721 95.9847698421155 
Car -1 -1 0 349.2768081941978 180.69800389851923 390.8232702906564 202.4208371973653 1.5403589 1.5908529 3.6063929 -18.01212 2.1523497 54.409836 1.6895154 8.48724533015733 
Car -1 -1 0 960.1588146449257 162.6533880173484 1089.4402969922537 209.0187707546164 1.7839731 1.7172863 4.1428413 16.519318 1.3914901 28.878374 0.12808314 9.454022572542996 
Car -1 -1 0 565.6304910302972 175.368185614584 583.3862280537495 191.67428906061758 1.4802401 1.6253123 3.698789 -3.3083482 1.72367 67.97191 1.5185183 1.2741760120868435 

