Car -1 -1 0 829.2527969671344 175.75421805459328 993.4548910328427 266.85225951106486 1.4555943 1.6115086 3.8424735 5.468004 1.5181141 13.603658 1.6088483 114.3694932792844 
Car -1 -1 0 305.1373902040296 189.63518871545102 410.8855832624377 223.73022267101868 1.4334847 1.6826373 4.4932785 -11.787504 2.2626965 33.87177 -0.4787623 62.16956660353197 
Car -1 -1 0 149.81961441175665 192.48653191302793 266.5359549682302 233.35392122809242 1.4472289 1.651577 3.8742414 -16.38626 2.3101294 29.632328 2.1269782 46.15658608821036 
Car -1 -1 0 496.11910367398184 179.66046240673518 576.242820094979 211.15369800507133 1.4668733 1.5919974 3.7329516 -3.6647303 1.8208461 35.91363 0.5135333 72.61862152735752 
Car -1 -1 0 0.0 191.79613369440986 147.16679158105907 246.28336519388628 1.5707302 1.698491 4.3691792 -18.6043 2.2822092 24.763535 2.0128498 78.47996891864221 
Car -1 -1 0 436.6068878597603 183.28228153556176 479.79768647649166 208.31421135088954 1.4758749 1.7267134 4.3771553 -9.712647 2.1815734 46.60894 1.6073784 32.5585925537395 
Car -1 -1 0 635.6582867311521 172.10398645222236 667.1391862605707 197.54334844021787 1.6327062 1.7379695 3.8111315 2.7568977 1.5845698 48.247147 1.5309986 11.334758336408765 
Car -1 -1 0 214.88285280452652 187.46228143872437 318.0289057944597 223.2060267981511 1.5264161 1.6500819 4.151263 -16.319874 2.2639039 34.43386 -0.7234676 12.487411289122104 
Car -1 -1 0 909.3586393582326 157.50474516359318 1009.7136596465249 194.7877038466993 1.5435342 1.5661774 3.5086937 14.834968 0.90806675 30.704153 0.02812343 10.884015158489312 
Car -1 -1 0 116.60900744577884 193.2684454397968 226.43446104947614 231.39500364107911 1.441092 1.5855479 3.7763822 -19.001507 2.387685 31.442932 2.1506839 6.336593503921505 
Car -1 -1 0 491.7247640716354 182.01334022735938 514.8845290768272 199.19924481067392 1.4475951 1.5969146 4.1154566 -9.549458 2.3000586 65.07367 1.5415927 1.868594290366254 

