Car -1 -1 0 454.3110497586459 175.67819783600703 526.3319571760079 232.28438416514587 1.4382132 1.5634308 3.4584184 -3.260932 1.5243951 20.262823 1.5360669 46.37771668814426 
Car -1 -1 0 372.4025036480766 164.8218604569474 505.1265916591236 266.34284947632835 1.6639566 1.6793947 3.962719 -3.0886045 1.5323076 13.824533 1.5500734 112.25028130027736 
Car -1 -1 0 688.6016606661942 180.4442192470379 761.1339473916993 226.32165889205436 1.3692057 1.5380409 3.402255 3.7373893 1.6391962 23.893206 1.4655405 69.686140958936 
Car -1 -1 0 677.8694945847162 177.7638154719925 732.3777508659098 216.5285558286411 1.3965023 1.5931454 3.5554914 3.6740017 1.6008861 28.2419 1.5498888 28.139007457524126 
Car -1 -1 0 322.5948655044465 170.65473345589086 367.3671527537996 197.8096397722364 1.5596437 1.610245 3.7441964 -15.845961 1.4333285 43.37771 1.4819627 21.66655659341879 
Car -1 -1 0 532.9045968390941 173.61332741515704 561.650535264851 197.73682697871516 1.4247339 1.5821993 3.5763917 -3.8086433 1.4735171 44.541904 1.5372702 13.342791662752553 
Car -1 -1 0 1082.2931138549982 184.8161117571789 1193.4687835825182 221.94175632710264 1.7610923 1.736357 4.3727555 26.228775 2.3730404 35.896515 -0.06828968 26.961528912582125 
Car -1 -1 0 553.0079222168004 171.92471814846044 576.5856073485253 192.06348976345254 1.5104672 1.6222981 4.1088085 -3.5215154 1.440768 56.2509 1.45661 0.9882220669219975 
Car -1 -1 0 647.9247752516709 173.6887434510486 671.314370708238 195.23433257967625 1.4569083 1.5845404 3.7663815 3.5360587 1.5180063 50.876263 1.6438816 0.25862058997154236 

