Car -1 -1 0 694.4066706915991 184.3771126033091 919.8045394728844 268.8540884177781 1.5564405 1.6613199 4.1616955 3.9936006 1.8125339 14.829359 -0.18874738 101.87583265756032 
Car -1 -1 0 658.1421940556312 187.38527931352994 846.3319401389348 256.7180634484605 1.504994 1.637661 4.098319 3.3416903 1.8744586 17.236319 -0.14646286 30.112776734409238 
Car -1 -1 0 889.2144395923756 183.29147382195723 1242.0 357.5096146464539 1.5344503 1.6276968 3.9684052 5.1810074 1.6562142 7.4445543 -0.08163252 87.1079580820025 
Car -1 -1 0 818.8639036860822 186.3555622644268 1155.254677715164 311.1489703114452 1.4891427 1.6002262 3.827527 5.014817 1.692265 9.842135 -0.114179716 60.16883186411757 
Car -1 -1 0 640.7826522319103 182.36325354820417 802.3243440328165 246.6380079645675 1.6058614 1.6598085 4.0174093 3.0075424 1.8812094 19.644575 -0.2199257 34.84006069552992 
Car -1 -1 0 615.7066197332614 187.86666553433562 735.7995281338186 236.10709937010793 1.4851456 1.577283 3.6928382 2.1880126 2.012648 24.155691 -0.23513395 14.878405494491634 
Car -1 -1 0 266.8229281072126 182.7710243224971 381.9715986975701 262.2284161851809 1.7619663 1.6710246 4.2021637 -7.221993 2.0489705 18.71173 1.4771945 59.10320147225729 
Car -1 -1 0 540.8431327430178 188.81479555463486 611.7102042643367 216.03795821495652 1.4819193 1.6111987 3.9844193 -1.9312541 2.418817 41.38448 -0.083918944 13.632422864153538 
Car -1 -1 0 580.9717025941638 189.4626646765512 683.5714699539675 230.58913278998511 1.543357 1.6342686 3.8837702 0.92380047 2.2580688 29.634747 -0.33798468 9.924948463588617 
Car -1 -1 0 341.1417502340106 192.53938399058583 397.23861605023615 235.97921899347583 1.4539974 1.6150045 4.085846 -9.33562 2.2844772 28.276075 1.3674537 6.4581884355399755 
Car -1 -1 0 373.6302032147162 191.95748121687976 413.46020179202236 225.27335976822505 1.5522641 1.6367114 4.027546 -11.377009 2.6201017 38.198578 1.3771574 1.4112180682394735 
Car -1 -1 0 564.3062517801739 187.33076927210124 647.9431367781516 222.07301546503106 1.5370786 1.6100744 3.6799858 -0.1809392 2.248337 34.20496 -0.2561401 2.246107330433824 
Car -1 -1 0 605.5442898486359 187.66094990507506 712.904697696746 231.59076404216336 1.5169835 1.5880517 3.6926587 1.8203576 2.0922008 26.865646 -0.21185325 1.4614544642971672 

