Car -1 -1 0 368.1012881532029 184.00851984526565 448.4963864843489 237.16373792244954 1.4404192 1.6272908 4.2472386 -6.1950054 1.8241637 22.644701 1.4966152 49.687010834622996 
Car -1 -1 0 771.81153377399 165.78853707474275 1039.378820877233 272.17536737077813 1.7066356 1.6650598 3.998177 5.040557 1.5932928 12.580522 -0.08839678 49.6007082729966 
Car -1 -1 0 894.4037895299061 176.05691696259723 1242.0 338.3868145738101 1.4989407 1.6359228 4.158346 5.4173493 1.5371264 7.6512275 -0.064897165 103.84476508204041 
Car -1 -1 0 810.224265702596 176.44164928020004 1151.5532688746478 293.9025699532967 1.497005 1.6239012 4.012053 5.0731964 1.5522116 10.177665 -0.057223868 47.44567165110789 
Car -1 -1 0 460.6500010219536 180.73952954268586 495.9279917053319 208.24936146470918 1.532036 1.6013789 3.8512287 -7.8247247 2.0264258 43.27316 1.5192997 17.2809484598059 
Car -1 -1 0 675.7605968045814 179.43163778376692 816.2193254746281 230.162138034062 1.4984105 1.6293112 4.026451 4.230099 1.7146523 22.654552 -0.12866165 17.3639611244299 
Car -1 -1 0 702.7776662181592 176.510724575665 852.4123988801153 235.17085302733219 1.5259238 1.5952852 3.6962962 4.5658116 1.6316265 19.87445 -0.10252796 16.034292393874125 
Car -1 -1 0 428.8783780327699 183.55323074562887 480.43163329934924 218.6566313308979 1.4398623 1.6098752 4.1995044 -7.013611 1.9611232 33.023457 1.5318519 10.549126993762833 
Car -1 -1 0 624.3805896212577 176.04723612773358 709.1611879995228 208.6293667061819 1.5240096 1.6305223 3.986245 2.7253904 1.6820887 34.822315 0.04137215 12.54413829482324 
Car -1 -1 0 720.9268363924241 178.4813551950921 898.1678528925332 244.13216381609325 1.4620798 1.5768018 3.7748275 4.7249203 1.6049252 17.281006 -0.13462773 20.20623877128813 
Car -1 -1 0 654.6710904367983 176.48840053570257 759.7808393054979 218.30932541483327 1.5192486 1.6105814 3.6684918 3.668528 1.6624751 27.412096 -0.12209935 11.405159995572694 
Car -1 -1 0 679.6182443397231 176.29612049592802 794.0401986523922 223.83487827319652 1.5772774 1.6080074 3.6084785 4.3815036 1.7018673 25.101646 -0.12042849 8.042144838257249 
Car -1 -1 0 200.50789614710558 164.88472442247968 402.11044626209116 289.91334267332894 1.872726 1.7092545 4.296846 -5.2456555 1.7533591 12.974798 1.5935774 13.264435145868813 
Car -1 -1 0 618.8043101244484 169.44466705795836 702.3517701148527 206.729772572091 1.8719972 1.7027884 4.0920725 2.5934205 1.7008225 37.238808 -0.07995965 1.1098807061602545 

