Car -1 -1 0 748.611014204716 170.11820369324258 995.1331555285018 268.6282214406885 1.5657687 1.5914862 3.6328776 4.368921 1.5222845 12.350173 -0.04783135 115.15578574299307 
Car -1 -1 0 449.0296139780913 176.74012742497592 525.1183617968314 243.8864637484794 1.7451844 1.6436977 4.0098934 -3.4606364 1.8692943 21.015772 1.5420452 60.91468145960201 
Car -1 -1 0 480.1749714697986 185.1568226800339 550.6920032517934 225.2845161696488 1.4638195 1.5366637 3.4904146 -3.7617085 1.9970031 29.376287 1.8691218 15.353501145156162 
Car -1 -1 0 296.69763573729125 171.1405593084253 468.03572932743737 303.6379543913686 1.8031957 1.6305803 4.0870295 -3.4968362 1.779877 11.883968 1.5443606 106.5926320377852 
Car -1 -1 0 690.2752966368662 177.87861525990283 877.0587365629449 245.99202860737938 1.5287658 1.6405078 4.054543 4.109105 1.6567283 17.359915 -0.098471254 17.011662770545293 
Car -1 -1 0 406.73750079791427 183.29872541387076 493.2894894384152 258.1190413329643 1.5286901 1.4818633 2.7825003 -3.5768256 1.7890272 16.561884 1.5266231 18.81497132446512 
Car -1 -1 0 718.5242447614404 178.2563522933548 926.6636537764316 256.95987613325315 1.5199503 1.5912262 3.8597562 4.2819166 1.6382936 14.9303665 0.041805107 17.442271299742195 
Car -1 -1 0 664.8004806612502 179.15600532151979 788.6917504916727 225.21410755126274 1.5310762 1.596911 4.0347333 3.9923577 1.7564554 25.004457 0.0007568553 12.746764733222731 
Car -1 -1 0 654.0099187251982 175.43229824714567 760.9812230863628 221.57656711582243 1.7000152 1.6213948 3.8481548 3.6739295 1.8012407 27.501402 -0.008297005 4.691012322957635 

