Car -1 -1 0 594.7211983739746 179.61526812101704 681.3851470099994 258.8500945362205 1.4564123 1.639493 3.676041 0.6788766 1.619266 15.482689 1.6490409 52.03228555638204 
Car -1 -1 0 240.7765334685088 188.6291921004751 488.6247987641009 353.20238758441843 1.4737425 1.6181651 3.673838 -2.6377974 1.704464 8.686068 1.6094989 119.33904040801622 
Car -1 -1 0 747.5895080094015 184.21771497991833 919.6426528219894 326.57984626477565 1.4590406 1.6026108 3.4250884 2.7304645 1.63681 9.485042 1.701553 92.91457269991665 
Car -1 -1 0 534.1831561781166 176.28102809206823 594.3253736347968 221.29085224835507 1.5717266 1.6726942 3.7931414 -1.6499615 1.7115793 27.470785 1.6766292 92.40069820601788 
Car -1 -1 0 716.3993223696738 179.33361362605 819.4912925754721 274.20567595008885 1.5104554 1.6265917 4.050575 2.8987331 1.6542501 13.894569 1.7084227 52.18022556727653 
Car -1 -1 0 160.75991034647478 189.19670549585626 278.84631012344204 235.57097579496153 1.5517632 1.5762256 3.4734206 -14.021864 2.170168 26.134953 -0.23305313 63.522864719410066 
Car -1 -1 0 0.0 200.794791430308 127.36260159037498 247.55699825724335 1.4825102 1.5522115 3.5299637 -19.195374 2.5023658 25.253147 -0.18242118 28.233992193231416 
Car -1 -1 0 783.2462043193533 167.95749280817367 820.5531728524717 197.88147921055648 1.6074282 1.6041758 3.6098156 10.7889385 1.3444021 40.65729 1.7094007 25.556408971831765 
Car -1 -1 0 636.7051144109674 170.91570143631876 701.7720706296985 228.36524967341714 1.7174807 1.6871274 4.0659823 2.045183 1.6595342 23.728582 1.7657151 43.949666766586276 
Car -1 -1 0 738.8556307456345 171.442475779115 763.9568456123088 190.9476312962133 1.5014238 1.6719075 3.979588 11.369087 1.3927704 57.681595 1.8408403 1.4342113501653704 

