Car -1 -1 0 696.0578357413767 179.1684731298204 850.7591242878678 276.19567262142357 1.4940674 1.6339742 4.22031 2.8623517 1.6317841 13.564866 1.4861822 98.74941324628469 
Car -1 -1 0 657.0750936618839 178.60951196693753 745.9500540408444 241.71916342923137 1.447543 1.5894662 3.7648497 2.2885556 1.6132376 18.837513 1.4987564 66.72692234689639 
Car -1 -1 0 319.8328345084106 177.6322055235927 465.522292851612 227.03393338517435 1.4816018 1.65031 4.2728376 -6.8028345 1.641717 23.020912 -0.16124758 71.06433079363251 
Car -1 -1 0 0.0 186.07993072661452 333.3490398950576 294.89619912561903 1.3934435 1.5515327 3.825822 -6.150853 1.598049 10.3050995 -0.042913042 136.87850924566303 
Car -1 -1 0 107.30561270170058 179.62648773531828 377.51671649972866 266.0559884030207 1.454901 1.6187676 4.1436424 -6.590536 1.5895946 13.32815 -0.10499343 48.13111038759698 
Car -1 -1 0 628.9126505734675 176.33524382085844 678.6028206752776 215.61448083031917 1.4897192 1.5994529 3.8424232 1.7533826 1.6423748 29.676716 1.5141854 26.60522460787467 
Car -1 -1 0 615.9234456559634 176.52599463749183 656.2328254192097 207.84331373339967 1.4296212 1.6199383 3.8349197 1.2473731 1.6195447 35.35862 1.5131862 6.613590660115612 
Car -1 -1 0 361.6701210162698 174.8610335447446 469.1652520278183 216.82952251639537 1.6131642 1.6408709 3.9640038 -7.694498 1.6964526 28.88877 -0.12109958 4.17952137359356 
Car -1 -1 0 519.6974622101193 175.724912434073 543.1762906665582 193.61896527560566 1.5373571 1.6240022 3.7726011 -7.0280304 1.8026981 64.663666 1.335047 1.053961030921436 
Car -1 -1 0 605.2820781652994 174.78054136363156 641.8580381603053 203.41041142974166 1.5237199 1.6255944 3.7011335 0.7434319 1.6372117 40.58278 1.4702559 0.6367896359888876 
Car -1 -1 0 415.4268874668267 176.609288122056 499.4649571885809 212.3087556283772 1.5020332 1.5629382 3.417668 -6.58107 1.6706072 31.470648 -0.082139656 0.3036109209060669 
Car -1 -1 0 414.56082620885 174.44494581735825 488.89283926746884 202.88596730463433 1.5262825 1.6274736 3.9004407 -8.675418 1.6166484 39.91228 -0.13632964 0.2590020000934601 

