Car -1 -1 0 0.0 181.51484341979878 357.91277498234916 335.0749886799784 1.4693644 1.6823126 4.3755345 -5.3389654 1.6112934 9.495491 1.8237872 139.61271064327948 
Car -1 -1 0 473.6841370162287 177.03674889084283 652.4903252205082 237.3454153111719 1.455404 1.7174087 4.646093 -1.1954358 1.5813496 19.709185 -0.5975217 137.79753541047333 
Car -1 -1 0 1060.2062265180775 168.91151034569398 1188.018231514586 209.3779246018914 1.5509748 1.6208277 3.8666105 20.260303 1.3998691 28.517385 0.027191833 60.77827561296296 
Car -1 -1 0 626.3190286372352 178.21720116944442 673.0583543587861 201.07862045211135 1.4551483 1.5525495 3.295273 2.6696682 1.8297664 48.58781 1.0260792 53.59026645974437 
Car -1 -1 0 800.0750450052761 173.58022920477566 940.6515967553169 217.25116845160403 1.5191119 1.7237998 4.5034347 9.36108 1.5465156 26.180313 0.08341667 86.37814058684323 
Car -1 -1 0 424.3613325068827 176.62907600637078 545.8015652762757 217.37170519507072 1.4835737 1.6626401 4.2806787 -4.6657796 1.6318443 27.394012 0.053827897 80.85925200292712 
Car -1 -1 0 412.0239893112183 177.26305701028022 449.3225767661158 203.56640773630758 1.4820099 1.6692839 4.232746 -10.750239 1.7618153 43.590443 1.4535596 7.85047297507708 
Car -1 -1 0 856.0003855614119 167.0632624312774 970.4220341920037 212.22523835504668 1.7631866 1.6840248 3.9227428 12.18434 1.537108 29.13411 0.063232735 13.558777150136995 
Car -1 -1 0 273.7441599480205 177.59918347791196 341.8265402890187 203.55631059271568 1.6319907 1.6493642 4.2641335 -20.201138 1.9658654 48.483982 1.9817345 8.786269031073045 
Car -1 -1 0 391.9317724355403 179.89290737360324 427.82469296778567 198.51169512415606 1.5289907 1.6474457 3.9180992 -17.345167 2.1619744 62.841858 1.690634 1.4255775053237465 

