Car -1 -1 0 566.8287308476459 174.84379706086372 661.5170677728433 224.54113207849073 1.5041845 1.769713 4.303461 0.04406202 1.5777493 24.350475 1.2103498 56.203249861368306 
Car -1 -1 0 0.0 180.33921703818274 124.57278507480036 271.92091144495134 1.6492338 1.7013613 4.2727346 -12.195001 1.8246644 15.100143 0.5275407 57.59137141889631 
Car -1 -1 0 264.5266991604367 183.24675536538055 373.9307240149532 230.63358598965885 1.4085287 1.6516912 4.1448374 -9.730995 1.7932552 24.55208 1.6942383 45.874447488472086 
Car -1 -1 0 169.89302942300426 186.29206108587084 279.8694157462904 228.50869966799573 1.415307 1.6419759 4.10957 -14.620153 1.9711107 27.698826 1.7015295 23.096320385864523 
Car -1 -1 0 396.4544995119793 181.4251455284499 465.34947957192657 230.9196665050933 1.3920553 1.6430975 3.9249184 -5.608279 1.6900592 23.043854 1.4574668 29.248948413315702 
Car -1 -1 0 628.0581504494518 174.31316562681224 725.9321737130975 218.29268749288534 1.4796315 1.6843212 4.173637 2.3900702 1.5381054 26.66937 1.1197617 27.422630634525092 
Car -1 -1 0 217.57503488202195 186.6933293072616 321.5232551925945 230.51111620738095 1.3918927 1.60147 4.0086036 -12.255944 1.9361136 26.301502 1.6677784 24.261171281373137 
Car -1 -1 0 486.3728168308853 188.25207222033626 558.8914182132522 221.67301347766787 1.5036296 1.624565 4.2451415 -4.357051 2.3375168 36.811626 2.026361 16.464180674470242 
Car -1 -1 0 678.1871938871877 174.66670815585664 770.1190441243073 213.43490303895436 1.4094532 1.6042935 3.9554424 4.445425 1.4865508 28.559772 1.112728 21.2915908604191 
Car -1 -1 0 119.84422310585974 184.80134598381346 230.78101270304447 227.25775302720658 1.4926677 1.6417074 4.3069105 -17.174578 2.00605 28.80516 1.6319926 17.92954885241649 
Car -1 -1 0 443.18389904882577 188.50391959922803 516.2618774616642 220.1821050853797 1.4850687 1.5875695 3.841128 -6.758184 2.3512812 37.891476 2.141112 8.177009587828088 
Car -1 -1 0 1027.4749836468961 167.21578826310522 1062.0348893856742 193.65259903121205 1.5164337 1.6041431 3.8985107 26.177134 1.1930218 43.483913 2.0670667 5.616311876788127 
Car -1 -1 0 96.9436560038542 187.80184318287775 186.57813659388555 226.1701753339309 1.4285753 1.6310959 4.27614 -19.863325 2.1141515 30.852112 1.4103401 4.2637939016875395 
Car -1 -1 0 357.0306747333081 191.0750329049455 427.9020901448594 221.24277809808652 1.5009129 1.6493651 4.068325 -12.068642 2.5588217 40.02379 0.63324225 2.448013544430318 
Car -1 -1 0 528.0417702835207 186.47106039202774 598.7839925860475 219.70602512956265 1.4524604 1.6548897 3.9081044 -2.1972024 2.1600296 35.378876 2.0601997 0.913372062690041 
Car -1 -1 0 1203.4279320207206 166.83310580219566 1240.9365935275234 187.2440737531595 1.4840267 1.643669 4.064042 46.31459 1.0462633 54.614525 2.1427484 0.3250373601913452 

