Car -1 -1 0 711.8815582043044 185.3514115595958 918.7093749566952 321.2101780268551 1.4455943 1.5911494 3.7706814 2.5770779 1.651524 9.960808 1.512431 94.09673738587716 
Car -1 -1 0 648.8480285035423 182.52205928087795 727.288238910008 240.41695087363996 1.4493687 1.6126865 4.162632 2.1625457 1.7577232 20.892212 1.5184901 79.34316173987393 
Car -1 -1 0 158.33742037341804 189.61013979647748 405.41499001300514 270.81473499361 1.4420652 1.6227715 4.1773605 -6.325289 1.7999222 14.333595 -0.1304164 145.92864621994647 
Car -1 -1 0 631.9941338710256 181.64502690419053 685.3935764597675 225.351701729502 1.4416792 1.6016392 3.8740113 1.7367795 1.7889488 26.545176 1.5442966 30.068843503726672 
Car -1 -1 0 267.02810195731746 184.13370903309809 432.90329974967125 243.1092938721705 1.541167 1.6397245 4.0646734 -7.144813 1.8710914 20.16053 -0.061892495 51.56424124393778 
Car -1 -1 0 518.6975502705259 179.97279871380874 545.355728159129 203.79185284578017 1.4961269 1.6097806 3.7788732 -5.243886 1.9942778 48.500916 1.4177982 7.945081864263404 
Car -1 -1 0 369.90623613804576 182.2952567655633 468.4934669060945 218.78886709153855 1.4939306 1.5892926 3.9710124 -8.152009 1.9160728 31.179575 -0.14987299 10.978731449857627 
Car -1 -1 0 388.05530983729494 175.8668722406632 478.0054305408837 212.34339148906844 1.6736423 1.6647162 3.920491 -8.315163 1.8206294 34.23361 -0.070112854 10.51778936457843 
Car -1 -1 0 620.0337367551936 179.8763395551713 664.3323516642428 215.927274110195 1.4496229 1.6258165 3.6900437 1.3742045 1.7756512 31.621862 1.5292236 10.147105320105508 
Car -1 -1 0 340.3081674773752 186.46792610784942 471.17704759232396 236.38948021407046 1.4904884 1.6003878 3.6838806 -6.419385 1.9405861 22.946674 0.059605427 7.795796945211181 
Car -1 -1 0 472.301592162177 179.62059915631926 504.1636745851406 206.72301262832036 1.5556705 1.6242425 3.7104845 -7.404892 1.9889829 44.288975 1.4878768 0.9502512917016754 

