Car -1 -1 0 488.85425012958154 184.43994654613815 732.0757541290701 350.17811887692847 1.459482 1.6032097 3.725605 -0.22657336 1.6311834 8.6651945 1.1743801 121.79033462066047 
Car -1 -1 0 160.24585442634904 179.89722934738728 239.46724438319495 236.65863816590368 1.457226 1.6147413 3.885693 -11.89368 1.684211 21.14964 1.1610565 60.49837355128976 
Car -1 -1 0 567.7952726667477 181.59486157310238 757.9463061887448 269.4777183510191 1.4992399 1.5498462 3.399386 1.0557872 1.6878403 14.086241 -0.48879486 36.101988306130856 
Car -1 -1 0 494.2104869796484 179.2992544414598 643.9823927970871 244.5483969623907 1.5650957 1.5782946 3.6266086 -1.065476 1.7486174 19.071623 -0.43014047 26.387772387165814 
Car -1 -1 0 452.30116637558143 183.79379492025564 574.4989799304318 232.2279261935573 1.4248646 1.5524722 3.6245794 -3.1065426 1.8005843 23.331102 -0.4213955 13.38961715204826 
Car -1 -1 0 440.3213641677131 178.58687894826429 551.6960336129988 224.3407285882344 1.5400597 1.6094573 3.7141519 -4.108802 1.7586176 26.076496 -0.37648875 11.24361095079795 
Car -1 -1 0 313.05357199143197 177.8752368454141 335.86595078865463 198.09700887257193 1.5464463 1.6305312 3.876743 -23.069569 1.9669768 58.326256 1.1725969 4.540532125494411 
Car -1 -1 0 207.253274330329 180.24503046748185 251.12305598502073 215.650358241896 1.4384632 1.557179 3.5549264 -16.844545 1.7867885 32.064804 1.1332585 3.475068980891121 
Car -1 -1 0 481.43189704504886 181.59353550293935 672.2329623314133 260.26491684942704 1.530905 1.624676 3.9608684 -0.6907367 1.7469119 16.126774 -0.53365767 8.053562119166301 
Car -1 -1 0 425.30252358177586 179.46419052260518 527.789851027507 221.0720214363191 1.4974897 1.5908226 3.619265 -5.144124 1.7668024 27.91775 -0.4313809 2.3680556732783082 
Car -1 -1 0 400.1727744081707 178.3512585109276 495.93155713134104 212.68372694591838 1.4531144 1.5950327 3.9843414 -7.283646 1.71286 32.561058 -0.4140664 0.8247824212858703 
Car -1 -1 0 385.3068561992361 174.36553499912878 433.5568559952978 206.48896907111603 1.4636381 1.6275512 3.7542777 -9.783626 1.5414766 35.112217 1.1234087 0.25247111916542053 

