Car -1 -1 0 441.91629129429435 176.6477667707967 528.9244719762648 220.3323470650478 1.4816916 1.7152181 4.428583 -4.7690372 1.6370664 27.214813 1.0207835 46.884567787910385 
Car -1 -1 0 142.170475724509 188.36081862182948 251.66303178226573 234.40024091266451 1.4064845 1.6574979 4.2011104 -14.492108 2.003185 25.624523 1.51966 33.644544438788934 
Car -1 -1 0 1170.0389404642701 151.84966472772757 1242.0 193.33415490243462 1.6055064 1.6592261 3.8953533 25.017168 0.7926098 29.366652 -0.3467602 35.26574194065268 
Car -1 -1 0 0.0 182.18845807936074 154.72958963969634 286.68142286508345 1.7143948 1.7488294 4.488133 -11.021165 1.9198003 14.023437 0.5070156 65.62641521483998 
Car -1 -1 0 356.24703251538864 191.87989153431417 426.6775066443806 223.13595510678238 1.4525509 1.596486 3.9767067 -11.487715 2.5180655 38.2712 1.88269 13.550635736078595 
Car -1 -1 0 500.1970735657811 174.78270678976236 582.6076696854484 214.54673283888687 1.5148385 1.6528964 4.115548 -2.8935232 1.6004894 29.870325 0.9861811 30.095384627907602 
Car -1 -1 0 553.9566650041724 172.6727315987308 629.1465037039666 210.0486117983485 1.5515703 1.6551137 4.1420603 -0.8773328 1.5440452 32.168514 1.0759676 16.832654357727254 
Car -1 -1 0 1114.392199766897 156.2552316939492 1213.3540403287295 191.2792169951838 1.47823 1.6703713 4.2681956 24.66156 0.7776586 32.091156 -0.42310017 9.1299359236858 
Car -1 -1 0 216.9860480658015 195.29605284627087 290.76932425277306 224.93003313878077 1.4801909 1.6447866 4.071328 -19.876572 2.786169 40.29619 0.49630684 3.543614869551025 
Car -1 -1 0 278.95120984974375 183.9362256724516 347.7002436744882 230.18585534525627 1.387746 1.6641735 3.9833417 -10.08461 1.8016447 24.811098 1.31669 9.18621534925166 
Car -1 -1 0 872.097094310929 163.0343542039074 896.3433361581127 181.7102375337445 1.5597422 1.6504297 3.9086812 23.705383 0.7396406 62.367355 1.8542161 2.385330569325363 
Car -1 -1 0 398.1559420421735 188.4360454605704 463.4347906946167 220.5747635876284 1.4878445 1.713233 3.8768878 -9.215834 2.3427992 37.506207 1.8018295 2.9773588363107417 
Car -1 -1 0 1063.6175288187278 162.97088282364038 1142.4086612893113 188.13840409316506 1.4964381 1.6556774 3.9260137 30.099699 0.90879667 44.050907 -0.17050876 0.3553362190723419 
Car -1 -1 0 754.1501652954058 161.0034460295524 782.3570963815826 176.7170322729597 1.4236411 1.6402017 3.7991064 14.856972 0.34998795 67.434395 2.0512679 0.8985228158016931 
Car -1 -1 0 91.66969759136934 189.99121340382698 196.27453713853998 233.56412788603978 1.4099089 1.593602 3.8502975 -17.194443 2.0948656 26.868263 1.5087389 1.1546905632774715 
Car -1 -1 0 846.0382770472313 166.2833442914154 873.3570568505662 188.38914717237557 1.4882761 1.5954643 3.8315551 17.587797 1.0459056 50.65284 1.9617355 0.253827840089798 

