Car -1 -1 0 730.7883497913151 178.73371392573665 885.58092323833 286.7414211850725 1.4857295 1.6189271 3.9000812 3.1225152 1.6004844 12.111126 1.5978208 119.39213394828715 
Car -1 -1 0 674.2283854657277 173.23799767784388 734.169629033324 221.9764971870866 1.584864 1.6746483 3.6703517 3.2468507 1.5993323 25.33916 1.5855182 73.0877263619602 
Car -1 -1 0 255.24089435222132 188.03520774935396 352.8859355608033 240.17010527647957 1.5999439 1.6506051 4.4736676 -10.730926 2.188129 25.70463 1.5534127 35.922144154991884 
Car -1 -1 0 406.40376616191435 185.39925777068575 549.1751126828875 244.46558046197495 1.3722302 1.5731038 3.8667603 -3.584332 1.7395846 19.327934 0.65392816 63.99313239914574 
Car -1 -1 0 94.12754931009265 204.88596263792581 378.63934479157194 375.0 1.4430008 1.5635343 3.5878747 -4.20743 1.8726728 7.9096136 0.7180309 117.51986574284278 
Car -1 -1 0 652.3515743698515 168.6726469456304 684.4447668228452 203.99501977044508 1.8090804 1.6408107 3.8320556 3.1300302 1.5949268 38.915787 1.6301403 25.56184163264449 
Car -1 -1 0 320.6394038368688 192.510863814297 514.2786395749567 285.85653773590616 1.3971393 1.600265 4.098576 -3.7348428 1.8221717 13.618176 0.7510717 64.23406312388623 
Car -1 -1 0 453.77266147405066 180.86319719324877 561.8538974065411 225.3539272329439 1.4221725 1.5561972 3.6324987 -3.5948255 1.7213919 25.307198 0.5826448 3.2072434174805275 
Car -1 -1 0 495.227322089744 176.0806553196751 578.3978140004467 207.9060234544881 1.5023508 1.5903227 3.815945 -3.6179276 1.670827 36.033962 -0.521814 5.412819120365732 
Car -1 -1 0 0.0 192.99872058660867 164.10556484932505 305.232230357798 1.720331 1.7680413 4.410681 -10.916067 2.1748314 14.066627 1.562567 0.6487544178962708 

