Car -1 -1 0 714.4002527258236 178.87436283925362 770.6896064347069 215.32756997686477 1.350446 1.6017514 3.3966918 5.2792854 1.606671 29.001236 1.5595678 53.29500407404374 
Car -1 -1 0 210.36140667805725 186.04016396905655 351.14666760679376 252.58829250031553 1.4394433 1.699798 4.1013594 -8.2239 1.8148842 18.48363 1.5822002 73.20636042866396 
Car -1 -1 0 386.9334361100791 179.74917786714033 438.2408929166658 209.05806903828318 1.5490324 1.7330151 4.3191776 -11.20307 1.9645789 41.31897 1.5775803 8.286979095184591 
Car -1 -1 0 466.14391306607814 177.52500782027676 506.4538383891164 203.66917181520753 1.5142426 1.7165486 4.1584816 -7.566951 1.8167347 44.63266 1.5881052 18.583817893704058 
Car -1 -1 0 436.47478935523503 180.05542530726277 480.8127390216213 201.88030748185864 1.5058525 1.7068495 4.228037 -11.1312895 2.0621624 53.500084 1.7643995 3.81230986523936 
Car -1 -1 0 1118.9683396621695 140.1061127713982 1214.926332067974 170.83268851609665 1.6551913 1.6790652 4.077448 30.783388 -0.11440383 39.913887 -0.041909304 9.279144458351158 
Car -1 -1 0 1177.1852443429989 143.22645596892366 1242.0 166.60141220813557 1.5120382 1.6462953 3.7081358 41.26761 -0.44542682 49.536392 1.5572431 2.455297794339862 
Car -1 -1 0 900.530012586171 184.16350455638073 952.8027538230336 210.39832465324096 1.4923165 1.5895412 3.5135663 19.431114 2.215442 44.355938 1.5420139 1.8975029743767164 
Car -1 -1 0 608.5717462052236 173.91604662467864 628.5101426838788 192.4671373917288 1.61008 1.7368846 3.630021 0.8269692 1.7079705 64.669586 1.5955107 2.511557764707069 
Car -1 -1 0 494.36553352280475 177.71406664034527 523.3855537757372 198.2954859410425 1.5158483 1.589964 3.697974 -7.765329 1.9051124 55.91073 1.6123928 0.3188234567642212 

