Car -1 -1 0 707.3245772225151 180.32212857848938 851.4408963498487 279.4566274566464 1.506448 1.5989966 4.0092807 2.932549 1.6650977 13.299111 1.5391536 123.54042615929663 
Car -1 -1 0 776.946936194943 191.74088436632735 1115.6900073004826 375.0 1.3689362 1.5735596 4.007436 2.9499273 1.61324 7.3286543 1.5718088 95.56939723671087 
Car -1 -1 0 593.9379135287808 175.90633099139924 627.7378852735962 207.1916972065426 1.5642611 1.7080512 3.8223567 0.085293695 1.7347097 38.37185 1.5817341 30.089235545478857 
Car -1 -1 0 193.63815629634345 190.4684843916015 401.012916274635 255.61231100579064 1.4258397 1.6232876 4.201989 -7.267431 1.8627727 17.06939 -0.008080188 35.7194367171524 
Car -1 -1 0 134.79330729036187 195.62583495819052 351.72190162882157 273.02321119272364 1.4204003 1.5625179 3.6246195 -7.322861 1.9096123 14.628122 0.05110927 61.067098890638775 
Car -1 -1 0 292.0097380708956 185.31417067988156 437.78557368436697 239.54639865420998 1.4849763 1.6002046 3.7178824 -7.1087174 1.8668189 21.15424 0.08628765 49.584770146037215 
Car -1 -1 0 0.0 199.93950573816647 235.2345191612296 320.3906447366714 1.4459002 1.546912 3.3518026 -7.18976 1.8472786 9.863331 0.033462543 56.77683948651289 
Car -1 -1 0 1070.5214165693649 145.9257610273159 1242.0 237.56328459887504 1.4977205 1.5863988 3.6793509 10.39513 1.0576062 13.4095745 -0.5320191 31.755847851216956 
Car -1 -1 0 344.8556062334214 184.12812414982122 460.61557229391855 228.27640783667343 1.5059087 1.591171 3.7063549 -7.4518504 1.9304993 26.153257 0.1249383 15.048697018878196 
Car -1 -1 0 372.3830310086158 181.6676351212078 476.02609630279034 222.60859724746575 1.5473812 1.620461 3.715196 -7.268089 1.9068573 28.541012 -0.04221178 11.271209491450229 
Car -1 -1 0 422.2962167322522 179.36550623073305 508.00033019761435 210.5783525293172 1.4934671 1.6177735 3.8957386 -7.1182356 1.8243905 35.78194 0.040761806 10.04764254956223 
Car -1 -1 0 490.849960521906 179.4715853185399 530.93898680699 205.37648975696496 1.4952626 1.6352508 4.1576295 -6.0801506 1.9263897 44.872894 1.6460111 0.5339181156694854 

