Car -1 -1 0 707.2783633423478 170.31520396141394 858.1367927648631 267.4240857650875 1.4866365 1.6327952 3.884993 2.9264548 1.4477701 13.023989 1.5247827 117.79414481482051 
Car -1 -1 0 655.9438093240005 174.66663423546598 728.3457416481402 225.18493953882378 1.4117198 1.5775865 4.383631 2.4725842 1.4739506 22.547235 1.5267259 53.13304143852312 
Car -1 -1 0 314.78719225527414 185.89316170422848 362.88516797874166 210.66511739780103 1.5333856 1.6881176 4.2856226 -18.340918 2.4590359 49.0735 1.5640162 19.23216475172482 
Car -1 -1 0 59.737419725921065 195.2962715454553 185.79575602809422 242.25677007716183 1.5159595 1.7279712 4.480888 -18.508278 2.4485724 27.720291 1.5990975 32.03165117457002 
Car -1 -1 0 626.4141949783699 175.09679056310532 663.0754296174854 203.65580990705624 1.4492218 1.5782244 3.658109 1.8460264 1.5755935 38.78209 1.5101266 12.471761724755565 
Car -1 -1 0 177.12992155372672 192.0803277945158 259.9411397857171 228.12945796686498 1.4921775 1.6493781 3.9967442 -18.337505 2.4532733 34.0462 1.6010654 17.57696260571207 
Car -1 -1 0 605.272060138688 173.28244801584117 630.3985702156554 194.85552896251113 1.5332062 1.5763295 3.6125922 0.64057016 1.5659202 53.223736 1.6603476 3.619704531381838 
Car -1 -1 0 256.3634308783044 189.1652591624271 318.39849082886184 218.40230636299484 1.4730113 1.6379796 4.082124 -18.081436 2.4392076 40.690056 1.5821022 8.096364288726614 
Car -1 -1 0 640.6887054083397 173.78253695251217 697.3438462977313 214.16519012861303 1.4486027 1.600599 4.165968 2.237043 1.4875231 28.112469 1.5043652 6.340681566024911 
Car -1 -1 0 350.7699098105226 175.78311928950956 401.42677534340544 208.31676223894937 1.9429607 1.8222345 4.203793 -14.673252 2.1365328 45.576912 1.5756195 4.8164581951764776 

