Car -1 -1 0 723.7250529436639 176.93053868682878 926.8369389443505 316.23532497645215 1.5131195 1.6152892 3.431596 2.6550474 1.5776129 9.677107 1.5423349 101.1928876967317 
Car -1 -1 0 685.388798316462 174.217826210367 796.200475037713 259.8295112296145 1.5150057 1.591292 3.6758506 2.5263705 1.5462055 14.666779 1.5729754 87.37064315447246 
Car -1 -1 0 656.0708175183903 163.57203825320667 735.102595062132 229.69240490832183 1.7069869 1.6995597 4.3867545 2.3643904 1.4673604 20.832714 1.5565755 72.0184909262422 
Car -1 -1 0 83.70734051834039 171.24253734711462 394.0983189285554 281.2320664048468 1.4630814 1.6068947 4.0430136 -5.6023393 1.4416456 11.269075 -0.49778745 112.92636441439653 
Car -1 -1 0 290.5042454966509 158.82166955469887 477.2838482434259 238.44375740880298 1.6841495 1.6485076 3.8962405 -5.2774425 1.3873405 17.06557 -0.6208947 89.87228667951945 
Car -1 -1 0 414.4723425409354 161.78763290727727 525.8985776156732 207.23579776614977 1.7833042 1.6991354 4.252004 -5.7964854 1.3490797 30.195427 -0.5860083 28.383054473782344 
Car -1 -1 0 455.7641263561731 170.9208135917269 539.8542115521678 201.14340359331155 1.445214 1.5815454 3.8688548 -5.588059 1.3527708 36.241295 -0.5940875 5.861774172189744 
Car -1 -1 0 492.9750320553248 169.73139307545895 562.065056527474 194.71059370534877 1.4835634 1.6129055 3.987197 -5.055562 1.2981055 44.699455 -0.64765775 7.809556705460164 
Car -1 -1 0 338.4274852749842 170.80215754218608 509.2385882351116 228.5628787129497 1.4602656 1.6657814 4.309553 -5.1231236 1.4083923 20.150173 -0.60358316 3.1649873097706367 
Car -1 -1 0 648.7155264461582 172.97657420770872 691.2510690635736 209.28247395549852 1.4404001 1.5671526 3.5669904 2.4959235 1.4458764 30.437767 1.5914979 2.3917726741559364 

