Car -1 -1 0 278.5427313811212 187.2649971619561 350.2159818090499 245.04849089490486 1.4640241 1.6070572 3.8419268 -8.645846 1.9325113 21.38535 1.2779839 65.04540619418951 
Car -1 -1 0 593.4466293279936 192.80418616418206 891.7694502304834 375.0 1.4448279 1.5838845 3.7301533 1.0290725 1.7044369 7.386015 1.32004 119.50835313223247 
Car -1 -1 0 686.715851336623 186.9710780258334 905.0380890242454 286.942380928619 1.5115318 1.5498762 3.4013093 3.2241704 1.7831014 12.578598 -0.34288338 32.466450252757326 
Car -1 -1 0 544.5377329283091 187.95284983898446 656.7374830776447 235.0588706012651 1.5080469 1.5806267 3.624011 -0.33112556 2.0612009 25.171276 -0.2815352 25.591007018097454 
Car -1 -1 0 601.4639194204742 187.66103774064865 755.4916014523556 260.19667969306465 1.6058291 1.5778722 3.436214 1.6773539 1.9974294 17.791601 -0.32108173 28.010597912397035 
Car -1 -1 0 556.8572189631885 191.8344685130466 682.7313111686708 243.20583808410998 1.4412708 1.556153 3.6194067 0.2833714 2.056691 22.24437 -0.21776 15.608401146721892 
Car -1 -1 0 591.9705416344041 188.41414753950562 803.1482379684722 275.4200731810453 1.5524356 1.6355773 4.036872 1.8136079 1.9061007 14.904457 -0.37187093 33.15099806867215 
Car -1 -1 0 423.50848579303835 184.24468403557734 448.32708954200456 203.85870987658095 1.496383 1.6373146 4.1554894 -14.436938 2.476715 59.868263 1.2451482 10.550080374694026 
Car -1 -1 0 528.0886127942948 188.3081757243101 633.1172784667532 231.29247722135918 1.489953 1.5914025 3.6736994 -1.1084026 2.10367 27.313839 -0.32455197 5.939814325869429 
Car -1 -1 0 498.13462549219935 181.49652608258623 582.0306221715866 215.81273023330266 1.5534332 1.6139386 3.763293 -3.3495288 1.9843795 34.654083 -0.29828012 5.228066901836596 
Car -1 -1 0 322.38128457344175 186.93323814636526 363.0412653993026 222.14194149582423 1.424741 1.5829239 3.8791902 -12.12979 2.1085925 32.957226 1.257904 1.1799145978197418 
Car -1 -1 0 506.6992191269225 185.2042524565649 598.6981672550673 221.6927778086864 1.5088465 1.5983269 3.8402505 -2.5358014 2.0771003 31.94293 -0.2540681 0.25235500931739807 

