Car -1 -1 0 945.8369118487622 170.4420930219766 1125.9966262420267 244.6866570700848 1.5798025 1.656012 3.8434584 10.05224 1.528481 17.383898 1.4075304 115.55266947037191 
Car -1 -1 0 409.5856093694756 174.64558989837434 474.85475327546095 226.7323124359226 1.7314372 1.6667238 3.6077662 -6.1146717 1.8011973 26.108286 1.1582963 88.51011878004273 
Car -1 -1 0 156.07210284605864 184.89461908096072 247.45081541319655 215.63288470585442 1.4398296 1.5850466 3.9412704 -20.585653 2.0767882 36.599236 -0.44995016 31.467685199981247 
Car -1 -1 0 663.8896630016461 178.3557456194404 753.2472201603372 216.23528319547114 1.3972011 1.661744 4.4217143 3.96241 1.6413722 29.66121 1.187137 20.383534571229177 
Car -1 -1 0 1013.7228763219521 175.23985630366596 1207.6168676525497 238.3744907393843 1.4590378 1.6687318 4.032543 12.975527 1.5290765 19.010069 1.2780657 23.83963375590443 
Car -1 -1 0 383.0493070159731 176.55010454883873 437.2348674225621 219.60782476041635 1.7266148 1.6357019 3.974703 -8.746376 1.8987093 31.448896 1.133396 2.681256684638792 
Car -1 -1 0 171.60763600996404 183.47392713585555 254.6236452181542 211.8173035478542 1.5016347 1.6235536 4.036121 -22.438843 2.1285498 41.00556 -0.43609655 5.11694178484514 
Car -1 -1 0 303.86628261250087 176.667039798017 336.9987276852374 207.67387133436355 1.8345827 1.7283044 3.9693713 -18.220236 2.085874 45.38759 1.1370746 6.081760745802464 
Car -1 -1 0 535.8250691192774 178.55662242305283 628.7915395470826 212.54252647192968 1.523596 1.6478621 4.142912 -1.3069708 1.802937 34.060856 -0.23490931 0.3590433895587921 
Car -1 -1 0 916.7668657746774 172.04073478582094 1035.4660501996234 217.42723001927962 1.5009379 1.6080215 3.8680615 12.883867 1.474043 25.358093 -0.40207735 0.8152138464182641 

