Car -1 -1 0 1062.8225256230658 149.63347699561132 1204.9895920703916 192.57106713996689 1.5353062 1.721056 4.359724 20.2583 0.705017 28.130394 1.3000917 89.12183885194321 
Car -1 -1 0 432.6155886203536 175.83844022474355 543.2417215303751 260.3983932906328 1.6392076 1.6924549 4.462301 -2.5929894 1.7162863 16.390322 1.5872256 96.78444342864628 
Car -1 -1 0 550.2087113621095 188.22112840567632 702.049258472772 325.8524029365645 1.4017769 1.6317307 3.3739226 0.14193116 1.6390197 9.434464 1.5483131 45.77118179250136 
Car -1 -1 0 596.2720907300409 174.54410069979258 658.8318591436657 235.28163410381558 1.6524181 1.7130896 3.9621546 0.54419595 1.7080433 21.744553 1.5972128 18.043179366014026 
Car -1 -1 0 133.03684458458955 201.72960154059908 210.3710363366907 228.34286452630545 1.4971702 1.5981178 4.0283985 -28.62167 3.4732184 47.270184 2.184319 17.136566382622185 
Car -1 -1 0 536.6887367998347 180.64690080915858 575.1012373242523 199.83075854032023 1.4664944 1.6495368 4.0938597 -4.3551955 2.129171 59.152416 1.905186 7.185000703436626 
Car -1 -1 0 109.52984501441964 199.29139824762154 176.55453526669564 223.2351707034382 1.506753 1.5799575 3.7217815 -33.343033 3.4699626 51.637936 2.2527847 1.9182091201275522 
Car -1 -1 0 712.5982975083786 173.1518068571872 733.0972271103769 191.15423323694918 1.4403746 1.6258206 3.7113214 9.393391 1.4658488 59.757915 1.7332878 0.9241742487332517 
Car -1 -1 0 38.13940596968863 202.04312848044472 124.60120721749823 234.62668924935022 1.6879184 1.6216962 3.8435872 -31.482052 3.5144615 43.100914 2.1553607 1.6940020853785565 

