Car -1 -1 0 707.4730146205557 183.74673513013047 871.861678728474 291.47818187896917 1.4609766 1.6046951 4.2392488 2.8504472 1.6802019 12.370731 1.529676 110.53796780979184 
Car -1 -1 0 581.1761821708159 169.3904645361249 644.9929401116545 230.0417653791894 1.660332 1.7472193 4.2108197 0.091054335 1.5655174 21.859837 1.5681543 45.29413509106289 
Car -1 -1 0 673.9342130028551 179.71283976969923 772.8099845509737 248.77947706577325 1.4546969 1.6027639 4.215743 2.659789 1.6438849 17.76224 1.5283018 82.64534884044151 
Car -1 -1 0 0.0 166.86202005996205 133.6464729557368 233.85295456648103 1.4956062 1.6158639 3.5811155 -13.767422 1.3618321 17.926636 1.5355122 68.95245058354256 
Car -1 -1 0 175.89644944278766 168.59673745807876 277.0318730596689 210.94469432974412 1.4508735 1.6567196 3.8932915 -14.024666 1.3050163 26.671072 1.5756412 36.22564115685923 
Car -1 -1 0 656.1601136416649 176.04456844717248 715.4477804390524 219.2735300968439 1.4833189 1.6054261 3.7195654 2.7730815 1.6108959 26.945349 1.5089504 29.759812743226416 
Car -1 -1 0 379.6310367045455 172.17343273138778 418.3063031780336 196.34054168628774 1.5395119 1.6533031 4.107826 -13.974318 1.4961576 48.073296 1.4968979 9.832816922534324 
Car -1 -1 0 652.5086629949908 175.85297224929937 695.4320505161757 210.18941972606586 1.4627315 1.5831537 3.6798677 2.883504 1.6072104 32.91081 1.5577016 8.349214506024039 
Car -1 -1 0 442.78275398669837 172.2643670592453 465.5139832362207 189.40460927134873 1.517211 1.6216365 3.7707467 -14.147467 1.4650178 65.82666 1.4690747 2.8581081490100946 
Car -1 -1 0 644.6821936893673 175.27875693235174 684.099550150336 205.18246597578832 1.5201435 1.582044 3.5430043 2.9023943 1.6566963 38.804993 1.4904876 2.5357084522702937 
Car -1 -1 0 635.8688342044987 173.90218846004285 659.167076769927 195.04278490089985 1.4582143 1.5768472 3.9579687 2.701626 1.5366135 51.96768 1.598251 0.41628849506378174 

