Car -1 -1 0 388.1205810297261 183.29325427742407 505.0958655238501 259.92820335112594 1.4228528 1.6671865 4.2106085 -3.4603026 1.6859738 16.078554 1.5678108 107.87454272234264 
Car -1 -1 0 577.2007464689548 175.71898426935547 680.297955109763 267.33044896238704 1.4727728 1.6773946 3.7022233 0.36875692 1.5342 13.593642 1.6023046 61.80911383775658 
Car -1 -1 0 538.5231844792123 173.6313013793537 587.9216113669614 205.84676871974912 1.5154884 1.8049752 4.4068775 -2.2611017 1.5570838 36.332176 1.6662388 22.189355522665306 
Car -1 -1 0 775.6130903303424 157.0546085576107 866.1681646926444 208.65425967351908 1.5421212 1.6939229 3.9112673 6.7760677 1.0699362 23.547686 1.5363871 88.33288462766745 
Car -1 -1 0 678.1778347145691 167.82240278166955 713.3331077275116 195.71879526192586 1.4768724 1.645222 4.2871 4.770568 1.2104927 40.378223 1.6167123 19.21647954297365 
Car -1 -1 0 859.8138993631594 146.1510402617633 1053.938984948156 235.05428033001908 1.7507994 1.6998851 4.1868925 7.699357 1.2249296 15.933966 -0.48266205 99.08853678100452 
Car -1 -1 0 1048.7282503127062 128.5772567249985 1136.8228011681101 162.35917844649725 1.5324461 1.6684248 3.8624098 23.944214 -0.55119723 35.925507 1.5210835 7.545762436577975 
Car -1 -1 0 40.07916877317659 191.78875147172056 139.61884384846906 239.86428436291723 1.5122714 1.6453917 4.0995073 -18.761147 2.2430286 25.999296 0.60898787 13.135138447001314 
Car -1 -1 0 1038.047771671846 149.1977419800505 1242.0 251.24164206620574 1.4963765 1.5785077 3.6501815 9.733174 1.14948 12.499734 0.89772457 35.173150951679 
Car -1 -1 0 402.4499858574368 180.6954446511047 464.03108774236 208.14533599514857 1.4811578 1.5855318 3.6674237 -10.222938 1.9600958 42.072227 1.9844096 4.3324667796843155 
Car -1 -1 0 988.1591917493138 136.5680540789968 1099.2680602504388 173.40437048888958 1.6138176 1.6734126 3.9889276 19.461432 0.024111837 32.451225 0.0017997231 2.7401731950893047 
Car -1 -1 0 570.3664423896724 174.56162521861702 604.1419156079737 197.9811257644096 1.5368285 1.6163568 4.0829067 -1.4951265 1.6597536 49.800674 1.722275 0.5414006186012325 

