Car -1 -1 0 238.87139866710217 181.97282224211494 480.98848242319775 273.9179871900635 1.4288994 1.5990566 3.9506145 -4.545287 1.6215458 13.410135 -0.65121955 127.41824294007517 
Car -1 -1 0 624.7787667340515 175.07006917040533 662.8500608423383 201.5148895984647 1.4825532 1.6103464 3.6780195 1.9822137 1.6196434 42.70514 1.4358437 14.824160977217396 
Car -1 -1 0 341.4819779812717 177.74111671921497 511.3709047651479 242.16491339233812 1.5257607 1.6235309 4.0627604 -4.8037224 1.6666868 19.078468 -0.5304944 44.7504590946054 
Car -1 -1 0 706.2438350456569 184.51971951155446 828.2557510561901 275.86079118015346 1.4077928 1.5881782 4.0536785 2.8210893 1.662643 13.704592 1.6124926 19.761348835441567 
Car -1 -1 0 658.1640067139477 177.60018323661635 706.1097508381051 211.57425983506144 1.4388264 1.5789883 3.567516 3.2530642 1.6673841 32.908783 1.4961132 12.991748089590033 
Car -1 -1 0 275.6337998163143 177.3545616290579 483.2103205745188 254.22057670927933 1.4779124 1.6198479 4.064836 -5.0015097 1.588239 15.885922 -0.5884457 20.848076367568208 
Car -1 -1 0 673.4153390929916 160.41113043242927 758.6065826726217 237.05471263792404 1.9935445 1.852395 4.7458873 2.979867 1.669898 21.151775 1.583097 25.059346678106284 
Car -1 -1 0 421.4093932380547 177.1532648009248 536.6739751143245 218.4834863900127 1.4766765 1.6125586 4.0713115 -5.0087724 1.6523074 27.801867 -0.4932089 7.52548379475299 
Car -1 -1 0 462.40695284630056 170.70188092489326 534.8134184759763 204.1577901390017 1.7053134 1.6093178 3.4511619 -5.8894033 1.5956155 38.37842 -0.56181 8.033851395315958 
Car -1 -1 0 401.08179755751996 177.96285927715815 525.5673917530854 224.21752628283897 1.4437842 1.5834434 3.8470623 -4.953632 1.6299539 24.59515 -0.5646094 0.5504337712099289 
Car -1 -1 0 612.8203732953224 175.42525351091973 645.7675067062115 199.68218796942566 1.5248133 1.6125972 3.6758919 1.2652954 1.7016448 47.693676 1.4383311 0.2990933656692505 

