Car -1 -1 0 459.62094648719653 175.76562874603314 528.6232955417142 233.24387535987125 1.7349415 1.6788735 3.6723027 -3.908578 1.8398551 23.99075 1.2452917 105.10657944444716 
Car -1 -1 0 193.58846521113026 186.77960774539358 298.699799324289 218.2161639960483 1.4211787 1.676469 4.465515 -17.796448 2.1375532 35.559155 -0.35324848 56.02309244683081 
Car -1 -1 0 737.6209784155493 179.11940614028504 840.5330740041719 220.63478799927816 1.3552916 1.6203816 4.241538 6.471241 1.6051819 26.508892 1.2386837 40.270637666525495 
Car -1 -1 0 626.2327038469589 176.22799205787143 669.023186030896 201.30063220851085 1.475488 1.6011393 3.9290226 2.3299575 1.6963145 45.125393 1.329076 10.99074561369 
Car -1 -1 0 571.7993176655349 177.95784236426945 634.8271348150602 215.77420070518656 1.5570047 1.6501157 4.29226 -0.36068088 1.8040018 32.622856 1.2608378 6.4633895025560255 
Car -1 -1 0 362.04258546416236 180.26365726538162 390.71726133166 209.27595655426433 1.727721 1.676982 4.0967355 -14.934029 2.2258286 46.29979 1.269244 19.31882653203017 
Car -1 -1 0 445.1015503341399 169.48808526798177 502.92432763338394 222.00785824130028 1.9481463 1.804888 4.595859 -5.567775 1.8232924 29.225739 1.2743406 28.58290189290756 
Car -1 -1 0 271.425222900779 184.2735151752543 326.52527153897034 204.61950082806132 1.5105361 1.6328455 3.9022188 -24.355654 2.4287453 56.59224 0.3426339 0.8907614336935872 
Car -1 -1 0 226.95803663793254 183.40332527746608 308.25456191159594 212.49040624083918 1.526325 1.6370753 3.9184093 -18.995384 2.134932 40.245388 -0.31252253 0.8170264665114866 
Car -1 -1 0 400.31160536077067 179.3518298573723 420.6772951595466 196.16734904338244 1.6333771 1.7640682 4.0264745 -20.358164 2.3182702 73.90099 1.3637574 0.3028715252876282 
Car -1 -1 0 1036.831199870291 169.9789372586591 1177.9455819216355 223.6289119213638 1.5074834 1.5860739 3.7472284 14.922137 1.4266983 21.645323 -0.3391586 0.2625347971916199 

