Car -1 -1 0 705.002578033509 164.30227571245462 780.3636571957604 232.45304122642432 1.6804926 1.6430049 3.6496603 3.5315838 1.4696202 19.674084 1.6470037 110.61957705503202 
Car -1 -1 0 252.04447647634984 194.64758477424758 425.7268928971285 255.08458069344422 1.4606706 1.6134098 3.9901998 -7.0765386 2.065545 19.075167 0.073431596 115.7211363156935 
Car -1 -1 0 680.2308637599228 175.016713455473 727.6351246600221 214.29465723951526 1.4424825 1.5721205 3.8651993 3.6872957 1.5343732 28.68635 1.6227928 28.71199917084834 
Car -1 -1 0 614.7708495149694 173.128394562977 649.4946249895731 206.83060234688432 1.6315652 1.6829846 3.97705 1.1533549 1.6463921 36.97605 1.6006428 24.745728391468425 
Car -1 -1 0 363.7599894705864 183.85547922503983 495.2187235105476 229.51059058721168 1.5672585 1.7218697 4.335434 -6.526496 1.9860499 26.379786 0.106690675 51.95627737414993 
Car -1 -1 0 443.91456695243903 183.32073270092326 524.8422090323688 213.68163711750572 1.464795 1.5842415 3.7401102 -6.294557 2.0081432 36.472946 0.10484411 11.055331466877183 
Car -1 -1 0 412.81364342949524 183.13968309333097 508.56314762386233 219.10149667185095 1.5008142 1.6084689 3.8111293 -6.476208 1.9647675 31.599918 0.07582897 1.179443972328988 
Car -1 -1 0 474.15346578422816 179.7761858881289 546.0990730437933 206.115034542301 1.5103551 1.6670082 4.080922 -5.848136 1.9294007 42.767155 -0.038939685 0.3811955451965332 
Car -1 -1 0 670.9608269102935 174.29809307257906 712.8575255560602 207.23957259188379 1.4924849 1.6236628 3.8179097 3.9134264 1.5659255 34.776733 1.5817914 0.6243652099269188 
Car -1 -1 0 461.96630820215375 181.62356930758526 539.71262594818 210.4996991694145 1.495314 1.6123316 3.8649726 -5.8582172 1.9830816 39.07055 0.13655746 1.5050235118644073 

