Car -1 -1 0 111.61108932743623 203.30756573829473 423.4133987354838 375.0 1.4932885 1.5530504 3.5471084 -3.7368605 1.9363554 8.606916 1.7664714 134.94307260998198 
Car -1 -1 0 416.23713066064107 192.76123890270767 562.4421402758921 286.953820173298 1.4912848 1.5783942 3.5880241 -2.2007928 1.9351841 14.163366 1.7982378 123.60473636538069 
Car -1 -1 0 759.8619933786466 180.93547579963084 964.2943503685207 346.13609255853885 1.4500561 1.6225935 3.835073 2.7064655 1.5684564 8.551052 1.7263585 95.54754465198116 
Car -1 -1 0 521.9503062425065 187.8581676317789 624.9015165905981 254.03111844202016 1.4816805 1.6440749 4.0591993 -0.840585 1.9282598 19.307423 1.8152223 83.68375055766484 
Car -1 -1 0 626.3977509454692 184.4507506967501 680.1206267082443 223.5819150004086 1.4183589 1.5858862 3.6245816 1.8305728 1.9197586 29.251305 1.8005955 30.714785991207325 
Car -1 -1 0 767.1041359659301 176.30320170177177 824.8474452567791 225.32272768602826 1.4148054 1.6487223 3.4199953 5.8729296 1.5333049 22.937284 1.7977351 26.864385624745033 
Car -1 -1 0 652.5351116780563 181.03993298563176 695.2200624085731 214.64233219291052 1.4647684 1.6013385 3.7354012 3.1170292 1.877816 34.415405 1.777122 10.282211239451026 
Car -1 -1 0 669.6120462552096 180.5823395874867 706.3346516819497 210.21686767239538 1.4887804 1.5533748 3.530445 4.292168 1.9282665 39.134773 1.803652 5.799084177990825 
Car -1 -1 0 425.98428318337795 148.85251036393177 466.0315940984825 169.08298696288603 1.5210035 1.6309925 3.6786587 -12.8674135 -0.30804664 56.963104 1.8035493 0.2565544843673706 

