Car -1 -1 0 512.5339046230331 145.21727937635356 576.4889046703898 178.75956663550468 1.4788353 1.5833951 3.4556742 -2.9808898 0.2603685 33.70986 1.9505252 51.62432214944306 
Car -1 -1 0 608.4145541483816 140.00023551144724 654.8126011421454 166.61200107804677 1.5163039 1.6166556 3.7378824 1.39364 -0.3991506 44.103397 1.9630392 19.754884997003092 
Car -1 -1 0 819.855691308264 145.47260488765485 899.7656886804839 214.43143230461536 1.6868665 1.7654691 4.098481 6.9798994 1.0170645 19.881458 1.9828565 49.86738412043436 
Car -1 -1 0 931.0544961533028 154.51833045825066 1032.9882126567259 237.75124710958337 1.6532817 1.6794578 4.017132 8.368166 1.2890744 16.50875 1.9472463 78.09139648965684 
Car -1 -1 0 65.50084697965413 163.64113231180576 255.40723042769778 233.2370740625453 1.4770638 1.584269 3.78875 -10.590993 1.2815351 17.353584 1.8532505 27.0323397781998 
Car -1 -1 0 558.2039087528649 143.709273611672 616.3070051620953 173.19622805845287 1.4558005 1.5947375 3.9677768 -1.1048362 0.01689595 37.76115 1.9482882 19.899506245321454 
Car -1 -1 0 917.903834458178 151.29909073618379 976.9967335092784 193.5969338215744 1.3754077 1.6038917 4.122595 11.932446 0.67450213 25.674137 1.934777 14.279239894972616 
Car -1 -1 0 965.1375052343899 177.3577331237043 1242.0 310.83165097407476 1.4161718 1.618894 4.067276 6.76225 1.4819847 9.146843 -0.31340012 18.196684929419234 
Car -1 -1 0 259.1345139405589 149.4368366495251 374.6494485669252 192.58672311866155 1.476606 1.5924108 3.7996542 -10.582485 0.6752614 26.105062 0.35955465 37.89853398402471 
Car -1 -1 0 324.367425319437 142.66287995801312 430.8686576683174 186.1949019510403 1.6348226 1.6717753 3.9833488 -9.240041 0.50101054 28.717785 0.45127803 62.79185576566989 
Car -1 -1 0 172.26345125745416 152.78627062515199 310.61872176610336 201.16959674578254 1.4674041 1.6252276 4.0528307 -11.883627 0.85877556 23.312805 0.33246988 8.914659065645937 
Car -1 -1 0 380.1201660218073 143.45448773388904 478.30424542192765 182.815394871913 1.6244235 1.671841 3.9461794 -7.837183 0.41110632 31.34446 0.4191795 15.61413946278595 
Car -1 -1 0 911.5364937108873 141.30151751474105 958.7060994369921 172.9356457102878 1.5141733 1.6307708 3.6833813 16.416937 0.0039077997 36.528927 1.8405812 2.245903041550307 

