Car -1 -1 0 362.2865913613854 186.88143857665258 483.7488025990223 270.71122059150684 1.4403037 1.6341136 3.9618995 -3.7287045 1.7724212 15.076028 1.5371616 88.88199756668 
Car -1 -1 0 753.470190758971 164.78716462115457 1041.8251747698978 335.42016115384126 1.5802808 1.6602477 3.7524068 3.089799 1.5055715 8.63171 1.4713604 121.35156473101108 
Car -1 -1 0 681.0230784829713 165.98103692145023 794.8283671824478 248.97027531255253 1.636333 1.652189 3.796901 2.7325196 1.5008159 16.175154 1.5055144 106.23349208920231 
Car -1 -1 0 450.0652639517678 181.50863405310014 508.84800058876226 226.499700184661 1.4607335 1.5968589 3.8294904 -4.6311502 1.7974522 26.12406 1.5264993 15.978860054624615 
Car -1 -1 0 518.5238732464283 175.9705074349232 551.4614795953379 204.58625721116778 1.511797 1.6101093 4.241862 -4.1615095 1.6970932 40.744556 1.5250478 12.778587727719229 
Car -1 -1 0 484.14063675728426 180.78912300159016 535.5236057886747 218.08990063900237 1.4518459 1.580572 3.8234186 -4.1945977 1.8121917 30.835796 1.5950737 8.693988140926237 
Car -1 -1 0 617.5959295515014 173.61317538562452 648.9991362030653 197.90288594389895 1.4475467 1.6021351 4.131212 1.4444942 1.4973644 45.239986 1.5134473 7.865452857643266 
Car -1 -1 0 650.3733629089361 175.89533333886072 708.8474216400433 222.59603940407925 1.3679135 1.5688937 3.4883132 2.1731348 1.4727297 23.114925 1.5810498 8.600808233860635 
Car -1 -1 0 606.7612688108276 170.66774942746352 626.6318900326044 188.36258959636186 1.5255979 1.6093224 3.9063783 0.6613501 1.3371054 64.20046 1.6216514 0.8468942080071278 

