Car -1 -1 0 718.7831595935121 181.30657683706067 921.5635209026225 306.4659866762811 1.4318008 1.5908933 4.1303635 2.823216 1.5811539 10.643929 1.5165 115.7382123765902 
Car -1 -1 0 681.7735454797274 179.50492671558402 792.6541885950228 254.00968258460395 1.4286056 1.5990686 4.3349876 2.7419112 1.6002603 16.424925 1.5313274 83.18777370269805 
Car -1 -1 0 654.6430358063918 177.9205385645993 703.8013814828424 219.99039249718535 1.4360902 1.566797 3.6656938 2.5367343 1.6381721 26.927608 1.5951456 51.9188804466826 
Car -1 -1 0 619.1296797659143 177.51768446158474 653.0763592467154 204.4470225975428 1.4550085 1.5159861 3.3433251 1.4827127 1.7333202 41.322624 1.4755728 19.982274624355757 
Car -1 -1 0 0.0 196.41991715152636 117.40236790313523 249.69318894394013 1.4147494 1.5975399 3.788681 -17.635353 2.220293 22.756542 1.5875769 31.86970471811507 
Car -1 -1 0 126.6647119330064 189.03456849936472 221.33145539227755 229.75580086607488 1.4404972 1.58866 3.9473732 -17.4534 2.1388388 29.131195 1.5223224 8.487056136613862 
Car -1 -1 0 247.0904775288311 187.61905465496594 311.0802600101537 217.29966838708455 1.4080914 1.6174525 3.748499 -17.316448 2.224 37.988266 1.5824034 7.361921885245526 
Car -1 -1 0 296.72080083304263 185.32513368907993 352.06393490435704 212.31476422889003 1.4781809 1.6239609 4.09229 -17.113213 2.2657242 43.496624 1.598681 4.190506538602047 
Car -1 -1 0 561.6283603880304 176.81773750998943 600.7566464329079 190.55281530157697 1.4703066 1.6176107 4.0174522 -3.1001265 1.9115329 79.123566 0.20179291 1.7297185951196477 

