Car -1 -1 0 363.84251269003266 173.67543579191573 483.22769631199765 250.00002255748512 1.7783155 1.8864642 4.423147 -4.74475 1.8026159 19.102417 1.6052595 102.27609232356825 
Car -1 -1 0 313.329719849187 178.61889036230426 400.52808338880277 216.65661502447665 1.4776014 1.5835938 3.7707818 -10.637636 1.7336538 30.302649 0.6248243 36.282810426604755 
Car -1 -1 0 205.88854437018185 187.14363800412434 366.86273283192895 247.683391959222 1.5012213 1.5735976 3.610447 -8.556784 1.9011419 19.262573 0.0813737 36.099470936400074 
Car -1 -1 0 48.6611514287179 184.0524516558855 287.38485298466566 270.6192107603385 1.5680131 1.6066391 3.6764421 -8.491442 1.7994716 14.0969925 -0.007089161 40.58038835866979 
Car -1 -1 0 0.0 174.85547047338554 234.77350284525653 291.27297428227905 1.7611035 1.6524794 3.8637302 -8.514328 1.7964122 11.837329 -0.03410006 44.95193716496681 
Car -1 -1 0 491.8574214774419 178.33369872311764 526.7972900807722 207.25563137283888 1.4956466 1.6221275 3.8755736 -5.620883 1.816369 40.163742 1.3528341 5.128795633217654 
Car -1 -1 0 239.24337259186225 188.15857248309047 386.584211191956 239.53500696670042 1.4480221 1.5821358 3.8113937 -8.896938 1.9300113 21.803823 0.068513356 11.29672170576288 
Car -1 -1 0 133.72357363426096 185.74768116670893 333.48568312101224 257.3645728089 1.5108901 1.5918556 3.729972 -8.447878 1.8195791 16.404846 0.03983619 15.236412945916017 
Car -1 -1 0 324.6717250698245 163.14566860405367 382.23216424713263 184.69642517488126 1.5711217 1.6080658 3.6888733 -18.972012 0.8633518 53.526768 0.066193566 17.65247023235269 
Car -1 -1 0 458.82705467686816 183.18471765940507 510.8845915045465 222.67224690503323 1.4568555 1.5945 3.8282447 -5.0416007 1.9080895 29.575794 1.5367332 0.28646591305732727 

