Car -1 -1 0 423.07762821438325 177.10838584504756 475.56155221544 209.34635201490434 1.5353761 1.72435 3.981453 -8.123706 1.7648085 36.90289 1.5920042 45.43029824702756 
Car -1 -1 0 184.76656449050128 179.19629432259507 338.89575867323816 245.50134585776303 1.4527357 1.6666039 4.3609986 -8.664807 1.6344454 18.452911 1.6209072 115.71247595372402 
Car -1 -1 0 696.9792377893065 180.34760648714249 795.4215587160268 247.53046072301188 1.6124872 1.6723894 4.0570884 3.6286938 1.8404794 19.867886 1.496768 80.84344893669864 
Car -1 -1 0 671.8776250860079 185.17101787465063 734.4932348379036 230.4887464624663 1.4324932 1.5948809 3.9906142 3.279521 1.9096845 25.93088 1.5340434 41.67000958790769 
Car -1 -1 0 290.22079545558586 178.20940134933244 388.63356136334016 231.0127163911907 1.5128349 1.6231394 4.060684 -8.516413 1.699502 23.11723 1.5735905 46.07209834392451 
Car -1 -1 0 143.63913991856523 161.6829882974579 264.3442004710352 210.88538889446198 1.769767 1.6283381 3.5694122 -15.042137 1.3679554 26.902458 -0.077197 23.61080396186079 
Car -1 -1 0 463.62520827557154 179.68084746110793 504.8462417085988 206.32341562521148 1.4539025 1.5853925 4.0412216 -7.320391 1.8751523 42.4736 1.6081884 5.227436881288812 
Car -1 -1 0 667.1152765123862 181.98799515129846 711.3616359264953 218.03287151903953 1.4500046 1.5774838 3.5415218 3.4464388 1.8738179 31.702606 1.5780555 1.6544806094054882 
Car -1 -1 0 289.9410542476429 150.90457938555954 351.4025196832627 185.43881862545155 1.9232655 1.813793 4.482199 -16.891024 0.7008679 42.42599 1.5722704 0.6848883709643276 

