Car -1 -1 0 364.7438370054557 183.54354552685055 466.3800593836039 247.23598149213797 1.4896691 1.6001205 3.9075522 -5.110902 1.8080493 19.514673 1.5993267 83.01214478307503 
Car -1 -1 0 452.7558687845812 180.66300611695772 507.3371647740815 220.28581013069052 1.4521997 1.5995727 3.981334 -5.1740637 1.7905313 29.24949 1.5435226 36.19496177592355 
Car -1 -1 0 235.9311479242126 186.83243553453107 401.6791263779479 282.8116858599611 1.472751 1.6322922 4.0756407 -5.2986145 1.778887 13.737545 1.5365599 147.52042898573035 
Car -1 -1 0 761.506101155015 182.87021043629082 934.6737872952253 247.1894946781055 1.4626248 1.5876806 3.7430298 5.8244123 1.7245135 17.802341 -0.149274 71.35286711675836 
Car -1 -1 0 727.6989408297283 177.37656119881962 872.7139069843377 236.41768020628973 1.5821311 1.6091616 3.642805 5.3387146 1.7163452 20.44786 -0.08993301 41.60405956976447 
Car -1 -1 0 667.0712603724539 176.0825078632341 748.2175714236356 203.28808586856348 1.4446254 1.6377194 4.242527 5.307072 1.6248863 39.40481 0.029781075 18.508861551324646 
Car -1 -1 0 478.49800835994955 178.74258716561505 522.6919715989707 211.0819820008154 1.4583763 1.5861284 3.6660523 -5.2356987 1.7593237 35.041054 1.5726914 19.628629038910148 
Car -1 -1 0 676.9041706399828 181.07646641240504 791.0601343780029 220.53324589691977 1.4494892 1.6079319 4.0915594 4.711565 1.7743675 27.680256 -0.012003934 14.561566055598597 
Car -1 -1 0 852.1122535473528 174.136946426927 1204.5923130496496 302.75211023854246 1.5529724 1.6102672 3.7244143 5.3397884 1.5713868 9.542448 0.004741382 8.216361659443821 
Car -1 -1 0 704.5168023339767 179.1757538508418 831.7050308635494 225.7691280604504 1.536037 1.6204804 4.018012 5.3831353 1.7606367 24.821236 -0.0016846146 2.6030606428057648 
Car -1 -1 0 652.0641268070885 173.9761994681734 675.3051347631207 195.83730637298933 1.5246005 1.5982797 3.7076626 3.9622493 1.6091523 52.440987 1.6690204 0.5259649888313651 

