Car -1 -1 0 564.0225074689344 184.09539067501194 644.9760246098857 259.8775269950099 1.4798809 1.6455629 3.7840452 -0.080342524 1.7674574 16.556421 1.582985 58.66064650177527 
Car -1 -1 0 419.4550279326022 188.5118985429803 516.2560213686497 247.9109200819154 1.4173385 1.6619208 4.2590327 -3.8964412 1.9105381 20.546864 1.6379321 109.71459700033434 
Car -1 -1 0 685.0724041912736 186.24092849046815 798.1227473395617 275.882419722673 1.4604926 1.6075313 4.150423 2.4850035 1.7679477 14.476437 1.5962409 92.53938121380862 
Car -1 -1 0 742.9852619994138 190.06936195980157 1000.5741616222753 356.87905876771515 1.4410033 1.5980655 4.1139827 2.8026686 1.6982424 8.720051 1.565152 123.60572661757762 
Car -1 -1 0 663.3015396987461 184.77021022395277 722.8273016447456 237.20505121494233 1.439203 1.5553548 3.3407621 2.6547763 1.8389184 22.411036 1.7720344 47.773058363495885 
Car -1 -1 0 309.8518306600339 188.61562834920394 383.6241436297981 217.45255189171968 1.4518003 1.5616099 3.667865 -14.142471 2.3318288 39.00578 -0.29500496 21.49150096162442 
Car -1 -1 0 556.1697194238776 181.93895306561512 596.9274920321808 211.4710277869703 1.5051562 1.565474 3.556892 -1.7750823 2.030043 39.808685 1.7267872 11.784245174012122 
Car -1 -1 0 590.9358041017575 175.9974802279629 646.7629647966327 225.99864221254077 1.65853 1.7130241 4.218418 0.41793814 1.7829787 26.386292 1.6628709 16.651938723187804 
Car -1 -1 0 191.87229311311998 194.17082873695503 279.9822490825781 225.30920215138465 1.5281003 1.6222919 3.846543 -19.711966 2.6917145 38.205856 -0.20197716 12.11669013071457 
Car -1 -1 0 650.1459908803049 183.8849806545643 697.9310894141092 229.00763428537505 1.4918015 1.642668 3.8991027 2.3764079 1.9329073 26.8447 1.6495042 4.604708760576961 
Car -1 -1 0 469.428116373509 184.10058853755876 528.3000678691274 208.87754871821505 1.4965396 1.590495 3.709652 -7.21611 2.2638752 47.28693 2.2506626 13.851871068390018 
Car -1 -1 0 49.42711810189287 195.77343519432807 149.0114653152872 228.21948646652797 1.5459504 1.6403663 3.902314 -25.743162 2.732028 36.472 0.024369279 6.5715515523516315 
Car -1 -1 0 655.583659027179 178.17938287453498 684.2198058051206 200.97034443474556 1.532517 1.6434238 3.497239 4.318548 1.9247599 51.269722 1.7673562 5.136548576580219 
Car -1 -1 0 124.02250148433947 190.20468066826174 199.42945591704552 213.62897172638847 1.4492886 1.6067846 4.0636854 -29.914265 2.6469345 48.321945 -0.36941886 5.369444685251911 
Car -1 -1 0 711.7631530325326 178.7435389956963 735.8928411599247 193.78287440573737 1.3908379 1.5766572 3.6387625 11.150694 1.9805195 70.2614 1.9441296 0.2677752375602722 

