Car -1 -1 0 483.5714513276924 186.50266052356622 683.1478501576671 257.4926727534796 1.4315475 1.632684 4.301673 -0.60912347 1.7742565 16.621368 -0.34519005 120.94553719146091 
Car -1 -1 0 1034.7935350044904 164.96506296845195 1237.536747782769 232.7927255100025 1.5193816 1.5863601 3.6394553 12.552626 1.3426645 17.446232 0.29192984 97.56471835973997 
Car -1 -1 0 14.929285184480289 183.4369842394705 187.10611445544828 281.9462064652546 1.6546795 1.6335114 3.7101984 -10.080351 1.8889613 14.233368 0.61723155 103.64887626034393 
Car -1 -1 0 403.8289111823874 187.6167629345413 576.585492914539 251.99643030562953 1.4252421 1.5916609 4.0355325 -3.0043206 1.8298323 18.228529 -0.41776654 85.89481865371792 
Car -1 -1 0 124.55769887787096 186.68323283437218 380.2819372332281 305.0172099284716 1.4685018 1.6542828 4.19281 -5.6315556 1.7186667 11.217638 0.57533884 117.67482556153713 
Car -1 -1 0 0.0 187.3183665061986 87.17696090937757 261.33003333352326 1.5013146 1.5749358 3.4375463 -13.845289 1.8732773 16.915915 0.6194 14.408667384650828 
Car -1 -1 0 243.9936710010932 188.3903122245691 375.095559941848 239.04903354590158 1.4479475 1.5726868 3.7467961 -9.5364685 1.9760972 23.03408 -0.42893985 15.398978742817235 
Car -1 -1 0 574.3602016103373 177.1889125449674 694.5472256550596 221.62801943370846 1.4115443 1.5840375 3.8817983 0.8311229 1.5716577 24.950436 0.55846465 12.801866988081235 
Car -1 -1 0 171.986525926447 188.44851674133233 283.66817642142314 233.8966664216456 1.5210662 1.5571544 3.5576482 -14.051275 2.1306133 26.693634 -0.47778448 1.7837884400071944 
Car -1 -1 0 327.4134022082898 182.28781115626612 404.26003729648596 213.81068465706232 1.467058 1.5784782 3.7967718 -12.254055 1.9624169 36.22962 0.5437496 1.9386650922806676 

