Car -1 -1 0 793.1338021796089 189.1820506018281 1200.5966923528424 375.0 1.5097902 1.569038 3.3271456 2.7097237 1.6815748 5.9247174 1.5744909 87.50887644939078 
Car -1 -1 0 355.6350849454167 179.3990104889723 508.11369669111457 236.49552112707028 1.4366503 1.5868994 3.884198 -4.9637556 1.6385682 20.418623 -0.6831352 75.47741684929888 
Car -1 -1 0 116.27239975068329 186.68686322856934 405.0490882362191 292.6893597780754 1.3981867 1.5863186 4.036209 -5.5820475 1.6576995 11.758808 -0.58661854 65.59874601596516 
Car -1 -1 0 0.0 182.87340073357348 316.27659564747876 333.3068342382293 1.4933091 1.5744834 3.5913491 -5.617126 1.6378009 8.885222 -0.47411337 51.55116474013018 
Car -1 -1 0 609.7333394794053 179.46410309075193 642.5673043726003 202.85599488191025 1.5181094 1.6227486 3.739313 1.108697 1.9934928 49.917095 1.4123318 4.691696679046175 
Car -1 -1 0 401.0532207845142 178.82027191805423 525.3568336737075 224.80282747763718 1.5209445 1.6315999 4.097401 -5.2624173 1.7517228 26.119911 -0.5678036 21.081587191505953 
Car -1 -1 0 642.5742518200573 170.48062796653747 700.9266102803697 224.4424541696865 1.9476168 1.7868869 4.5952387 2.3525667 1.8619558 28.361397 1.5457164 15.441835033013604 
Car -1 -1 0 360.2603546070041 180.37681186589916 507.25862713012253 233.04305850001214 1.4978814 1.6464047 4.231628 -5.5354123 1.7566574 22.939312 -0.60521704 0.6546709669344184 
Car -1 -1 0 433.6090215384817 179.36259756992735 527.571325679226 215.21305111769158 1.4901335 1.6145037 3.8680599 -5.714897 1.791204 31.943771 -0.35728693 0.25410208106040955 

