Car -1 -1 0 99.24913804159472 190.70843440830416 406.8435259361118 372.75680878219663 1.4853032 1.6452177 4.0324974 -3.6787794 1.7417202 8.324514 1.5435963 125.81611895590424 
Car -1 -1 0 323.24244604598806 187.1302046645131 476.94396122892323 282.9419544635775 1.443612 1.641515 4.206746 -3.7285314 1.7547157 13.612165 1.5807265 77.66436741102257 
Car -1 -1 0 671.5409115674884 179.7298014538448 731.010672219373 226.7780819669949 1.4204687 1.6278872 3.8287873 3.007629 1.6704069 24.289648 1.601613 41.7377272986401 
Car -1 -1 0 502.2228837385349 180.61720722734034 552.1932956766309 216.93536220203023 1.429899 1.6058077 4.18746 -3.514523 1.7907045 31.422638 1.5940281 32.105032889139274 
Car -1 -1 0 418.5198218775002 182.91337267589552 511.52228917768264 246.1542741706241 1.4434774 1.6234617 3.912123 -3.6932116 1.7366601 19.06218 1.584768 35.818689494612215 
Car -1 -1 0 964.1443465563958 178.5988993923329 1228.6620084891763 275.32319374617305 1.4998057 1.5543034 3.378513 8.05625 1.6038573 12.181036 0.06636159 123.55929250337 
Car -1 -1 0 654.0417672224696 176.63445492024448 694.1377866895091 211.46081331234512 1.4792559 1.5923355 3.6984596 2.8924878 1.661547 32.922703 1.5969313 8.81175207829709 
Car -1 -1 0 568.7287186725914 174.8129923379246 591.5904824554211 194.9183990946726 1.4898071 1.590903 3.8006516 -2.241208 1.6463178 55.741627 1.5762632 3.8824387959591897 
Car -1 -1 0 547.4793923975874 176.24490382505067 574.2219119381064 201.268283896002 1.4794059 1.5835657 3.951706 -3.014879 1.7013253 45.21202 1.5258478 0.45275214314460754 

