Car -1 -1 0 710.8706831831646 180.07253676911404 907.297388433103 300.6012624924428 1.4839509 1.6206856 4.269249 2.8536012 1.6192797 11.336467 1.4939954 105.864560593691 
Car -1 -1 0 664.0263588551205 179.92324251610654 766.8664365404845 253.07896552762253 1.4553456 1.588206 3.785212 2.3156667 1.6376973 16.670736 1.503983 84.77505684010684 
Car -1 -1 0 290.48941573788784 180.28195875178133 453.5048648754255 233.03282014622604 1.4169785 1.6246767 4.2426977 -6.7220173 1.6424031 20.794786 -0.14107442 89.30004264043276 
Car -1 -1 0 631.7785664029576 178.05703142521892 686.828298662653 220.25363681745952 1.4546996 1.5934136 4.1315374 1.8189557 1.6682004 27.500803 1.5153658 41.43416083250292 
Car -1 -1 0 2.1413365768837545 183.00404624117536 341.7889269884187 288.91478283661024 1.4533288 1.6222024 4.186621 -6.5071106 1.6243894 11.129435 -0.10737905 54.77709870626814 
Car -1 -1 0 616.3380549617924 177.55177037977856 660.5455455296407 211.83124615881087 1.4578687 1.5832528 3.7149072 1.2714145 1.6860409 33.12847 1.4875085 14.270049885586335 
Car -1 -1 0 345.6412271512533 176.38906858175116 463.2735713178272 220.50906156442224 1.5525849 1.6216264 3.948062 -7.469572 1.6877269 26.568634 -0.10595188 6.86628139288071 
Car -1 -1 0 520.2861857891213 175.76624038417123 541.7658386079629 193.82833340641375 1.4487612 1.6111188 4.0926476 -6.5692825 1.701972 60.6426 1.5076535 1.3365306675843118 
Car -1 -1 0 402.82980830429005 175.66878756274775 484.86456066284444 205.02939955511056 1.481878 1.6039342 4.070658 -8.601707 1.6333265 37.724834 -0.15007521 0.9849127333892611 
Car -1 -1 0 477.2033588862329 174.01093196155355 502.5309070598173 196.82251531860587 1.5368975 1.5456403 2.8447385 -8.310016 1.6198611 50.25262 1.4761783 0.8991305163365994 
Car -1 -1 0 385.19732410588716 178.30220440975987 486.09637839396976 217.3661293382442 1.5094901 1.6188824 3.810815 -6.967145 1.7378426 29.206177 -0.12232925 1.6763265031013044 

