Car -1 -1 0 0.0 180.28637270219485 188.13345124304047 259.6021295562156 1.4553349 1.6774185 4.3052597 -11.296541 1.64062 15.816805 1.548548 90.34670082153939 
Car -1 -1 0 340.6840462234369 180.4250871131101 493.61234965086186 289.06413497031684 1.4624528 1.5542896 3.5110202 -2.9378788 1.6038222 11.715371 1.5683701 104.13102408832967 
Car -1 -1 0 811.1710246462502 170.07772172168205 1109.4317588843162 330.25297671224206 1.6586761 1.7574542 4.4210196 4.2679167 1.6299267 9.707956 1.5404468 147.9730141825549 
Car -1 -1 0 492.50031349329765 172.612217062515 551.5521407789255 223.9853571012589 1.6256744 1.6335133 3.8870754 -2.927497 1.6180232 24.79252 1.5503091 54.583653842800004 
Car -1 -1 0 670.6804213835414 176.67667747537567 716.5076526536013 208.59582656612466 1.4453918 1.5373327 3.453082 4.0107512 1.6396918 34.887905 1.4840552 28.945356869759085 
Car -1 -1 0 156.18029717602417 176.75104325964503 259.64740193139863 221.48376622668934 1.537562 1.6466904 4.2601633 -15.058462 1.6967968 27.329176 1.541643 36.58911157809106 
Car -1 -1 0 281.4922823466388 174.63495757833292 345.09827338431 206.00035821883478 1.5679927 1.6532058 4.1183467 -15.665955 1.667815 38.373756 1.5820732 36.83523434835356 
Car -1 -1 0 339.3957001200826 176.13312500364904 382.1089329901981 201.51530557880093 1.4782064 1.5961127 4.0174227 -15.328939 1.6904712 44.631863 1.4765935 13.130379754189706 
Car -1 -1 0 553.225247286817 175.1203767996345 574.3009827933041 194.17860646824704 1.4078349 1.5492318 3.5653174 -3.4990494 1.5880085 55.546516 1.5271288 10.03790633156284 
Car -1 -1 0 422.17596272419763 162.65112581158184 518.5508369278492 251.65277639340877 1.8304894 1.6497473 3.7359138 -3.1023073 1.6206477 16.738434 1.531889 71.07547361616403 
Car -1 -1 0 661.2034753750412 176.09539651881212 701.1451716070627 204.44775393317263 1.4569002 1.5728098 3.5495949 3.855721 1.6417756 39.32416 1.4949126 2.7139007995024778 
Car -1 -1 0 224.260581813119 176.44447709506895 303.75308780888867 211.9950420137257 1.4834063 1.6906569 4.312826 -15.558654 1.6572188 32.739426 1.5291294 3.3066890519553724 
Car -1 -1 0 1047.535142596685 179.5140911569279 1242.0 239.92296679648055 1.4719244 1.6063073 4.1998844 13.959359 1.6529734 18.69867 0.054201994 7.162179448763622 
Car -1 -1 0 0.0 183.1751133864929 151.12601688082214 241.1697253403644 1.4547913 1.5940795 3.8996623 -15.333051 1.7808564 20.801964 1.629003 0.9730984997226928 
Car -1 -1 0 745.0337005212866 176.620333661138 794.0627653820732 207.6649268788405 1.4443395 1.6011579 3.8743927 7.9122148 1.6422846 35.980843 1.5751407 1.6452600282181724 
Car -1 -1 0 513.5416847749069 175.24656667829882 558.1772109534036 211.60337017454594 1.4771938 1.5890663 3.8374634 -3.1574817 1.5880162 31.495567 1.5619287 0.2815104126930237 

