Car -1 -1 0 368.7652708559595 182.02612201708962 585.5215582170543 320.38464823795186 1.432831 1.5872388 3.7618673 -1.9643661 1.5823956 9.752415 1.0050805 97.24705143428857 
Car -1 -1 0 515.2283336128294 173.75770585341985 949.5445141785463 375.0 1.5879133 1.6109128 3.5324857 0.6855158 1.5977845 5.9539313 1.0239846 107.17543562159031 
Car -1 -1 0 312.80210151889696 175.5585649779682 430.47363952252067 221.3884810300821 1.5502317 1.6109726 3.7791286 -8.655224 1.6555262 26.351458 -0.60715145 20.29718875619933 
Car -1 -1 0 6.3288365562831075 179.0879830482187 86.95639369445256 238.09727899782246 1.4442661 1.6360196 3.6463287 -15.568993 1.63399 20.014887 0.9160713 40.190780854788805 
Car -1 -1 0 437.70029058671054 178.2679336367657 622.1884621944138 259.8719912558423 1.5126413 1.5677421 3.5750246 -1.6334479 1.6399108 15.279802 -0.6253973 22.90200928605231 
Car -1 -1 0 325.6896467036904 181.7946810648253 449.3147465330035 229.1230586466771 1.4115946 1.5487876 3.6337466 -7.266721 1.7242141 23.669426 -0.50754946 17.382735520744834 
Car -1 -1 0 370.20190962024526 177.14006352938338 519.0628714564332 239.0058425320024 1.5405991 1.5936266 3.6818979 -4.5120277 1.6694175 19.947397 -0.64003855 26.972058478630327 
Car -1 -1 0 357.6941142970584 178.84495862199034 552.214900045903 253.62245917919512 1.5372754 1.6584479 4.1970186 -3.5759785 1.6951675 17.079906 -0.65529275 23.49579027854264 
Car -1 -1 0 293.22935060889023 176.96786251209818 411.35037855258764 217.4709137483882 1.4619792 1.6295402 4.0620556 -10.061603 1.6348677 28.38104 -0.71042836 0.9987155520883786 
Car -1 -1 0 264.6256600680631 173.11261438859435 314.38624411093537 208.55623656886334 1.4866045 1.7069913 3.9534206 -14.433786 1.4989986 32.43753 1.0660776 0.9119927872655685 

