Car -1 -1 0 389.80849322513893 181.85815234987749 512.394273800035 271.4695129462275 1.4096782 1.5630354 3.643523 -2.820912 1.6017404 13.555054 1.5526551 78.097309834073 
Car -1 -1 0 753.2539978052604 185.5926839620354 896.9671583241301 271.2416533114599 1.3991529 1.5866905 4.0148115 4.1086044 1.6894318 14.41574 1.5464987 53.24393182223671 
Car -1 -1 0 835.1065125181966 187.99452819782994 1091.4308758555303 341.5071657016584 1.492995 1.577529 3.3462868 4.1262975 1.7175543 9.024856 1.5753989 115.2631352820485 
Car -1 -1 0 462.66801080540097 169.4097087285362 544.5037047874857 235.66925761791626 1.6449144 1.6453454 3.8780284 -2.807377 1.5594087 19.859837 1.5811565 82.0272804550112 
Car -1 -1 0 680.4487294297528 171.69665053204037 739.5821262798135 214.43343613125646 1.713753 1.7924433 4.1851683 4.2408 1.6673429 31.063751 1.5268266 63.98339712865113 
Car -1 -1 0 891.6904521301773 176.4763113703534 1034.0261852195667 224.36189779428827 1.5588846 1.6481276 4.0852575 11.981661 1.6872807 24.605747 -0.07248175 40.44787950771304 
Car -1 -1 0 504.99403064780324 176.66474525843205 561.510427215335 219.46087432064073 1.4469678 1.5954489 4.230592 -2.7627542 1.6002877 26.902344 1.5867003 28.355485672110593 
Car -1 -1 0 826.8714969751333 179.4821020073462 921.4402921070368 213.36344454455548 1.5486166 1.6401621 3.9013808 12.558225 1.8733666 34.360035 -0.090161644 26.70054428828431 
Car -1 -1 0 654.7793730077834 176.29767351432636 677.5816970903821 196.30544290795217 1.499301 1.5670345 3.4822345 4.400281 1.7769811 56.427048 1.5877063 9.89024300357978 
Car -1 -1 0 59.11899350764203 117.63811339197497 461.23622418103577 375.0 2.0008748 1.8291334 4.6181045 -3.0307586 1.6014028 7.5649905 1.6121166 22.747338873270525 
Car -1 -1 0 872.7736323502204 179.80878615200098 974.5919144550963 218.57767294861694 1.6073344 1.6400672 3.8469586 13.708052 1.923072 31.551834 -0.211173 0.3101564049720764 
Car -1 -1 0 565.8805499744968 173.14065607087844 592.6704013361001 187.62296992155512 1.5038123 1.6069697 3.711299 -3.2582686 1.5352161 77.02502 1.1529107 0.30047836899757385 

