Car -1 -1 0 674.7474023489608 179.57394972761423 746.9108828569296 235.99747239736607 1.47019 1.6379383 3.8648582 2.8795216 1.6858401 21.209461 1.586991 86.17041700794059 
Car -1 -1 0 350.7418668631448 188.11189006457806 483.3213132516546 280.36871809477896 1.4377906 1.6087766 4.1400495 -3.5525622 1.7789574 14.036146 1.5350417 68.05094843613718 
Car -1 -1 0 746.3931639777878 175.99035782875058 960.3599733633615 319.59967854447945 1.5842904 1.6747967 4.0481515 3.1059988 1.6369796 10.085193 1.5856422 100.46104925959534 
Car -1 -1 0 140.99269995360737 195.3293370854138 425.9445096358401 364.84599191118843 1.4416492 1.6050228 3.9784307 -3.520905 1.773427 8.658037 1.5757982 65.2619694005685 
Car -1 -1 0 507.4278146188485 181.93284161743807 550.9263667697039 217.47846557740093 1.450043 1.6041613 3.7130532 -3.5378313 1.8795631 32.263416 1.5503219 21.89812945843801 
Car -1 -1 0 428.09889009913917 183.553794494071 515.8970344093126 246.51104127620104 1.4625329 1.6239588 4.0612426 -3.5919228 1.7817531 19.490213 1.5637146 31.251269492027095 
Car -1 -1 0 637.6074361639074 176.78949995764893 662.5262284124395 196.31626653567676 1.3712828 1.712235 3.7951021 2.9625146 1.6727705 53.35898 1.5929751 2.5184528260129504 
Car -1 -1 0 675.7752804546059 175.53649122657984 693.0600284923422 190.4882507377929 1.4379176 1.6595109 3.6674051 7.4442134 1.7125528 71.97193 1.6590153 4.344899438128567 
Car -1 -1 0 167.77256484324468 144.63883541631427 320.5485630794022 216.99884410514846 1.5987794 1.6727047 4.1100626 -8.90589 0.9753711 18.012392 1.5893137 2.6309414080851776 
Car -1 -1 0 543.9149438924952 178.4848767783779 572.9988624218297 202.96034912435726 1.5060439 1.5907271 3.9081063 -3.3081322 1.8901923 47.262764 1.5807176 0.9286526809620759 

