Car -1 -1 0 408.3833546591158 195.07640977466102 535.2443705755865 292.30019371001737 1.4419065 1.5993237 3.8046026 -2.4086366 1.9162257 13.487984 1.583948 106.03710754499652 
Car -1 -1 0 769.726002983478 193.48060811818743 1016.724934339647 375.0 1.5008109 1.6026659 3.4824505 2.8695588 1.7830336 8.079594 1.6405175 78.14015439259163 
Car -1 -1 0 695.4798031138001 188.15555546133567 775.5089363102778 249.0864144433561 1.4351414 1.5739607 3.4817746 3.3264613 1.888011 19.612415 1.5727763 107.82597132759365 
Car -1 -1 0 674.5078330927312 184.21088886495372 732.5361001080398 231.29749697880445 1.5153666 1.547013 3.441392 3.2913256 1.9488199 25.79928 1.5460094 35.241844712571194 
Car -1 -1 0 1082.7117701338946 212.69773724373684 1242.0 297.22857851292474 1.5250268 1.567636 3.604426 12.112818 2.4166226 15.0828495 -0.16138893 50.70722836641826 
Car -1 -1 0 476.3858030107768 189.6231405141276 552.500581020616 256.6575460470508 1.4730331 1.5692011 3.6457899 -2.3572242 1.9485462 18.618488 1.5460424 32.907166495175126 
Car -1 -1 0 507.7934247217937 188.0589451839145 567.484242489683 239.67870034622672 1.4795073 1.5537224 3.482059 -2.266983 2.0108032 23.461895 1.5829012 21.140302641295897 
Car -1 -1 0 531.5730705921903 187.64766950689412 576.3408813958706 228.039797733974 1.4085172 1.5880613 3.8378897 -2.1379638 2.0332 28.5257 1.5403616 1.8935099553772805 
Car -1 -1 0 659.3160532232588 182.6693117374046 697.1476311731423 213.86425898089456 1.5038701 1.5966039 3.7738545 3.5549364 2.044777 37.86941 1.5625548 1.9365002195539323 

