Car -1 -1 0 681.3930917981365 183.83089234231122 757.9653681591996 235.538213323286 1.4136932 1.5726538 3.570102 3.3198502 1.7817167 22.349926 1.4923856 77.33878894440542 
Car -1 -1 0 634.2720496709348 180.71663891334853 685.0597458526084 217.9587142684154 1.516052 1.6085767 3.742203 2.1699905 1.8875766 32.144753 1.4587672 40.00072047102817 
Car -1 -1 0 0.0 187.45926283494853 405.87786109583124 353.12390147849607 1.5002077 1.6634188 4.311457 -4.806424 1.7101598 8.6085825 -0.5001288 114.64505308185645 
Car -1 -1 0 230.8385326794789 189.42337394253374 467.0001491865332 277.9736655554098 1.4359614 1.6032631 4.10608 -5.0342784 1.8002987 14.111398 -0.54827535 59.01941323966179 
Car -1 -1 0 309.7410217879701 186.5906843130157 493.1799932305687 257.8302208412295 1.4639025 1.5931498 3.9208374 -4.9043083 1.8214662 17.123844 -0.5141227 33.257401548708025 
Car -1 -1 0 368.4178822927808 184.32896514422598 515.5757441098825 237.66565253002307 1.4756639 1.6290482 4.170269 -5.171483 1.8583354 22.375336 -0.4809743 22.735596806945587 
Car -1 -1 0 412.45426653782994 177.31734943686084 511.21166545348075 221.56326001115636 1.5997192 1.5776229 3.4146643 -5.7134085 1.7826686 27.991137 -0.56877524 20.9980231715094 
Car -1 -1 0 558.0585593592494 174.89821078062215 593.64157456761 199.28410059108015 1.7763143 1.7816515 4.258018 -2.624857 1.939297 55.235023 1.289958 6.740854576296083 
Car -1 -1 0 618.0085643222312 180.0930967697418 658.9565394297915 211.81621182105894 1.5083525 1.6368349 3.7255988 1.4372443 1.9000808 37.115963 1.4812368 5.133022670525774 
Car -1 -1 0 727.6391165323944 144.65990440889797 962.067653716329 315.3654210902583 1.9549788 1.9053975 4.8971066 3.0961196 1.6320902 10.716401 1.5755991 0.8313143441927593 

