Car -1 -1 0 33.13075917119901 196.4900296289653 203.79434475949654 275.0992322557327 1.5963113 1.6347272 3.8604002 -11.864544 2.2422047 17.770147 1.5496398 102.0274807920554 
Car -1 -1 0 474.9204039357632 189.88897083576245 552.6723718048333 251.03015696229733 1.64502 1.7035971 4.037153 -2.896263 2.227769 22.622288 1.6236855 81.00165280757678 
Car -1 -1 0 695.0370921090357 191.60840079123858 749.9520746905406 232.0853380069239 1.4434874 1.642407 3.408315 4.4795194 2.2426052 29.031586 1.5600729 32.158394053187926 
Car -1 -1 0 320.4952662984554 196.80970033246038 378.21114796140813 226.54229760513974 1.4496483 1.6183149 4.021108 -14.538347 2.8634028 40.5321 1.6225549 27.075965199641963 
Car -1 -1 0 511.54615652245576 186.3162168963296 565.0899416278735 231.65995560893617 1.6979458 1.6722114 3.8866787 -2.9092503 2.2980049 30.178799 1.6208265 49.260835339294196 
Car -1 -1 0 675.6924343284328 189.68064898662612 711.7462716120212 220.12067947603865 1.47533 1.579869 3.4481175 4.4620194 2.416616 38.62661 1.5866407 5.11390441397695 
Car -1 -1 0 360.4022288978238 193.57977782071012 409.08353281883444 219.9803092758841 1.5216041 1.6087226 4.0070915 -14.54892 2.9282575 46.902164 1.6619244 5.799956791511543 
Car -1 -1 0 748.6030145833175 186.4783993624571 810.356618065234 207.27273352688053 1.497803 1.6396048 4.218258 12.70496 2.5362256 54.081146 -0.044555757 11.139617689692153 
Car -1 -1 0 0.0 198.64948865034788 120.16941158328233 259.01217367903354 1.4759712 1.5979611 4.0630827 -16.426376 2.327868 21.661852 1.3174393 0.703881538143389 
Car -1 -1 0 532.2906683407411 186.66615199763848 577.2003738690029 223.94324328333326 1.7189058 1.6981548 4.24658 -2.7515812 2.4700887 37.063293 1.641572 1.2793937859942681 

