Car -1 -1 0 411.5217941076204 184.86212589261817 518.0912807396278 268.38234038606157 1.4901469 1.56149 3.4281874 -2.8997746 1.7698464 15.087158 1.5641016 83.53819293833567 
Car -1 -1 0 95.01120561151127 180.62373200522927 215.74926659027065 229.55092963076515 1.470985 1.6418605 3.8280554 -15.082247 1.7523518 24.215004 1.5709876 65.16389575953121 
Car -1 -1 0 236.64768213630373 192.22144247945144 487.81509935553885 358.5950558795438 1.4385074 1.6101193 4.15676 -2.6592157 1.7309468 8.809498 1.5796002 89.1682724824662 
Car -1 -1 0 177.35454809534232 182.91276406779937 303.1680996519049 237.78283586824244 1.4816375 1.7232894 4.3878956 -11.322165 1.8260016 22.49696 1.5576752 67.94570704319152 
Car -1 -1 0 511.15263895493786 180.9795814052704 560.9017463337615 226.25727139440485 1.60183 1.6298066 3.7787104 -2.7996683 1.93993 28.116665 1.5498006 34.343422422230645 
Car -1 -1 0 769.3462407442971 178.97721608118445 961.2866639477404 295.10967512429676 1.7004335 1.7788213 4.4625697 4.336123 1.8304174 13.05987 1.5407774 112.1196958602393 
Car -1 -1 0 1057.1935084176996 196.51716944572456 1242.0 271.82387002223135 1.5359452 1.6597245 4.2296934 12.713396 2.1037254 16.324966 -0.07588276 82.24196425506346 
Car -1 -1 0 666.9918708675716 187.1159812304277 710.860105851273 216.5020136383383 1.4091492 1.6077335 3.5899844 4.15824 2.202567 38.27531 1.4727622 22.095589929175144 
Car -1 -1 0 361.582211791744 182.0567488412718 400.6722790003137 205.75676621871415 1.4606302 1.5838042 3.961708 -15.164318 2.0996363 48.072395 1.5049945 10.86012667027048 
Car -1 -1 0 458.8123941318995 173.07087372004395 537.1758935228554 245.08233352168017 1.8137631 1.6447477 3.8105168 -3.0040789 1.8203812 20.101772 1.5565864 56.06791940560662 
Car -1 -1 0 663.7529143561518 186.51894479822738 696.7601064266858 212.64578247327523 1.4045626 1.553986 3.6080997 4.1228614 2.243723 42.497246 1.5601885 5.1420141847109715 
Car -1 -1 0 559.5529413416602 183.03604247156585 579.8674334518439 202.08457682900433 1.4542276 1.5921851 3.6264017 -3.2267544 2.311327 58.895454 1.5331925 4.206900277477873 
Car -1 -1 0 732.0933426157028 185.0995261960599 774.0250573247657 214.57482031408597 1.4560825 1.5988477 4.172291 7.7966247 2.1624882 39.511124 1.6048081 18.236815790717497 
Car -1 -1 0 982.5969610507053 192.73616051269215 1143.4098012557954 242.810144789706 1.432355 1.5663822 3.9277406 13.790167 2.063178 22.086468 0.011923906 6.600024638124313 
Car -1 -1 0 315.9964763389224 181.37609540397725 369.1632517320427 210.5077934901368 1.5600232 1.6332704 3.9917738 -15.397814 2.0775385 41.8135 1.5621978 6.724827074534084 

