Car -1 -1 0 676.9175252207914 179.08250181608733 761.0292428879326 240.76718672197046 1.4443469 1.6478395 3.7643402 2.7961218 1.6260297 19.161291 1.5665162 93.62465853669235 
Car -1 -1 0 747.3501868205659 187.74224485489543 1028.8824322648143 353.5299815030976 1.3897095 1.5877515 4.371612 2.9176695 1.6137397 8.650928 1.5438735 122.88361295861418 
Car -1 -1 0 635.2861199952787 176.59934765877995 672.8063797186277 209.57632741278903 1.4379501 1.5541842 3.5255568 2.0276308 1.6217023 33.63185 1.5773993 37.48305629524684 
Car -1 -1 0 149.78682944600098 182.70587125752462 251.14295839937824 221.71632522499706 1.4610868 1.7050319 4.3939276 -17.058025 1.9057915 30.355968 1.5908539 75.70031332958011 
Car -1 -1 0 0.0 185.89342165252577 119.30606447665284 242.20542545441623 1.4631704 1.6528401 4.1317673 -17.088732 1.8949766 21.804768 1.6001908 39.265028452605705 
Car -1 -1 0 659.7423123385036 176.67014834828598 719.7923482670229 225.38397638716637 1.5181844 1.6211858 3.8436735 2.6671562 1.659058 24.712027 1.5685561 27.845400051778768 
Car -1 -1 0 234.37057502532588 181.76101749135216 302.64731286527075 214.04485422035097 1.4714019 1.576571 3.6256135 -16.80721 1.9352343 35.736717 1.6031134 11.45684399657573 
Car -1 -1 0 552.4680613584769 174.40729499770455 597.938394883177 190.2992650526754 1.5457425 1.6600213 4.213806 -3.4101524 1.7031853 71.78977 0.26115352 4.881149209413566 
Car -1 -1 0 307.23673154613937 173.8952114623915 350.9231453825201 192.06649537682978 1.5036718 1.592154 3.7051892 -24.027908 1.5959294 61.934505 1.8426956 1.9407818980261913 

