Car -1 -1 0 732.6833127627011 191.8680702345646 894.7280599643803 302.664616625523 1.4288313 1.5816858 3.5968914 3.118591 1.7856357 11.732558 1.5594504 111.72883966485261 
Car -1 -1 0 343.92715848828976 190.61830024824565 500.58094373139784 318.67651671301854 1.473358 1.5557543 3.6216657 -2.5678465 1.781517 10.665814 1.515922 104.22577639877801 
Car -1 -1 0 691.29089335213 182.3621732620894 779.2041022026576 255.1899176946695 1.5734248 1.6072167 3.6425312 3.006834 1.8335319 17.903185 1.5886467 95.83374202519335 
Car -1 -1 0 432.5983908998997 185.90226306002594 533.0076231080418 268.89292107240243 1.5165071 1.5506641 3.3900592 -2.5897694 1.825899 15.413281 1.5703793 55.939692861782206 
Car -1 -1 0 662.7132936786683 178.99989111079125 705.7024999032847 218.3178922191116 1.4947293 1.6098927 3.9489858 3.0518515 1.7681346 30.079777 1.6297313 20.75761075990464 
Car -1 -1 0 634.5860493007743 179.41498587829466 671.0053753970476 196.64083080802067 1.5377569 1.6758022 4.0664415 4.0544004 2.1785955 68.28002 1.1233728 14.277031728806678 
Car -1 -1 0 680.3680299723142 181.0507984381823 746.063849170918 232.73799735981638 1.52287 1.6220505 3.9820404 3.3407588 1.8168929 23.886753 1.5759182 15.678316010487093 
Car -1 -1 0 474.3078386169107 183.7887278379194 549.1571314176226 243.92564659976267 1.4810187 1.5889254 3.768309 -2.6604013 1.8178875 20.342133 1.5737178 17.90205298328566 
Car -1 -1 0 549.916898041797 181.91305694382032 573.1454244789151 204.0991209347392 1.451473 1.572413 3.9938798 -3.4187043 2.1167793 50.93644 1.4897326 0.7280773988929446 
Car -1 -1 0 500.0106639049698 176.47108436697624 556.6861381874858 225.79520293736297 1.5818682 1.6204326 3.8707352 -2.7794857 1.7188432 25.37503 1.5538137 0.5972263879306532 
Car -1 -1 0 207.2421937081337 188.63193354437507 338.0863030683706 232.36423472650864 1.562669 1.6387918 4.1891737 -12.664671 2.1780238 27.274174 0.022593647 0.2603374421596527 

