Car -1 -1 0 732.4780490452985 178.9491873568685 933.7802867826998 254.65800624141474 1.5375733 1.6098348 3.8577754 4.7449985 1.6770469 15.651372 -0.028353214 96.22186272692602 
Car -1 -1 0 676.0588461724338 178.3709860306402 819.7142510133125 227.24541848382728 1.502766 1.6599953 4.2907696 4.404916 1.6885103 23.345867 -0.054996863 34.910769557129306 
Car -1 -1 0 816.3814639264516 164.68945853186636 1242.0 363.4828771717969 1.7797785 1.7172923 4.2284904 4.5341887 1.7066821 7.536757 -0.1056925 97.66502038787986 
Car -1 -1 0 711.4748432977418 180.77721157429917 875.0678396117017 243.70870845054614 1.4841613 1.5767891 3.7019386 4.6022863 1.6965859 18.310827 -0.13706629 20.751824980458778 
Car -1 -1 0 471.7579147041211 188.6165780584219 512.6525318544269 220.11941624151328 1.4264928 1.5859067 3.85488 -5.89513 2.2684903 36.586376 1.5325174 23.8304987430776 
Car -1 -1 0 624.4629277933993 175.52073852197353 675.5652755479584 193.71803253522245 1.4740587 1.6349798 3.979385 3.390325 1.7045181 60.651215 0.5245856 14.673004985247148 
Car -1 -1 0 447.52999159963775 189.2642383230728 494.3304295181843 226.16499010303338 1.4255971 1.57801 3.6467025 -5.975327 2.1827517 31.416805 1.5003797 4.916415212966902 
Car -1 -1 0 590.2822474721291 181.21289012127488 614.1010267642184 197.52847744918273 1.4652603 1.6136094 3.8278236 -0.7321778 2.2871575 68.913864 1.380018 1.1083606477077323 
Car -1 -1 0 494.32144426596483 186.53541926628856 533.621818826507 214.6164042186604 1.4757569 1.5871454 3.9594555 -5.49745 2.3083615 41.896194 1.6168315 1.0544370809044532 
Car -1 -1 0 378.4633280347466 191.0112125861691 450.3241325226847 239.74083728471598 1.4207807 1.5642847 3.0613568 -6.340317 2.0565188 23.723883 1.5596397 0.2571198046207428 

