Car -1 -1 0 584.0197492560848 192.55970289599549 653.7197734336189 251.45353181506806 1.4740045 1.5830176 3.8215604 0.3620648 2.1133158 21.404451 1.714374 82.38729953604994 
Car -1 -1 0 791.4224313554338 189.8887131755028 893.2102013369412 275.21420910439764 1.5126919 1.6441443 3.48098 4.8358445 1.9202032 15.398224 1.7572178 78.65734540148135 
Car -1 -1 0 400.61287316097287 197.2513791392324 586.7290815427409 326.4618219509341 1.4846833 1.6423396 4.0812607 -1.5652648 1.9377875 11.251301 1.7383193 101.43108657751789 
Car -1 -1 0 771.4001315159655 189.58403897337985 826.223557949154 232.6859965395328 1.404459 1.5560253 3.5015297 6.9539456 2.0680265 26.778841 1.7060596 49.36653743022492 
Car -1 -1 0 613.8898113255264 191.6679434837413 665.5675984651098 235.95781981470267 1.4126606 1.5558959 3.637426 1.1705465 2.1545625 26.544207 1.7091879 15.38107710800565 
Car -1 -1 0 1100.0891588680354 209.7886858096518 1242.0 277.3107914320484 1.5225451 1.5650301 3.641667 14.86858 2.51305 18.354485 0.1203899 22.362199995038893 
Car -1 -1 0 1050.8218293351513 203.6755342926364 1229.9554563172228 261.7252636026076 1.5537629 1.6054659 4.0168715 15.411701 2.4917507 21.094383 0.03074061 1.7373098517490921 
Car -1 -1 0 633.1592944037241 189.383645341873 676.0180696442311 226.84420515987298 1.4436164 1.5560241 3.5840018 2.0062506 2.2052562 31.359005 1.719404 3.4007982130183385 
Car -1 -1 0 765.5117583988185 186.9121206477589 805.6722097806465 223.1124944205491 1.4771907 1.5855718 3.6668208 7.973469 2.156249 32.904583 1.7566233 0.8965844956175141 

