Car -1 -1 0 679.706900500042 178.77593259656763 792.5623057842811 263.21489773458944 1.500369 1.595854 3.731281 2.4822013 1.6387279 14.971619 1.5441095 54.998407084731284 
Car -1 -1 0 103.57574734944559 195.73243917001568 237.21824437879903 262.712383186052 1.4977533 1.5425742 3.4279265 -11.443553 2.1575556 19.066673 1.5326885 64.48759826062793 
Car -1 -1 0 196.35396191769973 190.70571577112167 495.63079917527097 297.31278791660293 1.4455359 1.6107103 4.0160017 -3.920518 1.7440712 11.088703 0.087432295 133.9493393026114 
Car -1 -1 0 0.0 200.02151022039897 150.21881252458968 294.63189649679435 1.4736139 1.6320324 4.164308 -11.344784 2.1019568 14.571113 1.5255193 43.24138831988488 
Car -1 -1 0 205.49863290257267 193.48980449495255 335.2513229794766 261.493854308068 1.4674697 1.5916735 3.7146184 -8.555487 2.05127 18.555164 1.5704178 24.163362155769097 
Car -1 -1 0 634.6944063018053 178.03742088745815 696.0925832311934 225.23096070723128 1.5356104 1.6240861 3.5667727 1.9184389 1.7337186 25.73018 1.4845412 27.580755670141322 
Car -1 -1 0 449.5768302128623 183.01503118727442 546.7867837475136 225.97854551897902 1.437345 1.6334451 4.0993557 -4.261674 1.8492875 27.184597 0.8349769 35.58110750847123 
Car -1 -1 0 427.3041483089667 182.936002953524 463.8923457528078 207.32746254524494 1.6099627 1.6401522 4.023097 -11.610958 2.3552978 51.319145 1.5839987 5.398778340293947 
Car -1 -1 0 715.2219274274856 133.63252910805465 972.8454977178346 326.7646774965362 1.9227396 1.8586435 4.646742 2.6777978 1.5322677 9.513075 1.563862 72.8460015600744 
Car -1 -1 0 291.372733080626 186.50715319189084 441.9328783731304 266.4365906143401 1.5114391 1.5849574 3.6876247 -5.4857426 1.8505023 16.0932 0.73642564 6.887632218581047 
Car -1 -1 0 385.75310016432877 180.94547008020362 426.41490680137696 208.869402302408 1.4563109 1.5533859 3.515859 -11.369547 1.930836 40.49866 1.4882038 1.4266181397274722 

