Car -1 -1 0 461.9371630841328 174.60925686174534 539.3417049682741 238.24511576552746 1.6117367 1.6452999 3.95234 -2.9687314 1.6661339 20.37284 1.5556424 89.97200872754077 
Car -1 -1 0 127.5806944366426 184.4307335834209 432.1447624075801 375.0 1.485171 1.5858729 3.4634726 -2.9818301 1.6309617 7.334835 1.5447532 143.54338834282532 
Car -1 -1 0 50.8952566490374 178.83088348941558 191.6410784778474 231.55510559400832 1.4682697 1.6739304 4.2491317 -15.175514 1.674431 22.734867 1.5349135 52.80459761000633 
Car -1 -1 0 675.7520710888423 181.79199831170104 731.4824171728625 217.87598450015614 1.387919 1.5638708 3.5756721 3.9141896 1.7891176 30.530293 1.4702749 46.733480626282436 
Car -1 -1 0 546.8910942099526 176.5582106067802 570.2840505466904 198.68579214025283 1.4934981 1.5967798 3.5642729 -3.618694 1.7655232 51.151154 1.4968178 12.727045153424218 
Car -1 -1 0 154.7050700370754 177.84331332935167 255.91828347613787 220.31469145800932 1.5012792 1.6428972 4.224528 -15.612128 1.7105203 28.13227 1.5517986 22.480663507478635 
Car -1 -1 0 881.5416310957327 186.20011230301532 978.566666183508 217.63157084718048 1.5244744 1.6379387 4.1821604 16.163132 2.2150123 36.512615 0.00063748116 19.919409758840157 
Car -1 -1 0 495.9554868520749 178.44883691518402 549.1966038585228 220.7367814072599 1.441831 1.5929916 3.7984629 -3.1866407 1.666157 27.018627 1.5549936 9.349428715819393 
Car -1 -1 0 343.7483652384197 162.76860553660168 489.737747783336 287.07846523672964 1.7924786 1.6387712 3.6168084 -3.0857704 1.6470528 12.243626 1.531156 94.34822006336107 
Car -1 -1 0 235.49353318861745 177.30541283061828 310.91461428531557 211.8008162176869 1.4981383 1.6286569 4.3288064 -15.773991 1.7218711 34.082542 1.5475373 9.31857517828224 
Car -1 -1 0 666.0438363340928 178.39587803438613 710.5725607854455 210.0841637893959 1.4297233 1.561348 3.5531898 3.768367 1.7126603 35.01491 1.5069828 2.3518964207711823 

