Car -1 -1 0 384.5659290215766 187.2558310805499 456.7511084103556 247.67782759935687 1.4638636 1.589385 3.8796074 -5.262474 1.9135226 20.490252 1.4186136 75.4939150266969 
Car -1 -1 0 726.4790095695943 192.323235208931 915.0956214247117 274.52969226250366 1.5606947 1.580153 3.4960022 4.4117193 2.0021648 15.284677 -0.1712404 33.16097821926937 
Car -1 -1 0 660.5430596683368 189.99748637007045 786.3738231287598 242.27624033385584 1.5370593 1.6004999 3.644209 3.574004 2.1068954 22.940653 -0.13765162 23.649100250161926 
Car -1 -1 0 820.8225534026907 197.2637060396183 1133.5354814897507 324.746095974569 1.4837855 1.5525057 3.5899353 4.924509 1.8534323 9.865489 -0.16532522 34.55572486880232 
Car -1 -1 0 718.6663413404377 194.88495438184282 991.8219208907046 298.5115138153757 1.5295032 1.654964 4.1828537 4.149755 1.9458275 12.404103 -0.20237893 43.20376750722244 
Car -1 -1 0 433.33676988002964 187.74979782505284 477.1918707365236 222.51476116483164 1.3815176 1.5620036 4.03222 -6.899036 2.096909 32.559776 1.4545549 10.913874740023832 
Car -1 -1 0 674.2985047052562 195.51911918602204 822.153960726793 252.35664697380767 1.4353654 1.5616914 3.721078 3.7610383 2.089874 19.901527 -0.08421237 13.196565356996476 
Car -1 -1 0 537.6003143730157 186.14779200266403 560.8528220247989 206.50100915592816 1.5374138 1.6355789 4.003126 -4.9926414 2.6696467 59.351112 1.418803 5.182637771389895 
Car -1 -1 0 610.9056101365729 183.8606669334842 700.4267834033981 219.52249810320785 1.5291288 1.6149938 3.796763 2.0530677 2.0434015 32.65291 -0.13748088 2.122053861716794 
Car -1 -1 0 641.7322733740707 191.7275328662014 758.4672280376008 237.3848641528055 1.4685528 1.5967925 3.7485952 3.1364663 2.159346 25.276691 -0.18670638 1.3139918494626588 
Car -1 -1 0 615.188531993649 190.79674735752909 717.6156791337638 227.7240977978992 1.4241791 1.5666693 3.9871807 2.321042 2.1941814 29.908848 -0.14089045 3.2814716518351092 

