Car -1 -1 0 758.3386185127564 182.10770114768374 873.9631922079257 263.00967978959125 1.4972713 1.5906634 3.1723945 4.2578416 1.7142329 15.318275 1.5869718 92.5614976434268 
Car -1 -1 0 214.4961839838844 181.53252878168996 471.6438267521682 355.4052419629379 1.6330872 1.6796651 3.909535 -2.9582705 1.7643781 8.944674 1.5904953 112.30563968957597 
Car -1 -1 0 154.26125527698616 185.6086146142917 254.14251390855404 228.3803737270905 1.4041393 1.5801578 3.754265 -14.862204 1.9090705 26.685879 1.5724692 36.355462102787115 
Car -1 -1 0 722.4646235577545 180.60946382701465 802.7956013059833 240.88061362056752 1.466619 1.5673985 3.504806 4.099987 1.6984687 19.792767 1.6042315 51.03504425668156 
Car -1 -1 0 685.7398938136084 178.55364887092753 735.8506490170988 214.77024519369235 1.4018166 1.600977 4.016172 4.2204485 1.6593021 30.579435 1.5815059 16.2238146522893 
Car -1 -1 0 243.3934058468735 180.4499823284449 322.72465484570466 215.97977008642778 1.4833958 1.6111926 4.2138567 -14.897352 1.85512 33.17395 1.6086628 23.426579481191354 
Car -1 -1 0 481.471175037358 174.58559585739536 556.2440614657054 231.46749512037 1.6569784 1.649837 4.4570837 -2.831557 1.7186387 23.424929 1.6226768 33.99093412083346 
Car -1 -1 0 412.6891849195101 170.30752693981512 523.7693417075054 258.38693117721704 1.7640541 1.6479428 4.006175 -3.0750299 1.7130532 16.4767 1.5992837 96.19251767164909 
Car -1 -1 0 516.9090975812376 180.55507249830305 564.302648697503 218.46732303254024 1.4133738 1.5726643 3.676691 -2.757751 1.7477572 29.488237 1.5744531 13.710210557550091 
Car -1 -1 0 701.2591287158972 178.90142628106543 768.3499814685215 225.58283627645275 1.4804156 1.5935736 3.4820974 4.280397 1.7057889 25.11596 1.5272814 11.869287083586185 
Car -1 -1 0 667.525901665453 172.01063629425164 700.9736871018764 198.20620818582654 1.6231325 1.7045988 3.7428334 4.874404 1.5708756 46.723267 1.7979361 12.915721450963243 
Car -1 -1 0 380.80161143393514 179.75518379928997 421.14958945231814 202.19683652093065 1.4408596 1.5992264 4.220962 -14.321834 1.9369309 49.747307 1.5608324 4.684697927520172 
Car -1 -1 0 346.3184759745255 179.70299765845056 394.4917912937895 205.71867892519222 1.4947808 1.5651305 3.589016 -14.615688 1.9325085 44.271114 1.6383755 10.337628273309512 
Car -1 -1 0 789.7027425843869 177.66993179513756 872.0427859507961 206.44220602496236 1.5690289 1.6343522 4.143162 12.384854 1.8456321 40.544613 0.03882367 13.225491087408162 
Car -1 -1 0 306.7409886929182 177.4583143897335 367.48997524450635 207.2894293486355 1.5039262 1.6160775 4.0130467 -14.66156 1.7661381 39.048767 1.617763 5.83534407832954 
Car -1 -1 0 532.8379553564484 175.5577302840031 577.2963273823169 209.9994477274094 1.6058741 1.6601987 3.959205 -2.6592035 1.7483609 35.993237 1.639497 5.618858697642095 
Car -1 -1 0 757.6449966001882 174.1170554391388 793.2551543710193 196.71737576879397 1.538626 1.6631403 3.802174 11.733318 1.6316496 51.238045 1.5732942 3.936613692201551 
Car -1 -1 0 649.9137269282774 175.8879049525431 667.8647491243237 192.09007728464317 1.5658708 1.6176363 3.6911159 4.9192777 1.8776675 72.29184 1.5906506 0.2695513665676117 

