Car -1 -1 0 584.298632052373 175.1566556444878 617.1075825725591 206.90441464626605 1.6033546 1.6709986 3.7366042 -0.5135536 1.732621 38.61022 1.5369573 30.598233751651126 
Car -1 -1 0 0.0 196.03408206398643 256.0177026349419 318.7332640273565 1.5404575 1.6226718 3.7813382 -7.2813497 1.8941607 10.18933 -0.0048868605 91.58105800834981 
Car -1 -1 0 116.91982128269467 192.11308086917643 342.5367875958558 269.0197234964902 1.4898322 1.608697 3.9081411 -7.8770294 1.91726 15.199417 0.004989774 77.62411110922433 
Car -1 -1 0 214.82286022124535 187.9155178488232 387.9304676552092 254.26500589843286 1.5111334 1.5859789 3.564271 -7.4430585 1.8975196 17.663883 -0.030150602 46.62437470534235 
Car -1 -1 0 382.10943521832314 179.99082173183024 482.1529286655896 215.62277081718153 1.5478811 1.6511703 4.0946856 -8.003632 1.8814456 32.732437 0.08234717 25.97442845696601 
Car -1 -1 0 314.7817602670924 179.4630877651382 453.94023698328425 230.38296125460738 1.6784139 1.7118219 4.262354 -7.688389 1.9144617 24.89085 0.011024527 39.16369798581024 
Car -1 -1 0 284.6206715517899 184.15555481682716 421.0102095365292 235.540547358589 1.519185 1.5952626 3.704153 -7.9940605 1.8881974 22.646452 0.06309842 9.67886402111053 
Car -1 -1 0 1118.5422284256806 153.34543421205595 1242.0 205.02665674112063 1.4547734 1.6404884 4.1750717 18.50478 0.9056272 22.539257 1.3089557 2.3217894619917 
Car -1 -1 0 454.65801871881723 179.56224453344677 519.2308831242707 203.53395688377847 1.5223166 1.6464739 4.004283 -7.990103 1.9703025 47.261658 -0.050708827 5.901346988179626 
Car -1 -1 0 549.3833929557219 178.14862435287128 569.2888369028863 196.8674035006483 1.4969826 1.6183243 3.7575412 -4.252763 1.956927 60.74022 1.4870727 2.30922741482236 

