Car -1 -1 0 750.4144967950315 191.18446827057653 1066.0827465807633 375.0 1.4493644 1.6322396 4.412488 2.8745959 1.7116456 8.099741 1.547873 132.7991361778162 
Car -1 -1 0 448.2583307870281 187.5753378380234 528.6775011036893 245.8759661988287 1.4891901 1.6625063 3.8627386 -3.478232 1.9647487 21.361238 1.5904706 99.13882059714398 
Car -1 -1 0 702.556252110934 183.94017977228785 805.144791208251 263.34626149728285 1.4841396 1.6237177 3.7390974 3.046812 1.7576852 15.909213 1.6025147 83.95457007824007 
Car -1 -1 0 799.0876402329437 181.67548832345253 916.4764435574455 227.39421313243852 1.5062193 1.567411 3.5820003 8.546768 1.8240652 25.064526 0.08511252 57.04077712479385 
Car -1 -1 0 176.82025250778918 175.1614515737278 450.26431535699993 343.05382471121914 1.7211988 1.7554303 4.3183193 -3.5549657 1.7590522 9.646988 1.6072809 129.59802205735008 
Car -1 -1 0 659.2301921690457 182.76032322914347 697.0780485217995 213.4319918119214 1.4531889 1.5964184 3.8994818 3.5040498 1.993411 37.39676 1.572265 12.309705206484761 
Car -1 -1 0 486.5901940283755 186.68689005950262 547.1398836739463 230.44539810382997 1.4161537 1.605106 4.1000414 -3.3494017 1.9684048 26.733643 1.5996878 8.762585444716425 
Car -1 -1 0 81.71079855735097 190.53278771193118 319.09209674759495 302.736917992993 1.4226038 1.6020404 3.9213355 -6.3360634 1.7585111 11.739342 1.5829995 12.307702848423277 
Car -1 -1 0 546.3121420260916 183.10163589615632 576.0235342281512 209.90956375870323 1.5111305 1.5897154 3.9411418 -3.009142 2.1694593 44.29815 1.4446541 1.170656842044511 
Car -1 -1 0 513.2351118322149 186.2538896352738 563.3350836663708 222.55519558728128 1.4486308 1.6274806 3.9037137 -3.1215017 2.0849879 32.26724 1.6326125 0.5558097322469449 

