Car -1 -1 0 585.5832321910727 163.65814222716878 671.9546539139162 201.9624378293511 1.4564261 1.6016004 4.0426373 0.85972416 1.1067762 29.555466 2.1700757 42.78382367862452 
Car -1 -1 0 614.6817751365119 163.40185663816615 775.1641146968667 220.37687210531712 1.5427074 1.692596 4.360682 2.3898988 1.2867725 20.57844 0.09123552 127.38769556833005 
Car -1 -1 0 808.0749531016868 159.91570758175197 974.6675130448609 215.79802806892454 1.5257453 1.6454268 4.098771 7.9276767 1.1724932 20.536682 -0.006816274 109.01688174220484 
Car -1 -1 0 520.2700119812803 165.01297740940447 611.47763314793 203.75848058801014 1.4849436 1.6049011 4.0247107 -1.7266617 1.1844318 29.763123 2.17947 60.727267247675 
Car -1 -1 0 978.6701124908693 153.0034003120222 1165.1822901734565 211.01949928906018 1.5529959 1.6642603 4.2161016 12.873783 1.0216278 20.238823 -0.04418907 109.23450080954402 
Car -1 -1 0 201.76972447644434 175.59569343314234 313.49236227808734 218.28016543367798 1.525609 1.5605284 3.399013 -13.010498 1.6307204 26.782194 0.05968033 49.269345171398314 
Car -1 -1 0 735.133720124018 157.06901284452343 816.7026015672707 196.24650162665694 1.4551485 1.6361331 4.2781982 6.758219 0.868855 29.008028 2.204231 19.268746246968703 
Car -1 -1 0 950.9225275959964 152.6925728574615 1011.2546287725105 191.60137443266376 1.5171678 1.6225499 4.1947923 15.656223 0.7310147 30.306934 2.2018986 11.416031294013296 
Car -1 -1 0 817.9906048553403 155.56021385722875 891.4328808012264 193.53165981100082 1.4753684 1.644322 4.003981 10.2850065 0.8034237 30.11324 2.243509 11.97783942384574 
Car -1 -1 0 800.2288216290906 145.8512386734785 829.7478968898122 168.28641414498836 1.7042512 1.676163 4.0992184 16.41817 -0.37955943 57.819946 1.6968102 1.0726852916546894 
Car -1 -1 0 1018.0584659442985 150.3614792813124 1150.609399223573 197.57392399485803 1.59441 1.6033728 3.5501533 16.573318 0.8348156 25.320343 0.08725006 0.27404677867889404 

