Car -1 -1 0 310.43808726033376 188.96914609422564 473.39441191314694 292.05177350721385 1.4658346 1.6963338 4.4456477 -3.7274246 1.81043 13.193962 1.5562593 124.37869554698665 
Car -1 -1 0 665.4414676786755 175.22244284397675 726.7888825025711 226.67572768092353 1.6252365 1.6920964 3.8471985 2.9049711 1.7133145 24.900757 1.5807737 55.2149279292357 
Car -1 -1 0 777.1222099715663 182.88870836682628 1242.0 375.0 1.4981391 1.6246414 4.267417 2.7021623 1.6108959 5.970758 1.566812 58.812747162579534 
Car -1 -1 0 405.14397227515195 181.81129884778957 507.09526580619416 251.2132004558255 1.5129744 1.717947 4.3671126 -3.7764003 1.7696617 18.486069 1.5621718 52.630473223482674 
Car -1 -1 0 644.2679266174864 180.39880523544187 681.1382643258528 211.73758240841892 1.4444475 1.5785806 3.7179549 2.6050406 1.8405029 36.01465 1.5741487 21.384775160268216 
Car -1 -1 0 376.44950117536456 160.6689747824476 438.3545040664787 194.8291830751928 1.4540851 1.5951217 4.0839043 -9.094729 0.9354094 32.770947 1.5908227 15.377500346042122 
Car -1 -1 0 535.5012310204596 182.0595461021616 576.4747991482008 206.72294901015658 1.4856302 1.5853883 3.76071 -3.441465 2.1107054 46.979984 1.8077999 1.9919688165577127 
Car -1 -1 0 455.21490360855864 185.05022193154795 529.1424412233342 235.52033593553753 1.4248514 1.6216348 4.16938 -3.7165108 1.8575851 23.49451 1.5984976 7.114822465796116 
Car -1 -1 0 625.0570223101266 179.94117475473882 645.007324406433 194.63708720212074 1.3118533 1.6002449 3.7447686 2.3805227 1.9999429 68.14967 1.5292017 0.622454185985506 

