Car -1 -1 0 308.1832793004452 170.41945268766014 384.4282066298491 222.07844392903652 1.6267229 1.624017 3.5053635 -8.859421 1.5500598 24.546705 1.4696054 69.50028374891747 
Car -1 -1 0 434.7038008147077 174.20356417453306 473.4669377708836 202.6938408384117 1.5023842 1.6484673 3.6045911 -8.588104 1.5808508 40.088726 1.4896156 19.02893434033557 
Car -1 -1 0 0.0 179.14052888030346 242.11733367227296 320.3164390181698 1.5025847 1.6793394 4.2143984 -6.856557 1.6091754 10.053862 1.4713986 78.48746828847206 
Car -1 -1 0 486.01430613805695 175.28182188941435 514.3650703390821 194.7998302079659 1.4919944 1.7786219 3.900735 -8.695507 1.6925273 57.622353 1.5419317 13.742430884804689 
Car -1 -1 0 201.23064785748238 165.74346038129013 240.36546202719128 188.35893863639043 1.6414557 1.6974516 3.6672597 -29.22931 1.1253648 54.348965 1.3404298 8.870552914023857 
Car -1 -1 0 591.0240778533777 177.97113349733192 613.7431064334855 194.7522646036861 1.4003464 1.6837323 3.7984998 -0.6012698 1.8635633 63.35959 1.6444147 3.953271082056535 
Car -1 -1 0 649.767220442476 176.65575121859328 671.4056211051637 195.99976049945394 1.4927845 1.6907213 3.8553555 4.128639 1.8111482 58.44134 1.63961 2.659267581111917 
Car -1 -1 0 677.1962250860173 173.38931946912874 697.6761779924979 186.770329163763 1.4019594 1.5607759 3.546215 8.404397 1.4610136 77.674286 1.8650327 1.1020288047736924 
Car -1 -1 0 469.91098802964734 172.9991215359573 489.8653824680466 189.95781951047076 1.6202284 1.6467524 3.8122656 -12.723284 1.6348962 70.949356 1.4689088 0.25831764936447144 

