Car -1 -1 0 25.05907881802684 201.08310835252124 325.8900159973876 358.2161334728972 1.500766 1.6190482 3.8429885 -5.327413 1.9487007 9.51736 1.5838252 135.2054234789685 
Car -1 -1 0 342.4694362923637 188.62435832251072 449.5380039260256 252.29398107916109 1.4316165 1.669956 4.035 -5.5458035 1.8963603 19.243795 1.5683612 81.49652056169522 
Car -1 -1 0 671.9741800562645 171.14593873046638 784.1798317937978 209.18795188444204 1.5123785 1.681022 4.3442764 4.7884297 1.4444735 29.571787 0.02135843 74.07892764760945 
Car -1 -1 0 920.1910745364074 179.687235041128 1242.0 337.25948520557426 1.467946 1.5689836 3.5910325 5.5013676 1.5528269 7.8888874 -0.16812918 99.57396844041615 
Car -1 -1 0 814.6782927856377 169.84046289972616 1127.2301611092837 291.3415928025975 1.6094466 1.6300801 3.7563114 5.1073475 1.5695282 10.495038 -0.06608906 81.2067072125653 
Car -1 -1 0 407.1349699520763 185.1228031059414 476.2367615102285 231.02708782028833 1.4030393 1.6055534 3.755218 -5.717632 1.8598145 24.965565 1.5449307 48.86845144635214 
Car -1 -1 0 693.0466374778343 179.06141369890528 873.3672578707875 242.1857957107418 1.4561236 1.5898151 4.023497 4.193042 1.6169591 17.761477 -0.07003785 44.21871594272505 
Car -1 -1 0 743.3984790818537 172.87550252896372 961.6210700333546 251.8945099728477 1.5453799 1.6233311 4.0031953 4.9741974 1.5458574 15.069658 -0.07428385 31.091885806511964 
Car -1 -1 0 464.31522514640955 179.29791998832968 510.61381020552886 211.48214041529292 1.425164 1.5960318 3.9978046 -5.817901 1.7535512 34.762432 1.5595852 19.16039923825282 
Car -1 -1 0 656.6842185199362 172.3689015868158 744.512005400056 201.70167814704783 1.4442885 1.6269675 4.182789 4.554307 1.420403 36.43946 -0.047736973 8.611842514847066 
Car -1 -1 0 640.4735476630892 170.9408570174453 678.0132763089664 198.174617950877 1.5364096 1.6159492 3.8169732 2.8916073 1.4284782 42.682316 1.47613 9.954106804349973 

