Car -1 -1 0 779.7887830369111 185.1737490977551 1025.8374426494156 345.7674849601547 1.4332721 1.5670121 3.5410097 3.1532094 1.6092906 8.512133 1.6058056 94.92252495109351 
Car -1 -1 0 737.6761221990365 176.36395706625564 876.6174572472578 273.17088643843664 1.5846951 1.6074885 3.4352517 3.582456 1.6596959 13.67767 1.5418538 82.8887846077205 
Car -1 -1 0 684.7875990944867 180.4553111041348 750.1422476848153 228.47767143070368 1.4064653 1.5768704 4.0140634 3.4653096 1.6781883 23.780903 1.5769184 31.14549956200309 
Car -1 -1 0 708.6280951917387 180.0886587857965 803.4017367651138 245.99537528377158 1.4376442 1.5999639 4.15189 3.573772 1.6418452 18.281223 1.5815957 48.17373779908691 
Car -1 -1 0 669.5854680497868 178.8894889830312 718.2722570422926 217.26377458209595 1.4397892 1.5463746 3.2978642 3.3652802 1.698362 29.25297 1.5573 19.75635873277864 
Car -1 -1 0 601.1877910375596 175.53328781859062 628.3514107576538 198.87143646788144 1.5161107 1.6933913 3.751593 0.38994938 1.706027 49.228973 1.6210642 10.156103629373018 
Car -1 -1 0 455.76510042006424 182.65013229253333 479.72540899447847 199.21039190307127 1.522626 1.6173332 3.8880515 -13.844285 2.507696 70.60345 1.5604796 2.7923240583733673 
Car -1 -1 0 646.9635395479667 175.75020318614852 674.8461847058308 197.1865100038351 1.4920452 1.6030784 3.8074303 3.7128942 1.7112854 52.68252 1.5264723 1.434377747183939 
Car -1 -1 0 658.3724473134109 177.01299820532947 701.6305741192566 210.09469721128687 1.487113 1.6328046 4.10266 3.3577654 1.7008669 35.01906 1.5539473 3.9761472158442706 

