Car -1 -1 0 151.71712444560683 192.02947700464426 280.533260182321 252.1091858725108 1.4904156 1.66905 4.2043676 -11.476967 2.1158252 21.397722 1.5289049 85.37054440887773 
Car -1 -1 0 780.2562969192495 182.73244016453705 1222.0024253221877 375.0 1.4942901 1.5679833 3.4654448 2.513306 1.5948846 5.610857 1.5759467 119.24001172238955 
Car -1 -1 0 362.69689347515583 183.46719791607686 533.0329458759866 247.6043366369229 1.4783951 1.6063539 3.8227906 -3.9484038 1.7568004 17.942566 0.09716206 85.70123426897605 
Car -1 -1 0 656.3636648249814 175.69804874786928 726.9574216057674 229.8583699891944 1.490453 1.5948781 3.7004747 2.4065936 1.5843071 21.9322 1.5334867 22.591483123393736 
Car -1 -1 0 234.8247435131489 186.1311003844768 408.16578717802145 293.1597865972313 1.5250392 1.6202793 3.5926113 -5.1255937 1.7914073 12.6098385 0.8196223 80.5825941614254 
Car -1 -1 0 633.8467961165289 176.27896508393053 675.2630873575467 211.41185827062418 1.4856554 1.5991515 3.5180292 1.9846218 1.6489437 32.628433 1.5548326 15.37746711462429 
Car -1 -1 0 474.94906310126373 180.351634006582 558.9121242538657 213.02955034363578 1.4097711 1.5729774 3.9442842 -4.3725457 1.7799466 33.795586 0.65808874 9.843131116366484 
Car -1 -1 0 673.455978243433 150.47829342086172 792.8337374513073 251.09950323986467 1.9712462 1.8678415 4.663443 2.6308937 1.532889 16.479925 1.5569257 51.453442339718265 
Car -1 -1 0 240.87275321855617 190.31965373671002 324.2218157133937 235.799600518591 1.4204514 1.5356845 3.547865 -11.563139 2.0875766 25.744896 1.5130982 2.040357062727168 
Car -1 -1 0 522.1081085724928 177.18386099712873 577.6914696513643 198.1629560323701 1.4451094 1.6124444 3.866637 -4.332995 1.7689426 52.19773 0.60844964 0.5738214203904616 

