Car -1 -1 0 0.0 171.10238176001297 125.74414295393088 258.4917357310601 1.5887209 1.671412 4.332966 -12.033487 1.5568768 15.43593 1.2580221 105.85714625278514 
Car -1 -1 0 755.3128178622346 176.1418499040371 882.2503520622033 226.4407800485578 1.4446518 1.5963953 4.000812 6.619047 1.5560844 22.703493 -0.56965613 85.03594679600755 
Car -1 -1 0 661.598026252932 173.77744059584035 765.1737164562716 213.35509113760597 1.4115055 1.5565 3.7576344 3.9698367 1.448713 27.44085 -0.5384832 38.00162001040627 
Car -1 -1 0 413.63889446472587 173.1626645589209 482.6936651550909 238.7532509585279 1.592409 1.573492 2.6422055 -4.305001 1.6011871 19.025799 1.2717981 57.323997506966776 
Car -1 -1 0 705.3506937834284 173.22263863538893 825.3237214517598 218.5237054655405 1.457861 1.6156137 4.0792913 5.430002 1.4715331 25.00479 -0.55091107 50.35920027956908 
Car -1 -1 0 551.9568882043151 170.9563084097607 632.6349065151908 202.3334084741139 1.4877481 1.5652531 3.7174256 -0.84163404 1.3977687 35.837814 -0.5392778 48.033617083338285 
Car -1 -1 0 529.6518998514404 169.55322474430292 605.9207253608787 198.65397251046394 1.466471 1.5755603 3.6742122 -2.1872978 1.3001351 37.884094 -0.46173483 24.221955616795427 
Car -1 -1 0 253.82535435257293 165.71206082353333 293.39411117248454 192.15731922623402 1.5198673 1.6058148 3.7963889 -20.204718 1.1094041 43.51535 1.2873937 13.853034925483264 
Car -1 -1 0 148.3659230486768 170.1951896867957 226.36059733067037 211.57213463462017 1.4426587 1.607321 4.2772956 -15.931164 1.3499558 27.437115 1.2765701 6.029772574847421 
Car -1 -1 0 400.8557271100906 173.28439780004985 446.5545072849898 213.9955473230239 1.4413569 1.5828812 3.6502042 -7.133304 1.4589713 27.558552 1.2966543 1.2300390623483466 
Car -1 -1 0 409.2465235657891 175.76084628248165 476.84381419382976 226.5914060137207 1.4802171 1.6294289 3.7387915 -5.256342 1.5813633 23.169846 1.4782066 3.262902476148767 
Car -1 -1 0 391.29861719825675 171.71146088316087 437.6343190479333 206.43948632113398 1.4279139 1.6020241 3.6379824 -8.603747 1.3809359 31.652636 1.2052817 3.123053865460764 
Car -1 -1 0 398.5291977944384 158.27212393685863 431.3465873187114 190.5533461327483 1.8059975 1.6856836 3.9160805 -11.405369 0.99020314 42.460682 1.3534929 1.123371331346235 
Car -1 -1 0 55.668094800360606 143.91434033600487 191.77400535693172 227.89627832813812 2.1764975 1.9751289 4.7329683 -14.066465 1.4264897 21.247576 1.2881308 0.5393341183662415 

