Car -1 -1 0 975.9557132436993 156.0695219262402 1076.932877815891 236.29333354789125 1.6139455 1.6997709 4.030801 9.496575 1.2762747 16.701172 2.0128255 72.94444364929733 
Car -1 -1 0 860.5756122650407 147.82931598849086 944.8299465061003 220.05138937005393 1.6867182 1.7466086 4.112352 7.836541 1.1022764 19.080761 2.0353265 58.15232400008041 
Car -1 -1 0 564.1957660360868 152.2239757107532 626.5744023362527 184.370938006619 1.4594846 1.6008124 3.4277563 -0.6294497 0.5228733 34.64928 2.0277529 51.041266913390004 
Car -1 -1 0 606.4766926432666 146.56235790756665 663.6717046114749 176.84137620543535 1.5229783 1.640199 4.0259514 1.4194305 0.20055741 38.464035 1.9959551 34.176482382925855 
Car -1 -1 0 327.01665966474866 160.43507848037686 433.488926754439 200.38678299329467 1.439599 1.58257 3.806913 -8.753587 0.9921019 27.523138 0.4377991 44.57992232359744 
Car -1 -1 0 999.8985080844668 173.53498451407998 1242.0 298.4546282257178 1.4207513 1.630604 4.162456 7.518173 1.4309047 9.489118 -0.23037812 18.326697250026577 
Car -1 -1 0 442.8434840621416 150.30369474985685 533.1879879978859 188.31801765875522 1.6232874 1.6734929 3.9308584 -5.5126247 0.66034424 32.586384 0.5785457 11.35840281497347 
Car -1 -1 0 655.7146828931219 146.66341944159973 705.5201226381159 171.59146678306024 1.4639642 1.5976777 4.065181 4.456008 -0.08210778 44.758987 2.0754135 7.666045538123308 
Car -1 -1 0 154.53605449738455 163.12373985543738 330.0404420963235 240.63802282645014 1.7796504 1.6065484 3.8414648 -9.323881 1.5562533 18.643387 2.0314481 39.99948123328242 
Car -1 -1 0 971.446439199379 148.63674244845328 1026.9406588723095 192.33256423981146 1.4120393 1.6029985 3.9136355 13.656437 0.6294536 25.4245 2.039397 7.165978405281651 
Car -1 -1 0 254.3836129462285 164.2587464620059 376.37855621840265 209.62613179693372 1.4745067 1.5973209 3.8786764 -10.15528 1.1951482 24.912575 0.3803389 0.9004537815879076 
Car -1 -1 0 382.5383992664702 144.34198159158427 485.815355532945 193.767485259333 1.9377269 1.7333534 4.1632466 -7.3387156 0.819913 30.097687 0.5371745 0.5367249885548581 

