Car -1 -1 0 745.695412961883 173.16703348475477 888.3615085380974 271.87290331839745 1.5009046 1.6054013 3.7533646 3.5181522 1.5073249 12.891367 1.6113572 86.18098430808412 
Car -1 -1 0 100.3217854254621 198.37747136010537 223.81205521673897 248.64835973978973 1.4679871 1.6774418 3.888533 -15.411196 2.4269993 25.107561 1.6482192 81.58361603331082 
Car -1 -1 0 686.5968112778884 174.71717057283945 752.0803369870869 227.2912857965027 1.4647204 1.5515563 3.2910042 3.2538161 1.5255151 21.88176 1.5923704 71.96753305610785 
Car -1 -1 0 816.4795083625397 176.50244053467134 1146.0111274499695 367.0205882962149 1.4468024 1.6271347 3.734983 3.4064655 1.4941419 7.4572563 1.6195371 89.43722241943905 
Car -1 -1 0 339.70061460476154 184.0513270738598 392.9161264874589 204.03215739746483 1.455817 1.5971463 3.9827735 -19.197727 2.3749857 57.096336 2.0584486 22.526824798682124 
Car -1 -1 0 280.8991924249622 182.86130715091548 342.708650218836 207.223684617505 1.6096512 1.6570514 4.2053437 -21.300734 2.3592858 51.789505 1.9408674 13.01350827498945 
Car -1 -1 0 414.8636333702335 184.15834561380757 468.99628761638013 201.9197215551817 1.433588 1.6337426 4.288058 -14.38717 2.4297786 61.951454 -0.42843124 10.95368936662343 
Car -1 -1 0 679.5305066582771 172.74755551755112 741.1121984136532 219.37906644638383 1.5840912 1.6390347 4.0401 3.621247 1.5804751 26.544155 1.5543828 9.635493358881513 
Car -1 -1 0 568.0786963036859 173.79764449543802 615.6385142832601 191.49296350384742 1.4509562 1.5821937 3.7114089 -1.4991412 1.5326366 60.89288 0.48309043 4.368126348447262 

