Car -1 -1 0 47.825811361345174 189.06148495131217 244.2337991901217 305.67349636747826 1.4484668 1.6844023 4.4282513 -7.378257 1.7708635 11.98644 1.2543035 84.36278805231281 
Car -1 -1 0 290.82741692601144 179.0877832474818 355.1104930470536 231.61584358885648 1.5896056 1.7924592 4.11038 -9.840251 1.8215755 24.608427 1.1322465 53.32931293198254 
Car -1 -1 0 895.6038071908654 171.6182646550557 1006.7023170693678 259.5096008973205 1.3775007 1.630813 4.3647733 6.55404 1.3581332 13.614788 2.0703645 47.019009553365905 
Car -1 -1 0 648.6251956983002 177.82336362030904 777.3419967236096 234.5987923894134 1.3810552 1.6516241 4.0413394 2.957106 1.5330906 19.995264 2.2672458 39.1055179057428 
Car -1 -1 0 845.3908887411168 183.82778944769447 949.7620404464534 220.98260615768015 1.456599 1.6331582 4.2145767 12.299784 1.9490417 30.799198 -0.40412626 30.442417334008994 
Car -1 -1 0 1008.1627128616163 181.25307273669944 1125.9314708449954 230.99002119920678 1.5036001 1.61518 3.8469777 15.216944 1.8015006 23.975239 -0.48897475 24.584819233508195 
Car -1 -1 0 559.860695158728 177.4622200321447 666.0781327920022 223.25946847772855 1.4164671 1.615568 3.9643679 0.1988247 1.5881326 24.806183 2.2102766 22.8281397557167 
Car -1 -1 0 699.3678870585685 176.0909440138844 847.6732633855438 242.6907051219718 1.372785 1.6477015 4.1006327 3.9971192 1.4590318 17.149729 2.3033323 57.46831461016505 
Car -1 -1 0 531.9634266297453 178.85886488321896 629.7476226589868 219.51236741763623 1.3987634 1.615284 4.143834 -1.013145 1.6468573 27.639072 2.1594641 16.37925124175828 
Car -1 -1 0 607.3933959417553 178.0719007031993 722.8146428034906 229.73024849405175 1.4300432 1.6186761 3.9139175 1.8046641 1.6067361 22.408268 2.2598562 14.65502670205147 
Car -1 -1 0 383.5491570121429 180.9424742848704 403.8448177796053 199.06202929927352 1.504321 1.6405618 3.4605613 -19.015911 2.2374015 63.496628 1.2596109 3.162721860720629 
Car -1 -1 0 1090.5595175082233 177.2329173280319 1216.4426815778525 231.660498945791 1.4986036 1.6407025 3.9619691 16.496014 1.6415578 21.848385 -0.52823585 2.680964751831547 
Car -1 -1 0 816.1738925643272 184.92316525273912 908.5843226814176 219.28676017355914 1.4365023 1.6146668 3.9413018 11.497974 2.011071 32.800316 -0.4259603 0.5240210540808579 

