Car -1 -1 0 851.6998034443875 177.56687303429126 1041.4882155115097 280.08584841051965 1.4545946 1.6118178 3.774326 5.5086417 1.5476917 12.333583 1.6130643 88.11838405478386 
Car -1 -1 0 295.1219771162299 190.67048374238638 403.6716739508075 226.46911651603938 1.4446175 1.6718595 4.438338 -11.744405 2.2937784 32.629326 -0.47624347 46.150018300824186 
Car -1 -1 0 135.44199019272907 192.87903031121567 266.8022471283158 234.9324543669508 1.4167506 1.6579254 4.2642117 -16.115551 2.2751236 28.686241 2.1405158 55.89906639641384 
Car -1 -1 0 489.5285234951369 181.08555257306529 571.8598009114 214.8946235011069 1.5209459 1.612428 3.7130187 -3.822962 1.9371388 34.86416 0.5160332 80.818677735722 
Car -1 -1 0 0.0 192.69754902770296 129.65535183685006 251.418683922547 1.6139297 1.6987191 4.2493567 -18.44882 2.3273523 23.657694 2.016278 66.35919818886597 
Car -1 -1 0 637.6716202658914 173.42862612207435 670.4040141516678 198.10419354345694 1.5383773 1.6425956 4.257553 2.8660452 1.5777433 47.25785 1.5125322 7.404267877928076 
Car -1 -1 0 925.493938798253 153.17714560971226 1035.6589754291772 193.57054999748394 1.6032436 1.6051936 3.6709106 15.079725 0.8222548 29.444946 -0.0021764007 44.139080622299204 
Car -1 -1 0 206.75073874114753 189.17898708519309 311.41820323266995 228.23040795287517 1.6117163 1.6613622 4.0725856 -16.145115 2.4098105 33.336784 -0.69081616 23.0239571614029 
Car -1 -1 0 434.1249363014366 183.39226885173525 478.7240669277175 209.19775391512337 1.4831853 1.775754 4.340682 -9.581581 2.179178 45.458508 1.5995522 23.446021784813315 
Car -1 -1 0 101.73903939048262 192.8900291285413 213.1088734640935 234.14331833378566 1.5040183 1.5745864 3.6111565 -18.771715 2.3922043 30.073978 2.2260175 13.330926066238712 
Car -1 -1 0 491.7714742785333 181.87805639267035 515.8068817705935 199.28770908210456 1.4404479 1.5986598 4.145259 -9.339781 2.2663722 63.950874 1.5514622 1.4767838503231612 

