Car -1 -1 0 446.41647518920604 171.1109481386617 516.8604882424567 236.33858157376588 1.6336918 1.6011999 2.7020645 -3.525959 1.5900352 19.592724 1.2871921 60.5794598709532 
Car -1 -1 0 14.928068544513122 169.9266729556013 178.4315032360053 251.99090992533266 1.5990311 1.6842767 4.3721247 -11.388268 1.5419917 16.393509 1.2877882 93.6811685723245 
Car -1 -1 0 779.2597640759328 171.63766067025534 913.933261360241 221.24699555080653 1.4563715 1.6442873 4.2638807 7.574881 1.4206636 22.958117 -0.5222811 68.9704490896193 
Car -1 -1 0 580.7441372557711 168.81251721199888 663.9314751911166 200.13517246960348 1.5072501 1.5969512 3.9033604 0.65552413 1.3127732 36.339256 -0.48684084 51.29388072648895 
Car -1 -1 0 731.8962951932756 171.23015137819306 851.7326761221107 215.98088733706817 1.4601693 1.6135485 4.0954633 6.4070406 1.4071847 25.260725 -0.52007186 22.82033541214367 
Car -1 -1 0 692.0668273189154 173.04957058623324 794.0740722080585 212.66243276259908 1.429791 1.5542938 3.7335722 5.138311 1.4377263 27.66808 -0.5256451 22.767603898205298 
Car -1 -1 0 559.7700326650607 167.28504766413928 633.5647206725232 196.60025194869812 1.4998645 1.5720478 3.5953038 -0.68440604 1.2149379 38.37264 -0.4242653 21.01111290763586 
Car -1 -1 0 445.6365850332261 173.34846134574022 499.6862142490869 220.50696833932966 1.4200974 1.613765 3.8841996 -4.5292454 1.4378419 23.83242 1.3765483 9.918278568379215 
Car -1 -1 0 432.7333223680669 172.1058224867292 484.6553474500386 211.40464005377223 1.4273105 1.578812 3.6599846 -5.9480186 1.400137 28.19131 1.2504424 11.051726430202876 
Car -1 -1 0 195.66434890996402 163.82637768772983 270.258113507822 209.38407883228857 1.6660051 1.6491315 4.1966767 -14.821714 1.3358728 28.618555 1.3361291 7.6029851282115075 
Car -1 -1 0 292.5186986426724 165.36195221659128 321.5607303631634 190.46362437850104 1.4834769 1.5884426 3.876368 -18.714527 1.0407062 44.736443 1.1924757 4.499535030841178 
Car -1 -1 0 431.438774830518 157.81603886483506 465.80134344988613 191.24067442277357 1.9062397 1.7029216 4.163068 -9.613237 1.0486099 43.33188 1.427351 7.578684393577005 
Car -1 -1 0 429.79537006015863 168.76234652308733 469.3444070301903 202.42258588934902 1.421954 1.5995121 3.5374286 -7.224312 1.2491047 32.394592 1.3143721 0.9559967192163735 

