Car -1 -1 0 740.7445931160433 185.0997406792626 887.7743764074155 286.1838740925895 1.4462723 1.5807207 3.900227 3.4220657 1.6964049 12.769356 1.5952395 96.87483253335579 
Car -1 -1 0 717.7251802132502 180.68126668095215 806.6106066947515 249.65795882217304 1.4981916 1.5919482 3.6864145 3.6863742 1.7135704 17.976192 1.6169797 69.88979246579059 
Car -1 -1 0 821.8134940372844 185.07343858559247 1242.0 375.0 1.4736032 1.6008661 4.1495996 3.4411592 1.6249853 6.858524 1.5638089 85.91776863907026 
Car -1 -1 0 684.7884922829276 178.7973693297922 753.6484321486736 226.55769854070758 1.489283 1.6085072 4.0724525 3.7168941 1.7129507 25.084082 1.526732 42.56741773456163 
Car -1 -1 0 438.365895061131 173.6062432116129 560.2069139223428 217.35942357150495 1.5332942 1.6411941 4.225099 -3.931508 1.5615876 26.227816 -0.043072954 41.49393626866809 
Car -1 -1 0 670.8888885126935 179.63829956811938 708.2247322487849 210.26177034261778 1.4595437 1.5942657 3.880359 4.075714 1.8279264 37.218437 1.5972372 12.192793978619502 
Car -1 -1 0 473.6073007900193 171.0118342503069 578.4547827947741 213.43302308330334 1.8227652 1.7576077 4.4693274 -3.6293147 1.7436104 31.936882 -0.024666462 40.070141978929016 
Car -1 -1 0 194.60122340027473 178.96128607458235 497.0068285990364 290.022442253582 1.5552995 1.6621845 4.097277 -3.9639988 1.6587465 11.218193 0.08571606 34.34796051239189 
Car -1 -1 0 8.54604202538987 152.9897816339232 442.47943140952697 332.0211661925265 1.8649068 1.7216605 4.179887 -4.2551985 1.6579882 8.443011 0.03187921 70.06214318905319 
Car -1 -1 0 265.31346370976644 178.74360849514147 490.8276563763386 265.21644074169876 1.5240383 1.601692 3.805766 -4.3594627 1.6455255 13.869162 0.115205124 9.087450443719813 
Car -1 -1 0 550.835795322234 177.54277235674076 585.0060494578272 208.75981527775474 1.5173202 1.6006197 3.5984855 -2.1166902 1.7722379 37.421005 1.5605232 1.7461433137525362 

