Car -1 -1 0 383.1799684500093 206.92275495395145 554.2970113966456 319.23613017402596 1.4001759 1.5861113 3.651277 -2.1683626 2.0636864 12.112299 1.7552059 122.4833985654824 
Car -1 -1 0 504.7154074220591 200.89979132202862 603.2009251709844 278.7170306318517 1.5035639 1.5818183 3.6239612 -1.2128062 2.24722 17.224335 1.7168752 67.98147260047234 
Car -1 -1 0 814.4338867551652 195.14243467992338 944.228915803487 239.24175959910707 1.5273983 1.6524386 4.2144547 9.946846 2.3841245 26.823261 0.040720418 36.17117720705564 
Car -1 -1 0 976.7517471034739 202.475693236031 1242.0 309.4438500910819 1.5143026 1.6059451 3.7869906 8.279364 2.0362928 11.735802 0.0950519 38.84843324398142 
Car -1 -1 0 868.7968420700619 198.82937592501423 1012.9431564889662 253.17493048493512 1.5089452 1.5724479 3.6337774 9.916046 2.3257506 21.790836 0.062510595 24.76973418090346 
Car -1 -1 0 912.3422273343888 198.64782286198405 1176.4251657240252 287.5389091960302 1.55692 1.6550575 4.1839323 8.44458 2.108049 14.339814 0.122558214 53.801299748418614 
Car -1 -1 0 899.6537453816024 200.9994086347913 1113.0953692692703 270.14026223872474 1.4514412 1.6029023 4.0976605 9.183247 2.152483 16.968082 0.10096499 22.67714939150716 
Car -1 -1 0 731.7737118229472 191.8173980547423 798.2705849264876 218.3693729804378 1.6411538 1.6584194 3.936767 10.009637 2.888766 46.632435 -0.0044356966 6.132829157010332 
Car -1 -1 0 891.4308069071551 198.75472301122417 1053.6768827987373 259.877101643481 1.5153604 1.559693 3.589848 9.705113 2.2457817 19.48424 0.047224436 6.169909438805427 
Car -1 -1 0 798.3457537018835 195.5051197656307 907.4299303986732 235.679006329527 1.5172044 1.6288384 3.9223218 9.812837 2.4679825 29.315477 0.08129684 5.230226336026841 
Car -1 -1 0 579.9438374890781 186.42956764318635 626.0768681531445 229.65664455944992 1.765208 1.7003492 4.2047367 -0.23502731 2.4269042 32.998413 1.6612489 5.720262540963419 
Car -1 -1 0 709.2918855159006 192.4075238940068 731.6723749311518 214.4362950978538 1.5238634 1.6025821 3.5345988 8.435963 3.0663075 55.06195 1.6990113 0.5927391667765196 
Car -1 -1 0 745.844244630295 194.6354115485622 818.4387867421015 222.94611628612617 1.5225372 1.6158736 3.7879148 10.020406 2.8268044 41.961735 -0.2453816 0.8094886794920004 

