Car -1 -1 0 718.876377048552 172.19705558074102 889.0482132300059 286.6949423144399 1.5022378 1.5822732 3.6039205 2.83428 1.4936185 11.295537 1.5354382 104.35276541607257 
Car -1 -1 0 668.3071766647851 169.4598486063167 756.3841964870436 230.8810853225684 1.5005472 1.5971563 3.81625 2.6776576 1.4176265 19.587646 1.4994918 73.91718986501952 
Car -1 -1 0 0.0 197.90193113908197 160.8733240004412 263.8985538623534 1.5207106 1.737521 4.042347 -14.672039 2.2919486 20.190218 1.5648748 78.8349035201854 
Car -1 -1 0 640.615219721059 173.19767269614678 692.293973365417 212.37044952669387 1.4534252 1.5804985 4.14855 2.20681 1.468199 28.913006 1.5298258 36.062356952913426 
Car -1 -1 0 165.0710970654677 193.1531880478467 254.27138892595684 230.2945219352751 1.5134847 1.7392645 4.437331 -18.735134 2.53397 34.05186 1.5740167 27.082331847688923 
Car -1 -1 0 345.3730315361556 185.5976151738694 382.30879814155713 206.6517154237857 1.4794352 1.6012603 4.2025566 -18.822554 2.496263 55.43218 1.5186255 11.588560646413251 
Car -1 -1 0 617.0510888901766 173.82627755028838 645.9051579026489 198.73150960057083 1.4933705 1.5955398 3.779752 1.3395532 1.5570217 45.325294 1.543233 6.176213898034548 
Car -1 -1 0 244.27518195556846 189.36630837374975 309.2257516749663 219.30434396658018 1.4971764 1.6435747 4.181618 -18.595589 2.472676 40.517883 1.5929466 7.80946268969488 
Car -1 -1 0 300.46896781794294 187.10857372227937 350.1004235000875 211.95495924980725 1.4645567 1.5952395 4.06486 -18.41214 2.4315906 46.90997 1.5795631 4.371764699423705 
Car -1 -1 0 601.6741218920401 174.1716639726263 621.78305280475 193.05374711506425 1.5043088 1.6098745 3.9980974 0.17798036 1.6171025 59.763924 1.5729663 4.325323420324671 

