Car -1 -1 0 424.61792568397465 179.43653270370132 533.8154941957534 259.15055440036645 1.6085032 1.6714021 3.9325423 -2.9065886 1.7809298 16.895493 1.6198523 96.93160271820582 
Car -1 -1 0 712.53242586873 181.2447397889439 779.5782991945584 233.63457000746348 1.5375168 1.6089461 3.195129 4.333296 1.8272252 23.301998 1.5873454 79.81084901965431 
Car -1 -1 0 484.6226500223743 172.73219937640238 552.7262709045933 228.4876778803825 1.7377572 1.6594924 3.9851823 -2.995332 1.7339609 24.51329 1.611607 71.43497248447039 
Car -1 -1 0 265.90800213059765 181.2089315105207 336.89253185189966 213.73910165673232 1.4305177 1.6350399 4.0505958 -14.771123 1.8572985 34.8173 1.5889547 28.7340081308096 
Car -1 -1 0 701.0390870923638 182.42906690736848 748.8862605083616 223.4879144367202 1.4173378 1.5751987 3.5483134 4.35404 1.8080586 27.604063 1.6628872 6.58297789454785 
Car -1 -1 0 322.0628331924915 178.64526692356074 379.26307750020425 206.8691918628806 1.4997046 1.6138475 4.258055 -14.765914 1.8491871 41.383827 1.6092277 11.165058993378995 
Car -1 -1 0 762.2465618128099 176.4590766881343 830.5601483620957 199.6401955273513 1.5207176 1.6339359 4.1541452 12.513969 1.7671869 48.466103 -0.022512227 14.758428756892373 
Car -1 -1 0 521.4684067569611 177.80471865543777 574.6867651008812 216.57304126177843 1.5470563 1.6592675 4.227307 -2.6102479 1.7782068 31.518154 1.6470016 4.2967352378739125 
Car -1 -1 0 392.10530718850157 176.99285409083456 429.8539158792536 199.1808848101057 1.5309851 1.5819641 3.6397653 -14.357146 1.8418398 52.33564 1.6199578 2.7802580894171944 
Car -1 -1 0 804.6134596076456 179.55300073254455 869.2826166541857 213.40907770737275 1.4892921 1.6522993 4.3397593 10.869959 1.8327019 34.79735 1.5446458 4.879135860798422 
Car -1 -1 0 673.9746326877171 178.94713889064454 711.9808845313905 207.97460648905835 1.4306335 1.5940695 3.9569871 4.38484 1.7714942 38.379333 1.5787188 0.8204056499617705 
Car -1 -1 0 660.8944792162697 175.25030317165672 687.5616800615419 197.10089916532647 1.5803461 1.6307368 3.5614977 4.914802 1.767709 54.509647 1.7686119 0.5013809243523261 

