Car -1 -1 0 659.1338519477041 171.71625802846717 737.2383620602711 237.02469259123265 1.6193359 1.6581368 3.583302 2.3220553 1.5911252 19.690397 1.5609553 93.64489550362221 
Car -1 -1 0 775.0151219771888 180.14858423392755 1169.7172554136669 375.0 1.5264328 1.6401885 3.799284 2.7519555 1.611425 6.505121 1.5681264 107.2567207893354 
Car -1 -1 0 277.84978859780074 192.0086407348435 486.92786743871153 284.752767476502 1.4040687 1.5968637 4.0523205 -4.3227234 1.8105743 13.493756 0.6131524 120.36534794240245 
Car -1 -1 0 374.9408824458162 186.46557746233395 510.89774719389635 244.68255885742826 1.3822361 1.5410073 3.5970416 -4.546074 1.7817465 19.537918 0.5889795 27.424988830332072 
Car -1 -1 0 80.734840325318 201.07103077963708 397.4038380328321 375.0 1.4261466 1.6176379 4.0860643 -4.156906 1.8067985 7.789472 0.7091034 73.44032536430007 
Car -1 -1 0 438.64110511742933 177.7488130504121 542.1930954363402 215.18293045036515 1.4448696 1.5902799 3.9614053 -4.9355154 1.6610986 30.094542 -0.60410637 23.919727409631243 
Car -1 -1 0 224.17329088968825 195.66483874996794 310.5896829390429 245.195524334845 1.4352872 1.5748067 3.8535068 -11.629003 2.2821982 24.775848 1.4398022 17.72430431236622 
Car -1 -1 0 298.68319875631477 185.6993648828096 444.3203495839861 255.30151545046166 1.4536055 1.5686318 3.5652058 -5.780566 1.7932984 17.387463 0.63978136 4.29121257725956 
Car -1 -1 0 628.159608424483 167.66842313488323 670.659318864301 209.25892126012522 1.804463 1.6465694 3.7675676 1.7794363 1.5794792 33.21089 1.5429844 36.662259557786385 
Car -1 -1 0 115.8852704850795 197.15095793564234 247.83482264838844 269.24115514936904 1.6439084 1.6451817 3.830955 -11.543007 2.3768764 19.779785 1.4726001 1.9361330394717944 
Car -1 -1 0 436.1049902295054 178.22817324119697 459.474463654681 198.14791661733017 1.5207558 1.5848805 3.7674508 -13.002286 1.9685371 58.137016 1.4182827 0.271923691034317 

