Car -1 -1 0 709.3211059443458 173.66714179148278 855.2004064155831 275.2076217484595 1.5137758 1.5820242 3.6242034 2.8407207 1.5300705 12.6226425 1.5388105 123.03496610008855 
Car -1 -1 0 800.4478116931488 180.70925444602318 1170.5097986306196 375.0 1.4861958 1.5600433 3.4893897 2.8997533 1.5754819 6.435107 1.59927 103.23342316769268 
Car -1 -1 0 666.205550102863 171.08938758861538 747.520377810969 228.74026307489245 1.5112705 1.5980308 3.8557172 2.7118692 1.4650126 20.891048 1.5045432 81.74024447819286 
Car -1 -1 0 48.350216295321076 197.21184890889666 193.95420712364844 258.16797546055994 1.5560613 1.7475357 3.9873729 -14.696544 2.366406 22.009043 1.5689361 89.43843795383484 
Car -1 -1 0 639.8646094415942 172.74231386596225 688.9435280593821 210.65152516418752 1.4799954 1.5917132 4.2314553 2.2331614 1.4756349 30.31253 1.5343506 24.16290219339354 
Car -1 -1 0 0.0 199.88507282987064 96.99467364260539 260.05667223525313 1.6442091 1.6318182 3.7609265 -18.73684 2.5886164 23.31393 1.5890476 52.42355122452606 
Car -1 -1 0 182.63881605223546 193.46262686461083 264.05774623732304 228.74629248056274 1.4908895 1.6852734 4.393156 -18.758827 2.561645 35.27904 1.5549455 25.591671468101175 
Car -1 -1 0 351.6632278912792 185.87972956394154 387.753676654557 206.65987989600373 1.4929725 1.615326 4.303398 -18.819546 2.557562 56.779297 1.5172843 8.454181360017019 
Car -1 -1 0 253.93332128816397 190.30155848950085 315.1022652903048 218.98927103399302 1.4783894 1.5987786 3.976882 -18.686943 2.5348015 41.66544 1.615426 7.071339030176001 
Car -1 -1 0 308.0596799370163 188.67200219024312 356.61441241792966 212.82481786367183 1.451572 1.6224887 4.1643195 -18.442896 2.5536382 48.184013 1.57646 3.762697462386777 
Car -1 -1 0 601.2451513616787 173.92250891661794 622.4195170449384 192.71476472033837 1.5328627 1.6125696 3.76129 0.21909851 1.6260266 60.9924 1.6215931 2.875698534435336 
Car -1 -1 0 616.0818774843289 174.4378219863637 642.2263519174162 198.01705914458213 1.4554198 1.5920216 3.8258276 1.2337617 1.5621458 46.707382 1.5717231 3.211360555884384 

