Car -1 -1 0 667.8311286602801 181.7330319080612 871.212987752338 253.08590008312973 1.4613081 1.61089 4.1057777 3.4512553 1.6697495 15.977457 -0.07708543 88.32514870671815 
Car -1 -1 0 766.2449520304126 180.43970027232342 1026.5353356682115 262.4260211517241 1.4348004 1.6323278 4.2657022 5.2715116 1.5868155 13.620911 -0.010488877 122.16872491444244 
Car -1 -1 0 397.79931983825264 181.12270872089638 643.5451531502403 315.4019610568841 1.4684652 1.6297054 4.246158 -1.4845208 1.6122506 10.3538265 0.93659943 103.52105970090464 
Car -1 -1 0 317.06866675522156 177.71113783179896 457.6427311797396 270.9801590678843 1.6100668 1.664229 3.636851 -4.600984 1.7217331 14.624229 0.952327 113.69971673328277 
Car -1 -1 0 0.0 198.02077486273808 96.95019043045855 277.47834036307717 1.4189247 1.6565714 4.2275095 -12.754122 2.0711126 16.490871 0.9617189 85.06516093098675 
Car -1 -1 0 286.14554420772504 179.73270648942932 374.62960586789376 248.04193599846977 1.5446936 1.4884671 2.8276515 -7.0973244 1.7335699 18.2241 0.9755993 33.41980980344956 
Car -1 -1 0 867.1874305618386 168.38545503015615 1019.3569134290593 223.5583205752881 1.4436679 1.5982277 3.6643186 9.527504 1.3267426 20.822588 0.92180276 36.890277883483854 
Car -1 -1 0 521.7959083619104 180.51356441077343 641.2725581193057 231.1673790087991 1.5206048 1.5727825 3.6266253 -0.85228 1.7698681 22.690105 -0.002392784 35.33659038169605 
Car -1 -1 0 47.18873981160808 191.32873175244197 120.50583642622556 243.01851259542627 1.4615798 1.5926392 3.7016053 -17.261957 2.1229777 23.831413 1.0419683 20.668431791219323 
Car -1 -1 0 435.9247585491844 184.42243614464005 530.3712095026435 226.86864405873868 1.5497578 1.5357208 3.4484575 -4.8008313 2.0089965 27.739923 -0.08010551 6.974944434517366 
Car -1 -1 0 65.32040012019327 188.98884373506436 119.23682829319345 231.4818846602585 1.455298 1.6251471 3.9456732 -20.301363 2.1363015 28.372791 0.957885 0.2735135555267334 

