Car -1 -1 0 693.9078795949513 178.93062935033166 814.8350552708121 262.5802169722641 1.4425979 1.6199517 3.8687654 2.7844322 1.5825989 14.675127 1.5528834 124.75104957422471 
Car -1 -1 0 648.4861241143991 171.3157059588088 694.3845022092524 213.4412249408595 1.5611069 1.6476262 3.572913 2.3910928 1.5041 28.556767 1.6104207 55.88335777722564 
Car -1 -1 0 576.4830189503978 167.28423958489012 638.8658572067782 226.83854700711132 1.6297557 1.7108448 4.152256 -0.126207 1.4773343 21.851522 1.5342319 44.91738410776459 
Car -1 -1 0 758.7253257485985 192.37392989427357 1065.794267039396 375.0 1.3416848 1.5895293 3.7710185 2.6941164 1.5926065 7.382065 1.5803895 58.870994697069605 
Car -1 -1 0 337.45300469557696 172.83185086811395 385.23204833095775 202.96918604968798 1.6340668 1.6200008 3.5267649 -14.01656 1.6328657 40.91729 1.5299016 54.428709696174685 
Car -1 -1 0 139.97505822656595 184.08349379563668 247.64955795839944 228.4616153003542 1.3543994 1.5820405 4.0065556 -14.30455 1.7765882 25.0897 1.524781 20.99126865601451 
Car -1 -1 0 681.2778819136411 175.16858749933797 761.2739658211871 236.09216171500285 1.4757826 1.553864 3.3268595 2.8949327 1.5430417 19.286453 1.548168 30.949253453709158 
Car -1 -1 0 283.6449683416706 177.79431475108458 348.6585540382781 210.2992963063962 1.4811635 1.6509202 3.707522 -14.272726 1.7356192 35.303688 1.5782213 15.447523521983328 
Car -1 -1 0 391.62528542537115 171.83533925923092 433.6473180149849 196.0841278540679 1.6443372 1.7876135 4.2952285 -13.878219 1.5752604 51.079388 1.5747336 9.211649230518688 
Car -1 -1 0 0.0 174.5034857947142 115.19708949143768 226.69128126799689 1.6234642 1.5434097 3.232452 -18.408617 1.6825545 24.198975 1.5261606 21.282088731513234 
Car -1 -1 0 637.4747997615721 170.93307331474523 666.4294127329787 199.1181265872187 1.6453044 1.6760116 3.8933067 2.6302602 1.53317 44.128826 1.653181 3.586383476510378 

