Car -1 -1 0 722.7310903206279 181.84736356917503 952.2142625070328 319.851758147588 1.4843957 1.6283219 4.265985 2.9048848 1.6392608 10.235566 1.4938546 131.5857972010325 
Car -1 -1 0 669.85913628273 181.81131595486434 784.0503543167152 261.9942564381936 1.4573088 1.5932931 3.8011546 2.3764524 1.6739709 15.501289 1.5010375 89.96103078198648 
Car -1 -1 0 267.45547273702107 180.7865692483742 445.74806418335896 238.0800074809983 1.4508823 1.6641506 4.3616595 -6.774557 1.680243 19.724726 -0.14461881 90.86131422961223 
Car -1 -1 0 629.5084911196285 178.0871892789838 690.214768206413 224.51187738230422 1.5351934 1.6118876 4.0473404 1.7596135 1.7419001 26.415184 1.4854906 38.72096845001643 
Car -1 -1 0 0.0 183.7991664051637 312.0698585575494 304.4873972587628 1.4716072 1.655859 4.344765 -6.642045 1.6394844 10.026833 -0.09974158 70.57502294941744 
Car -1 -1 0 616.8363311402876 179.24924781886895 662.9597061801096 215.2982381920294 1.4697713 1.6212115 3.7052171 1.2885725 1.7703457 32.003662 1.4954357 6.938124043654018 
Car -1 -1 0 333.338217053067 179.45522068242997 459.89889572465376 225.01908535178043 1.5239339 1.6446359 4.0677543 -7.4303074 1.7667642 25.489906 -0.116083056 5.062330447653597 
Car -1 -1 0 519.0469530844599 178.45679326194016 541.6153613420038 198.20663187342524 1.5197059 1.6642339 3.668744 -6.456601 1.9894929 58.560585 1.4183397 2.433041005278993 
Car -1 -1 0 477.35898629721174 177.32321179165612 502.26157704180207 201.021772504852 1.5382915 1.5993034 3.6124308 -8.174615 1.8563766 49.453075 1.4298339 1.7042251283587642 
Car -1 -1 0 412.298225407997 172.9337063407521 487.63820577315954 204.48457257380105 1.6789134 1.6532463 3.892982 -8.67433 1.6833916 39.470673 -0.12899399 0.644729536306533 
Car -1 -1 0 380.8790795174277 179.9217981833507 484.70103894924733 220.66462552331603 1.5170705 1.603241 3.7704496 -6.84202 1.8034027 28.223648 -0.11208653 0.5897275242931624 
Car -1 -1 0 606.7356263748635 177.62645334561242 645.7649304550715 208.00690341583189 1.4630487 1.5828289 3.57709 0.81431687 1.7213302 37.190296 1.4705046 1.2435452860704972 

