Car -1 -1 0 492.9951815110517 181.76769334773533 541.0451573844891 218.03265920804108 1.4097016 1.6655103 3.8932073 -3.9082608 1.816793 30.98423 1.543438 27.16679811228507 
Car -1 -1 0 367.1424430091759 182.5348638686971 465.17408386557156 215.40987454307208 1.4415746 1.6161766 4.041577 -8.771145 1.8942685 32.92891 -0.0016671298 47.63656683584866 
Car -1 -1 0 566.9286730977437 175.68387502602275 600.4277073383053 207.4823254107896 1.5875016 1.6884791 3.7753146 -1.368911 1.7451403 38.278145 1.5367618 29.154553359969054 
Car -1 -1 0 0.0 184.85582864802518 255.09401967606294 308.243020031869 1.6448488 1.7268581 4.3854136 -7.881777 1.8389196 10.73381 0.032180972 89.45901125017878 
Car -1 -1 0 182.23396700525925 186.4216589116662 376.8818048957664 251.6579427980493 1.5541341 1.6658581 4.201845 -8.304371 1.9165835 18.411888 -0.014562273 77.17690949056264 
Car -1 -1 0 272.22951216272617 188.19189656035135 410.1688243878959 240.61030761406425 1.4517493 1.5612592 3.4838781 -7.847498 1.9218019 21.288946 0.02483973 37.37135804542097 
Car -1 -1 0 37.75922272450221 191.15086109212695 289.1052463403817 281.2948856533132 1.500749 1.5851462 3.5990615 -8.006241 1.8561764 13.183411 -0.022518078 25.732222219609923 
Car -1 -1 0 109.7857181625855 190.7983718667765 321.18796339786525 263.42706536582506 1.4871241 1.5975664 3.8340616 -8.641439 1.9065218 16.02595 0.020498192 21.744467059581574 
Car -1 -1 0 318.7627741776107 171.98405400352996 373.9784039042178 198.97707547994636 1.5486442 1.6378336 4.4340715 -15.830614 1.4987334 43.630592 1.5927982 0.5621042366853802 

