Car -1 -1 0 608.4943859742375 163.80869841883177 757.7095186453715 217.564713985243 1.5454488 1.6748282 4.3016696 2.1749282 1.2854024 21.735228 0.07273851 117.76537342653934 
Car -1 -1 0 788.5340982962592 159.4791493219334 946.1920282091961 211.5280164926696 1.5087283 1.6553346 4.1680794 7.702494 1.1210345 21.79467 -0.025059026 117.16705220746482 
Car -1 -1 0 580.4690431916821 164.20400814678177 663.7856069289742 199.9387115803927 1.4183848 1.6158128 3.9912407 0.6040553 1.0750484 30.741802 2.1724577 48.4982379696452 
Car -1 -1 0 518.0130875085464 164.64799889949475 598.4033897622218 202.12622325017816 1.4963031 1.5625975 3.495329 -2.1289475 1.1686816 30.688023 2.178375 52.977473094329056 
Car -1 -1 0 1124.8949146232985 152.8264162851048 1242.0 204.84630480270317 1.4704492 1.6173224 4.0812244 17.816519 0.9043282 21.257275 0.026043657 34.51947666973069 
Car -1 -1 0 951.0972074799096 151.54857706675347 1124.955224863395 207.116142118708 1.5948393 1.6758344 4.2136507 12.712744 0.98335433 21.572903 -0.0124674095 114.11735421123768 
Car -1 -1 0 726.672447889935 155.9986758532015 804.7531683980205 194.65317718851273 1.5026889 1.6151159 4.301796 6.6190844 0.8474401 30.266666 2.1954992 26.735486947174987 
Car -1 -1 0 206.65545429929642 176.78078249914986 320.60994472412574 217.2447022150961 1.50033 1.581461 3.6706724 -13.309425 1.6570646 27.867008 0.07874744 46.03062201197266 
Car -1 -1 0 932.1504444414022 152.0120101879428 986.9852060100498 188.25774341832604 1.4773395 1.6260407 3.8447466 15.303051 0.6278409 31.457726 2.1636553 17.61700531131251 
Car -1 -1 0 800.0924739275215 154.38438652648418 869.7166788772375 191.96663809155604 1.5231566 1.6115587 3.923052 9.822118 0.7746086 31.286572 2.2307625 2.121866882392865 

