Car -1 -1 0 244.53866339374 177.16765521132183 370.32068372952097 234.1701003314793 1.4579324 1.6705724 4.3173256 -8.603155 1.5965369 20.985712 1.6218139 85.12676890881862 
Car -1 -1 0 690.5690205965996 179.63305784626942 776.0382890375292 238.48329093873878 1.6172752 1.687737 3.8863294 3.7132843 1.8456033 22.296618 1.4887427 67.72194074048318 
Car -1 -1 0 437.72580256645625 175.40800658345694 486.33361358612206 206.37622298752768 1.5899575 1.700418 4.011278 -7.992903 1.7366858 39.41664 1.6080756 37.22312636888365 
Car -1 -1 0 25.68087578452368 180.1023763326789 286.9527596770084 281.72837274259916 1.4833093 1.601289 3.7802005 -7.5187216 1.6173818 12.032509 0.29381284 112.55561815681807 
Car -1 -1 0 668.0660309691526 183.02916981569328 724.4239401218371 223.30418177173792 1.4141399 1.5935686 4.0400686 3.3364124 1.8437692 28.41764 1.53386 24.370695829379695 
Car -1 -1 0 327.91115854748034 176.71206905416307 409.8458087083506 223.77047600836937 1.5257626 1.6216505 3.815361 -8.4375305 1.6729673 25.618979 1.575341 17.514511372836374 
Car -1 -1 0 472.71202268473985 178.1113580484891 508.8813809506405 203.77331608235417 1.4964299 1.6221339 4.12374 -7.3541164 1.8393699 44.99505 1.5590737 6.197992075296269 
Car -1 -1 0 169.2895170435299 161.18153910494107 291.44862462316877 206.05130103325047 1.7745266 1.6864758 4.0926113 -15.435333 1.3128995 29.531324 -0.07574696 13.602595633996449 
Car -1 -1 0 664.3294596733367 179.0674219673539 705.2739784029774 213.33781251652863 1.5130116 1.5985959 3.5414681 3.5238745 1.8234646 34.275482 1.5775684 0.27518555521965027 

