Car -1 -1 0 704.7277262234361 179.86972211012625 867.5334375846043 287.8296361588706 1.449968 1.6054913 4.2585063 2.7269683 1.5886538 12.1164875 1.5482916 101.98892973153058 
Car -1 -1 0 681.3956868583048 179.3893810439279 766.3021546206506 248.82472210930618 1.4662083 1.6031253 4.007462 2.67674 1.6445596 17.655094 1.6129965 52.128449955995045 
Car -1 -1 0 216.22802333345666 189.94674420727918 419.1059977755683 259.2416033031085 1.4864275 1.6288834 4.050624 -6.6651554 1.9032704 16.746487 0.017493429 57.72444575498243 
Car -1 -1 0 0.0 175.12183206221403 280.92566810832835 345.4337532351483 1.8091638 1.7099983 4.184552 -6.44742 1.8397202 8.706794 -0.07784446 96.53955259855664 
Car -1 -1 0 426.5310626162196 183.5743937472467 509.6029707457453 216.79864847659772 1.4925916 1.5718038 3.6040795 -6.5767536 2.0068583 33.78195 -0.02508865 27.602709311329157 
Car -1 -1 0 55.02653512543083 194.57559805350417 343.1037301678476 302.45358804162356 1.4982824 1.5838434 3.5962858 -6.2364273 1.861681 11.2179985 0.034347422 17.87316842857735 
Car -1 -1 0 156.78305937240557 189.43788352771105 377.8221006718843 275.480735172745 1.5340359 1.5878179 3.613329 -6.6230717 1.8813577 14.169333 0.0836434 18.55845474691642 
Car -1 -1 0 592.8473903869775 172.9063896518498 632.9617675148105 214.57503803490022 1.7743406 1.6952525 3.8559842 0.20424548 1.776856 32.68719 1.6072989 22.336849944924587 
Car -1 -1 0 661.4878464445837 176.0045449420244 714.8839577901484 220.9388694568906 1.5856614 1.6250001 3.8284535 2.9417558 1.7147354 27.645514 1.5697918 8.506959279431413 

