Car -1 -1 0 670.0762144997944 180.68330268980935 730.1982005678171 226.5402319618121 1.4635069 1.6160853 4.0722346 3.1496673 1.7652106 25.764435 1.5657432 39.00850241862915 
Car -1 -1 0 16.645066145528364 187.0760655757126 155.54296225299365 243.19859854018097 1.532009 1.5948331 3.627603 -16.13593 2.0114403 22.47752 1.6129569 43.92861851632864 
Car -1 -1 0 176.0666930528683 187.0128148592043 269.1813810437024 226.00956741005228 1.4703703 1.6166477 4.3564434 -16.47552 2.1213117 30.983519 1.5839565 15.064250113926963 
Car -1 -1 0 250.92272870172968 186.00046592020328 311.41269085549357 219.46547754104105 1.5275481 1.5787698 3.7081206 -16.458433 2.2243392 36.337734 1.4998711 25.415284110517284 
Car -1 -1 0 385.53121015239213 182.60605685093125 418.58262518235483 203.84750588784712 1.5564401 1.6102501 3.9352546 -16.261406 2.3498511 56.70417 1.5298247 12.548371362268607 
Car -1 -1 0 329.9935731696566 185.17264777626227 372.99290042152495 209.7899435621566 1.4700221 1.535329 3.4718547 -16.601362 2.2945964 46.56111 1.570005 12.497329459883316 
Car -1 -1 0 289.4626164756956 185.87406997570136 348.3622814763361 214.85573178368682 1.4948512 1.613214 4.316412 -16.557482 2.2795403 41.32254 1.5766091 6.282581351296653 
Car -1 -1 0 603.6903941878478 179.6690260453998 620.337692183882 193.5942974544515 1.4365704 1.6962315 3.9997811 0.28962052 2.196629 78.44491 1.6027863 1.13089984777717 
Car -1 -1 0 657.6217459625589 181.12516793652074 702.6324444021767 218.10888240066018 1.462317 1.6027107 3.982817 3.010712 1.8454077 31.42099 1.5791798 3.1206171989663916 

