Car -1 -1 0 255.16923352207493 191.50893007024925 382.9494321588378 233.73326836847374 1.4477258 1.6873507 4.491291 -11.266312 2.2177958 28.035034 -0.45811588 72.00566148378765 
Car -1 -1 0 423.49585482735654 184.96277432038463 474.405475671076 212.95664889324593 1.4149128 1.6883227 4.3888583 -8.969743 2.1343865 40.63724 1.6220254 52.48164419868051 
Car -1 -1 0 1004.2360292994189 155.3875692982534 1143.8205436592284 204.39042076062248 1.5937278 1.6075304 3.6479874 15.587854 1.0256641 24.347603 0.042710662 52.09027499455987 
Car -1 -1 0 457.9350945437567 182.24617951504663 554.1381857339269 220.45877601497583 1.4926494 1.6151185 3.795502 -4.392346 1.9108789 30.546318 0.47300676 73.08184938127262 
Car -1 -1 0 52.81219969924807 194.73789146147834 210.4952308119468 245.01571029373883 1.3918014 1.6045161 4.066507 -15.744731 2.1840787 23.980354 2.1472194 58.59250960318567 
Car -1 -1 0 649.666585348295 174.0479498652389 688.7690085851777 203.48708179462236 1.6333255 1.7314405 3.9833417 3.439869 1.7065935 42.237778 1.5103536 24.192612640385686 
Car -1 -1 0 1067.5262974217515 151.64881508246185 1242.0 207.41551994999284 1.5900353 1.6613398 4.1965294 16.337328 0.98542726 21.556248 0.07402134 35.66589985317704 
Car -1 -1 0 160.19940357977123 190.7934026319042 276.736165019998 234.27751815364638 1.5228148 1.6126945 3.7973223 -15.496378 2.2828107 28.691847 -0.7401435 16.90093580169594 
Car -1 -1 0 251.21324767924986 186.74290317618184 283.77981724473 215.39756403943372 1.4285104 1.5588923 3.6537318 -18.871412 2.2343984 39.880882 1.141849 1.2776278589597978 

