Car -1 -1 0 620.2456087706798 165.57823899773328 735.0221705412157 205.88631328452763 1.5247588 1.6817898 4.352039 2.649435 1.2495339 28.317163 0.08524108 81.22119019528323 
Car -1 -1 0 760.0193224317024 159.12141306232468 880.8679954199047 199.47809659095924 1.5332022 1.6698384 4.242688 8.189648 1.0114834 28.257107 -0.004739211 90.5961240513164 
Car -1 -1 0 1017.9568363921478 151.01777437989838 1156.085768920896 192.47859612878486 1.5371463 1.6599865 4.2024326 18.19286 0.7275753 27.608908 -0.013428653 31.690628902397403 
Car -1 -1 0 545.5796613523853 166.56514681051954 614.2761215734998 196.2317099143385 1.4565498 1.6080937 3.6634989 -1.4877812 1.1477835 37.375122 2.2105348 46.019711384993634 
Car -1 -1 0 885.8836745435794 152.08068003510718 1015.9138106678375 194.6605756805937 1.5966789 1.681911 4.2337303 13.136504 0.817712 27.936016 0.018271314 99.01903422927461 
Car -1 -1 0 297.6358743289077 179.62489317870586 386.4431330966572 210.62727212359758 1.4339972 1.5484989 3.6939049 -12.821627 1.7680626 34.686386 0.076530725 24.762244309589004 
Car -1 -1 0 597.4014290687503 164.45200463348823 669.092975365547 194.52604965510957 1.4688318 1.6225109 4.231608 1.2901232 1.0584738 37.42882 2.199142 34.7521331485615 
Car -1 -1 0 1146.2970234179654 145.91826166705079 1242.0 187.38914329104867 1.507748 1.5621636 3.556607 22.504812 0.52845097 27.145319 -0.07522865 31.237864928962985 
Car -1 -1 0 715.0362808473168 156.42229889428486 781.1382711678258 188.5743556418976 1.5423145 1.6278913 4.243248 7.1209345 0.7540957 36.799873 2.210276 13.791727973288037 
Car -1 -1 0 885.3726458457304 153.04588800118754 934.6699665368966 182.22558228534146 1.4448571 1.6360495 3.9709783 15.7943 0.4640416 37.831276 2.1636295 5.879639129991602 

