Car -1 -1 0 1132.0397797051214 187.00408976340196 1242.0 293.83544353697994 1.4263797 1.5873331 4.1716585 10.255678 1.713289 12.424065 2.0865195 90.32038633471797 
Car -1 -1 0 1099.699086032366 182.51884848408673 1187.1551102453718 241.61309049593754 1.5020716 1.5816642 3.5620503 15.358616 1.8082498 20.916628 2.0754092 48.446017576908126 
Car -1 -1 0 752.7877465735954 188.83216130458135 889.7188542548338 242.73137138247637 1.4727675 1.5610119 3.5209389 6.1011705 1.9568319 21.032532 -0.026415888 104.28935396660542 
Car -1 -1 0 884.7133857727695 183.59480195299884 964.0028138137804 211.33276510739765 1.4998083 1.5999693 3.7659338 17.661673 2.1173387 40.593735 0.048472423 11.910611839841259 
Car -1 -1 0 1087.0014045964815 183.86194964661163 1155.4573653594773 230.4177182823158 1.4336594 1.5807992 3.9353962 17.851135 1.8518977 25.313522 2.0894237 7.674767235034031 
Car -1 -1 0 1065.7751200544258 178.32112566078936 1100.1583949997114 205.9184150115982 1.4872243 1.5993376 3.8352046 27.396782 1.818831 41.72776 2.1643066 7.158581547611405 
Car -1 -1 0 823.9429048287795 188.2423319592619 941.1360474660731 226.2527638679875 1.403977 1.5979584 4.0539837 10.692148 2.0328617 28.478046 0.10628205 11.178124345696414 
Car -1 -1 0 790.5092445803747 188.79803444696574 925.6132364997889 236.53503657196393 1.4619006 1.5945456 3.87569 8.090952 2.0057364 23.668478 -0.076204844 6.418828618724033 
Car -1 -1 0 929.3821481948944 181.68956146475358 979.5628971797207 205.27872894468732 1.510071 1.6298776 3.8750741 23.639286 2.1411974 49.593536 1.5814503 0.2800673842430115 

