Car -1 -1 0 788.8114268441266 181.85351750992024 1242.0 375.0 1.5493543 1.5895041 3.576042 2.683181 1.6433887 5.7424746 1.5596683 122.92088995954825 
Car -1 -1 0 695.5192234176659 169.64011726366508 856.388627053236 291.22309619678384 1.6547079 1.6966355 4.475361 2.5321069 1.6109679 12.065497 1.5802321 109.71454810881293 
Car -1 -1 0 667.162938124271 180.6859505328845 735.7441020841567 235.52808209745493 1.4715734 1.5421262 3.2808013 2.6607814 1.7229298 21.49607 1.543581 48.16028121106849 
Car -1 -1 0 0.0 156.35259265858593 356.97854047257556 340.21718629228195 1.6945314 1.6460427 3.8770494 -5.122201 1.5424513 8.367844 -0.55256116 159.24048467386288 
Car -1 -1 0 349.98585408202126 165.23085624081557 503.034714856463 229.761475961604 1.7646513 1.6810588 4.1104136 -5.4264684 1.5561891 21.584204 -0.599093 104.35287276084361 
Car -1 -1 0 463.50593182319056 178.9400689287989 553.8197301807093 211.73359326328534 1.5190452 1.6394 4.1961102 -5.0027018 1.8391676 36.042046 -0.6398821 28.007917310185352 
Car -1 -1 0 129.2851202002967 181.95618682336521 430.1321198222526 295.46313792514525 1.4642284 1.6303374 4.0723047 -5.0770226 1.6296561 11.351946 -0.55185306 24.812075983445517 
Car -1 -1 0 408.5733927380683 180.4297093476639 524.0213894426553 221.46074006493936 1.428503 1.5918779 4.0108385 -5.4280896 1.7352991 27.489922 -0.5528556 15.99837822645601 
Car -1 -1 0 635.9657306827617 177.16498371997488 667.7994128544022 205.29938590975613 1.5965803 1.649404 3.871238 2.5083106 1.8680203 43.48676 1.5596051 1.3424945480174972 

