Car -1 -1 0 821.2358702497568 193.5377201054287 1064.261575803917 337.3589550943619 1.4425123 1.5366582 3.3927026 4.0821996 1.7626815 9.450108 1.5405891 100.50092604490321 
Car -1 -1 0 459.27012051588974 181.9095852899562 536.1210017999883 241.88096635860063 1.4021945 1.5568831 3.6090305 -2.8858871 1.6664937 19.239433 1.550958 42.63956433849618 
Car -1 -1 0 493.4545283318955 173.87048932159507 555.3407094870975 225.35199642828354 1.6767905 1.6517721 4.0113506 -2.9363558 1.715704 25.601498 1.5893961 34.9390027928807 
Car -1 -1 0 750.909359311541 186.01177112634372 878.0852757170338 271.75161585077717 1.4870013 1.5792077 3.4774275 4.0514445 1.7887971 14.800207 1.5569347 73.60789279060415 
Car -1 -1 0 671.2442323082579 176.11865087507184 715.3657650120676 211.01962518443074 1.6569202 1.7714219 4.129567 4.197318 1.8323548 36.70762 1.5723443 55.974973364563496 
Car -1 -1 0 838.5232782657107 185.36233136317404 955.506152731744 223.71076885080035 1.5351774 1.6591902 4.2585645 12.020276 2.0761666 30.33133 -0.021611396 32.93967875617522 
Car -1 -1 0 306.1857072058033 174.19446148492466 364.98638821437214 203.69399941229747 1.5122547 1.629969 4.325983 -14.857839 1.589427 39.36329 1.5534688 18.223493640054112 
Car -1 -1 0 0.0 139.90062181134059 404.49808059666407 375.0 1.7315955 1.64431 4.050529 -3.135976 1.5403923 6.225669 1.5535545 128.33125001819946 
Car -1 -1 0 710.0810583967747 183.9642335287488 801.4905451856763 241.10155043531137 1.4177487 1.6147721 3.8973181 4.0696573 1.7667937 20.673702 1.5094091 11.905057149712121 
Car -1 -1 0 796.0000159973779 179.0508405226135 871.152268200933 207.8802238164443 1.5461221 1.5915594 3.6506073 12.373985 1.897085 39.972347 -0.05365704 7.58565622428203 
Car -1 -1 0 252.08902009830285 174.29460691799306 319.940932362539 208.8781719608999 1.5275733 1.6041753 3.7531495 -15.125057 1.5991116 33.929764 1.5395329 1.7481328753217682 
Car -1 -1 0 340.3927335102452 151.0422588597342 509.5982392345913 281.9377250281699 1.964549 1.780828 4.602232 -3.098987 1.6371866 13.1568775 1.6018524 29.397912649862512 
Car -1 -1 0 540.6001301656754 171.997840895591 571.6902789559775 202.97335569328018 1.8047748 1.6727364 4.1962624 -3.2231138 1.7548908 44.15432 1.5510434 2.63439540511599 
Car -1 -1 0 522.3681680867572 178.45771757152667 563.9029377930943 214.4413909396088 1.4833145 1.6019397 4.0011983 -2.9240003 1.7506018 32.394436 1.5435998 0.5943992667848922 
Car -1 -1 0 983.8765929130853 192.2192388026088 1175.6759874597353 269.56459304047837 1.4379017 1.601962 4.3172174 10.5693245 1.9430004 16.658009 1.566937 0.28329795598983765 

