Car -1 -1 0 801.8024566203571 179.89081459757207 988.7829281030406 304.28400456254803 1.4598137 1.5694828 3.3455553 3.8900073 1.5779371 10.387405 1.6424798 112.78080732916662 
Car -1 -1 0 762.3461654131543 175.26435392799482 898.7789526665626 262.02883716290705 1.5323994 1.639103 4.1783214 4.385543 1.589446 14.968752 1.5946507 85.55887412989499 
Car -1 -1 0 390.04109384890694 181.96497554264275 459.8793658427409 205.07086714326445 1.5228035 1.7126421 4.480298 -12.987481 2.187698 50.826088 -0.5027872 24.82361931957963 
Car -1 -1 0 103.69620816122405 187.55555422288754 216.61838810029664 223.08833900540728 1.5263228 1.82512 4.57615 -21.960896 2.2996376 35.492115 1.9107443 46.422391511383815 
Car -1 -1 0 222.52186835746585 182.07078476549924 308.4841436131954 212.69298657205752 1.5946965 1.6943257 4.380169 -19.610142 2.1525877 41.33045 1.9985684 27.17885149321442 
Car -1 -1 0 303.2877749709376 184.03182387191043 369.73076175635987 208.19417483738036 1.4190139 1.596777 3.8575659 -17.485466 2.1692972 46.360905 2.0908651 33.427016596479156 
Car -1 -1 0 695.757228737508 175.5530496570496 748.5654128628736 214.52998356974936 1.5570657 1.6199682 3.8362217 4.7713594 1.6803244 31.021175 1.5562899 12.385885577190058 
Car -1 -1 0 563.5108869152267 175.1270705305789 616.6288132422288 198.23069238284523 1.5654387 1.5873613 3.4384644 -1.3813624 1.7304771 50.795403 0.5667063 35.429069498900354 
Car -1 -1 0 607.2024645411154 173.58130367744366 632.842489574933 191.51746322156956 1.5730773 1.7015258 3.8141563 0.9181614 1.6410944 65.46185 1.414238 3.633215783475442 
Car -1 -1 0 465.53419962245897 180.5514498817235 490.6138913360634 200.68263165345695 1.6659117 1.7240213 3.944602 -11.49666 2.3626103 63.282078 1.5051957 6.054277875150112 
Car -1 -1 0 0.0 189.8683579171458 60.57911093293403 220.54843797822275 1.4926378 1.5961412 3.7972867 -32.57751 2.4714022 39.447628 1.9568896 3.328260161688807 

