Car -1 -1 0 918.2567109724855 173.6343925462538 1062.2235704853322 216.00983079743094 1.45142 1.6321582 4.2457666 13.494445 1.4803933 25.76981 0.09736612 65.01377484337894 
Car -1 -1 0 785.2049408616963 175.65145824969883 949.3582914148257 226.00298809929635 1.5118823 1.7227508 4.5348635 7.9856462 1.6030248 22.635178 0.005088111 108.52277020474197 
Car -1 -1 0 410.9437836919273 177.62081825548572 454.72097628580434 203.80896954608738 1.4779735 1.7707834 4.3904047 -10.652693 1.7818978 43.769405 1.5234268 19.61373144704826 
Car -1 -1 0 479.7743305912147 176.11474793428457 548.1657723472568 207.84507461195338 1.5139441 1.6998955 4.074835 -4.838852 1.6915252 37.08773 1.9535416 56.83273408002053 
Car -1 -1 0 1099.1937485957412 170.3885687876993 1228.017573241191 208.97651184644917 1.4740801 1.586203 3.805662 21.759314 1.3798991 28.43912 0.043978922 32.59252229197699 
Car -1 -1 0 743.2868812930259 175.34176651627092 813.0398800317581 201.67812332299218 1.4168144 1.532763 3.5266626 9.517375 1.5634372 40.83117 0.6687077 49.22898614588851 
Car -1 -1 0 959.587395222369 165.3693091242506 1094.5349133786294 209.4561082751659 1.6927562 1.7264007 4.3313494 16.543705 1.4053739 28.762276 0.09181304 5.118954511043378 
Car -1 -1 0 583.2117595076927 177.37869176088873 600.3228436484093 191.44097357121748 1.4487273 1.6632571 3.6482105 -1.8862448 1.9454143 77.36261 1.5934945 1.1639562640302779 
Car -1 -1 0 642.9556164927478 170.1481262926822 710.7601415519277 201.23639471105756 1.9010844 1.7189565 4.4263897 4.271103 1.7356168 46.377457 0.8815522 1.6244211908512103 

