Car -1 -1 0 697.6722336153068 177.36588335005 802.843329315197 256.00081770480364 1.5334358 1.6845025 3.8681843 3.0255523 1.6472135 16.244791 1.5907067 94.98512508358289 
Car -1 -1 0 663.1258027374544 178.76880090352765 722.603974747119 223.24765241117666 1.4266514 1.591496 4.1960826 2.894105 1.6555271 25.812057 1.5578434 48.268251092567226 
Car -1 -1 0 26.522392807849112 166.04873915790094 400.63982913123715 324.60019950996553 1.724267 1.6648152 4.017211 -5.0033636 1.6502589 9.561222 -0.51549524 77.57057020249452 
Car -1 -1 0 427.0921766680057 180.60195732800463 534.0813817484884 222.08768234286677 1.4516943 1.5699072 3.7248902 -4.866621 1.7593875 27.219393 -0.39058247 19.723432732575322 
Car -1 -1 0 457.11315045119494 173.816397318064 543.8540221155478 212.20317070395456 1.6613448 1.6159189 3.5156279 -4.9031363 1.7064425 32.550957 0.27863002 19.9754274663871 
Car -1 -1 0 495.78576472380803 176.58786190142456 570.1296802661885 206.43984358811213 1.5655167 1.6266621 3.749426 -4.22297 1.7804193 39.888817 -0.52167034 5.72520035514619 
Car -1 -1 0 653.989777376138 177.66531501021004 699.4522382210014 214.16076220002392 1.4501151 1.6002824 4.2094383 2.8501701 1.6731106 31.333752 1.5751836 5.672796003090319 
Car -1 -1 0 144.03888244580543 177.80651885419553 418.78875264587117 285.4730389361447 1.5053887 1.6246295 3.8697984 -5.2759743 1.5979507 11.861677 -0.48731586 2.9877011168811958 
Car -1 -1 0 301.7446184561361 155.40964506262102 495.4545991448917 242.4274698415179 1.9737715 1.7588344 4.399063 -5.286846 1.5780919 18.267399 -0.55128235 5.621853205704903 

