Car -1 -1 0 207.31046137160953 189.76532161780568 314.4079006113742 242.1587644749929 1.5028896 1.68504 4.237569 -11.552519 2.121293 24.23487 1.5319461 75.26846201364738 
Car -1 -1 0 735.0067849233635 183.24490513406278 964.9101413885958 350.2333485771491 1.5004538 1.5659748 3.5135906 2.5404541 1.6478657 8.469659 1.5834032 101.85156551893088 
Car -1 -1 0 397.2592551266328 183.49274764132727 544.8251913624158 239.3327712559116 1.4963545 1.6157252 3.860095 -3.9211266 1.8171313 20.739075 0.11092842 70.36143490122339 
Car -1 -1 0 630.4081358945242 177.75713992592893 667.4426896604365 210.03806312906778 1.4823114 1.5518584 3.4238887 1.8872323 1.7345366 35.387436 1.5473889 14.10396537751313 
Car -1 -1 0 652.0136933642269 177.80939715022726 710.4748457560751 225.3009541406921 1.4779001 1.5829388 3.6229737 2.3769302 1.6597742 24.658178 1.5548553 12.739345173105797 
Car -1 -1 0 294.4640618754148 185.41136795090685 444.3548322600008 268.4800382940519 1.4922016 1.630151 3.6651745 -5.211479 1.7934294 15.420255 0.80819297 82.37153561480558 
Car -1 -1 0 282.5682960030397 186.74252658620838 358.6096410804277 227.31747505449033 1.4469275 1.5665622 3.7417006 -11.471623 2.0391374 28.89062 1.5642786 5.188401963432947 
Car -1 -1 0 663.7022757091335 157.10246866902634 762.0546877435319 240.1006161537116 1.9432051 1.860741 4.769667 2.6016884 1.5744202 19.29544 1.5514977 11.943688136130858 
Car -1 -1 0 490.2685173123817 179.7112493148048 557.4603700911152 210.7355813997376 1.4546218 1.5953784 4.086769 -4.4349866 1.8252735 36.88365 0.9341735 1.183347444200732 

