Car -1 -1 0 703.5593914695895 169.91886423621455 902.8520559592702 239.59629514742397 1.5466733 1.7022122 4.3963447 4.5195804 1.4815202 17.278553 0.19561435 159.79516579265174 
Car -1 -1 0 937.3171256630237 168.93459960110897 1161.3378587451134 237.31983763477396 1.4940097 1.629307 4.1480923 10.041476 1.4083827 16.718561 0.068723306 90.68452660899273 
Car -1 -1 0 590.9686525017576 170.23533263977538 683.7879002676294 212.46779084436207 1.449955 1.584869 3.5720038 1.0838022 1.3600489 26.654182 2.2608495 62.651152677109536 
Car -1 -1 0 989.060700505167 161.95658475085182 1242.0 276.67161661508936 1.4895909 1.6320612 4.08389 7.8944397 1.3480864 10.2918625 0.052767597 95.58641654931121 
Car -1 -1 0 257.84866201468145 177.27186964103169 370.6547810938894 223.05145569338322 1.5064776 1.5452862 3.2794194 -10.167149 1.6653429 24.941969 0.14691016 61.434793310326484 
Car -1 -1 0 664.2442129437525 169.46366676327935 758.5248959001641 210.4406757056117 1.3806658 1.5955458 3.9140365 3.78089 1.2664329 26.328184 2.2611508 46.72520427614406 
Car -1 -1 0 836.6218741669807 163.5856439601586 927.8918022016505 210.07193612958983 1.4965398 1.6752162 4.1415935 9.6425295 1.1981622 25.342934 2.2836218 20.59119323482572 
Car -1 -1 0 933.8375894268622 161.04303347925318 1022.5252767110015 204.84419848630824 1.4562724 1.609084 3.898293 13.282081 1.063589 25.908638 -0.75244176 19.016812227985053 
Car -1 -1 0 743.3863013675975 169.01896546373834 827.9114236465318 212.69061680406003 1.4399917 1.6110889 3.681179 6.3413672 1.3135384 25.746944 2.2147796 7.12883938369545 

