Car -1 -1 0 444.1067820336572 187.75226526714223 529.8574886764183 238.689530570761 1.3948324 1.6674471 4.2642155 -3.828207 1.9203422 23.248672 1.6669403 96.84970561137857 
Car -1 -1 0 558.620687122227 184.5305354288444 642.024504979253 262.7905794429544 1.4868203 1.6507101 3.7071784 -0.1569954 1.7780311 16.129856 1.5850635 65.12288297944937 
Car -1 -1 0 731.9314590693884 189.94822282505336 953.4473819808312 337.1570639967747 1.431031 1.596687 4.1231785 2.7712073 1.7062886 9.555824 1.5694661 131.39090792720597 
Car -1 -1 0 679.9330396028422 186.55074118080066 785.1617553061473 270.8255945961737 1.4613718 1.610118 4.1220827 2.4505594 1.7906158 15.265943 1.5930939 77.67075320246663 
Car -1 -1 0 123.47428320666594 200.08779166822418 435.66757922392463 375.0 1.4665964 1.6176988 3.6651669 -3.0995135 1.8243561 7.6424503 1.5751793 119.95484914792313 
Car -1 -1 0 662.8815495579091 186.22710306195978 716.455097664278 237.63719899520683 1.4569523 1.5624225 3.4971008 2.641884 1.9222748 23.25799 1.725838 34.89781028780124 
Car -1 -1 0 311.20247764504427 188.24761834670466 386.7216048926965 216.94016834291503 1.4760051 1.5808274 3.7838128 -14.2744 2.3496723 39.703495 -0.25832883 27.2843080847067 
Car -1 -1 0 200.356728492395 194.08692353075767 284.70677060526657 224.32174434857578 1.5077081 1.6076245 3.7775884 -19.713236 2.6878815 38.89335 -0.22884814 23.235599051544742 
Car -1 -1 0 587.4173966620286 177.75710390081716 640.9394605804334 229.09784969982178 1.676461 1.7350864 4.0792365 0.24048105 1.8675978 26.043264 1.6259437 10.074606848329232 
Car -1 -1 0 562.2135194124271 182.24322833563514 596.6608393887803 210.42694387696272 1.5310894 1.6157998 3.5109944 -1.7220379 2.1039996 42.215576 1.6457944 7.096386698045732 
Car -1 -1 0 56.379706077916325 195.4049026522517 154.10943689005882 228.00779918841647 1.5544372 1.6170815 3.7904396 -25.858913 2.749661 37.107094 -0.18027022 7.541319450128383 
Car -1 -1 0 482.7115845056488 184.84490276369516 540.1994154802271 209.85707192722515 1.561088 1.6208286 3.8247297 -6.617261 2.4081922 48.965885 2.2309 3.246508941574993 
Car -1 -1 0 134.31846869264226 190.6290138305786 211.97121315032422 213.980556708925 1.4625101 1.64796 4.320896 -29.650913 2.712435 49.16291 -0.38501325 4.3729233871140005 
Car -1 -1 0 646.9926983199182 185.5705352820669 692.6632905073435 229.03052441287966 1.4693145 1.618438 3.8042827 2.3559723 1.9895427 27.53587 1.6849786 0.6812347489543501 
Car -1 -1 0 710.3065965295903 179.2299152781159 727.6969693660149 195.10302379608243 1.4915087 1.6473687 3.694644 10.83945 2.1391068 71.32882 1.7355416 0.6426317934135508 

