Car -1 -1 0 3.5883206602797335 213.47079961405925 340.0022647887038 375.0 1.4060564 1.5711577 3.6688938 -4.4717245 1.9645698 8.078638 1.5596589 117.35030745076305 
Car -1 -1 0 273.9477983993315 200.57487801051266 426.45186430444716 303.2171177802956 1.4853139 1.5942562 3.6540346 -4.5823307 2.0671124 13.292282 1.5393652 86.54423051060603 
Car -1 -1 0 871.9374564854801 195.46621177129884 1229.571331771591 328.41839233474036 1.5509672 1.6346202 3.9564717 5.830145 1.8893943 9.781158 -0.103746355 59.399982104689315 
Car -1 -1 0 673.7183632943292 188.8894658483878 808.5177634481718 237.16256563848216 1.5365889 1.6682575 4.2602444 4.487508 2.1147394 24.870956 -0.15032257 48.41202171856347 
Car -1 -1 0 731.6012198765061 192.6572283982828 888.1865717947209 251.1675121224234 1.4797084 1.592015 3.8618073 5.486677 2.0562449 19.975714 -0.12503831 38.569354038805294 
Car -1 -1 0 793.4791550780155 191.44051394748942 1073.7588919905866 294.0475668805856 1.5625781 1.6417068 4.091079 5.417884 1.9060626 12.341086 -0.08581551 75.51382395671912 
Car -1 -1 0 773.7445641985032 195.63162127913603 994.4123913790577 273.8858397837764 1.4549832 1.5986484 4.030464 5.652397 1.9638771 15.072937 -0.12668827 33.39882925412091 
Car -1 -1 0 757.2016652712114 192.14811903074116 930.2145023917179 260.5831087381845 1.5156286 1.5812495 3.680531 5.6298122 2.0120308 17.556007 -0.12149919 22.44355049987155 
Car -1 -1 0 562.0447941398171 187.56823276229542 585.0418674227989 210.960871606737 1.5585426 1.6085578 3.754929 -2.6249192 2.666375 52.40559 1.515726 12.33222330998667 
Car -1 -1 0 641.8618448691929 186.84858497624032 750.9452025786836 227.63372028659435 1.5604688 1.6690053 4.1414413 3.5450265 2.1605892 29.699846 -0.20652004 13.906382607746492 
Car -1 -1 0 654.0780023101611 190.33553956600912 765.2589962410796 232.64205706298537 1.4836653 1.6130813 3.8667557 3.7246675 2.166646 27.168589 -0.113841325 12.343672407711098 
Car -1 -1 0 624.5607212559665 188.39637741802542 705.7193052254459 222.2469019168342 1.5004541 1.5655267 3.530608 2.6118746 2.2615337 34.184532 -0.2191124 8.8811568851953 
Car -1 -1 0 408.15440556648275 181.4906833077099 466.8550054405585 232.22271525217198 1.8200897 1.6880131 4.278945 -6.788417 2.1917744 28.84477 1.4802313 37.83118315838793 
Car -1 -1 0 584.6907471729658 187.27724891642663 653.5418699170252 214.19718260343714 1.5529788 1.643469 3.934544 0.57084525 2.4631531 44.260174 -0.24375379 6.248799343923743 
Car -1 -1 0 596.7120157033513 190.16512390088764 671.3712061232645 219.16750042700897 1.4767941 1.59339 3.7847402 1.3279252 2.455881 39.535072 -0.27078637 2.31480368800927 

