Car -1 -1 0 433.83171023421414 195.68332952422443 543.3693449054787 282.9996608891955 1.4550142 1.5915383 3.7572372 -2.3556726 1.9861219 14.898329 1.5823947 111.53084651316777 
Car -1 -1 0 747.9677312042801 192.3374964355039 943.8556314395018 340.3066174418801 1.4918363 1.616925 3.5424805 2.8877158 1.7992109 9.567862 1.6289425 100.94785606812943 
Car -1 -1 0 692.0561044933762 188.1477346462439 765.6103775096964 245.63789677520853 1.4674017 1.5760459 3.407636 3.3893826 1.9492662 21.028812 1.5694127 91.15418002600448 
Car -1 -1 0 676.8734619404102 185.29602484749378 728.7846829862109 230.60554924043393 1.5371284 1.5880388 3.598949 3.463116 2.0392106 27.297144 1.5969235 33.64756782063208 
Car -1 -1 0 1043.7136157057244 208.76432380391932 1242.0 285.48409357439874 1.5486622 1.5696998 3.603033 12.135912 2.4174314 16.471336 -0.113974735 48.581085377644435 
Car -1 -1 0 489.3051571152043 191.0627897709194 558.3089459929633 251.65546437391413 1.4428751 1.5563664 3.6136317 -2.3013997 1.9960002 20.0971 1.552269 32.838533500517244 
Car -1 -1 0 516.0982720143696 189.24100867827494 573.9038779387157 237.80328623098302 1.4734256 1.5826983 3.6693914 -2.1640759 2.0833015 24.998709 1.5969924 10.147726010228986 
Car -1 -1 0 1042.702840777402 186.51715202854942 1151.835320175033 227.12378547156456 1.6166816 1.5804635 3.75805 20.595486 2.215039 30.52424 -0.15707603 5.59988148368388 
Car -1 -1 0 658.6330704247322 184.233691111585 695.9770101094855 214.35070902043083 1.5049441 1.5984653 3.7201393 3.6474814 2.1552744 39.355118 1.54566 1.201962818393056 
Car -1 -1 0 541.4163680807249 189.09288229142763 582.0439831154895 228.6997843389127 1.4441382 1.5706823 3.7959063 -1.977499 2.1597326 29.849977 1.5044607 1.5119195752921968 

