Car -1 -1 0 255.7585909096808 185.42526014081847 474.1340886068108 332.68449731030637 1.4131724 1.5503376 3.484583 -2.7763762 1.5998746 8.969197 1.565028 75.84707733533921 
Car -1 -1 0 292.72065800458915 171.76817721186757 358.78295296014016 201.67915241619954 1.4895501 1.7654598 4.335787 -14.888824 1.4354765 38.10439 1.5757134 42.928063819124645 
Car -1 -1 0 487.1407387945318 178.27439414098797 559.9574259883552 230.49236103250178 1.4290016 1.5923159 4.2611 -2.5587826 1.6131533 22.35374 1.6094232 49.213522311812966 
Car -1 -1 0 696.4288173796679 173.99366955285748 767.2264450489664 224.575947784741 1.7002006 1.801482 4.3162136 4.389573 1.7455285 26.524195 1.5533266 92.44203622727447 
Car -1 -1 0 417.1501340363491 168.0652355934097 534.2681591193805 258.1221606724575 1.668256 1.6490811 3.926147 -2.6912937 1.5795467 15.354611 1.602881 93.48933719289911 
Car -1 -1 0 195.07083392481127 169.96536042965926 295.56682035271785 209.52383428700338 1.4819496 1.7678604 4.5603194 -14.639307 1.3737345 29.313679 1.5743082 52.971603931445166 
Car -1 -1 0 821.0537699841924 193.60425593589179 1080.8402765971905 331.95871802130057 1.3846737 1.6368428 3.9202552 4.2754455 1.7224953 9.779194 1.5614376 70.11463448279807 
Car -1 -1 0 961.4216379012438 181.63187171643142 1146.6731012620135 246.42055491464467 1.6949632 1.6869522 4.145788 12.253158 1.9501038 20.049501 -0.03865981 97.02672414846839 
Car -1 -1 0 863.449246009167 181.66984326335705 974.8403498829357 218.45248792972671 1.4445574 1.5924928 3.928849 12.709774 1.819461 29.737427 -0.07794055 52.327795154322814 
Car -1 -1 0 651.6348607075612 177.56884616775437 688.4339034188692 200.0514538737717 1.526929 1.6346169 3.8486578 4.3067584 1.8795091 51.909935 1.3732919 9.254973683187576 
Car -1 -1 0 524.4069117012679 171.15300610046083 568.4714355662163 210.2263149875682 1.719948 1.6875165 3.9857254 -2.8925977 1.6450727 33.759438 1.5774549 12.158636501076403 
Car -1 -1 0 923.3413895878219 172.61071264400445 1042.0608381456532 216.41820401513806 1.577338 1.6068635 3.5999055 13.825575 1.568578 26.851097 -0.038049083 4.4966575091925 
Car -1 -1 0 511.018010337446 176.92405253315547 563.6758922269603 216.44293866459006 1.4511348 1.579509 3.6488183 -2.8106039 1.6237013 28.735039 1.6150131 7.177954747869663 
Car -1 -1 0 1026.7846441747924 194.18846097782915 1159.488407671508 242.73039964097882 1.5018249 1.5479416 3.5147061 16.117283 2.2436264 24.127722 -0.10880568 3.959460847599583 
Car -1 -1 0 344.97070428119684 172.22117768067764 386.6819786795978 197.83965616587207 1.4946365 1.5901456 3.7743306 -14.823425 1.4577161 44.04988 1.4761859 0.34272757172584534 

