Car -1 -1 0 683.2907288301705 182.07597405585207 809.3917458999 270.3115562066616 1.4544665 1.6219982 3.9360955 2.5430822 1.6628531 14.307766 1.5338656 82.63999004460638 
Car -1 -1 0 654.044423279786 180.26961960219413 730.352537777754 240.62764936329003 1.4772718 1.5950631 3.946565 2.2032075 1.7047106 20.139292 1.5486593 62.09160742802426 
Car -1 -1 0 125.16998380090952 185.12866187156422 372.0965481826685 272.20705696063953 1.526278 1.6202257 3.914462 -6.7642517 1.7775964 13.84136 -0.063044295 89.22272362352244 
Car -1 -1 0 512.3689849863867 178.0383765309811 547.268156887269 208.1668308625583 1.4398239 1.6412823 3.9329274 -4.062071 1.7216167 37.198006 1.4984137 25.075827639640455 
Car -1 -1 0 330.17417303562104 181.19748689093637 452.2716189950513 225.81270693367657 1.4560893 1.5695095 3.805958 -7.450657 1.7553244 24.896545 -0.105656385 36.482345762711546 
Car -1 -1 0 636.228426152525 177.69411688114008 696.375255052531 224.6686005499061 1.4933771 1.5931453 3.633158 1.9072603 1.6748322 25.186506 1.5067481 34.08654882550041 
Car -1 -1 0 349.5605702493568 173.87442874669145 467.0449769350494 219.5075578205045 1.6943403 1.6833401 4.1368065 -7.6888523 1.7352066 27.86641 -0.0929068 40.52515755795436 
Car -1 -1 0 230.76897615655747 185.54175308734176 434.0736931144854 258.1134150979533 1.5411581 1.6452781 4.0049825 -6.2088985 1.845399 16.459585 0.00981205 45.61647652255587 
Car -1 -1 0 619.5870353815872 176.58346038994983 657.5253581001135 209.17442283309342 1.500982 1.590576 3.7274961 1.3806101 1.694526 35.554104 1.535263 2.2288835713928075 
Car -1 -1 0 412.00691843221654 176.30053611098793 497.4242308822001 208.43710290787928 1.5835057 1.6599017 4.0755634 -7.830274 1.7638575 36.761826 -0.08254085 5.566713280180715 
Car -1 -1 0 629.9886312610358 177.28142809568334 677.4920976278515 215.90503549124588 1.4446393 1.5823616 3.813075 1.7359283 1.6366485 29.36104 1.539011 0.37511733174324036 

