Car -1 -1 0 62.59555765160803 188.05024576753496 217.35835843171546 253.08653120545827 1.4316792 1.6619735 3.9783463 -12.066523 1.8722119 18.877016 1.5042049 97.14017411782432 
Car -1 -1 0 682.6204421221324 174.36271687982628 766.8142616235799 251.36712077859474 1.6480851 1.8029319 4.0908675 2.7384539 1.6895002 17.666603 1.6929708 57.77278135311678 
Car -1 -1 0 795.7816934081418 183.12060822157252 898.6288390028039 224.4071360934662 1.4032357 1.6031368 4.109875 9.034264 1.8182447 27.30751 -0.6308504 67.23618727210386 
Car -1 -1 0 1106.0143691493063 182.9907953100489 1242.0 224.8597389364945 1.507597 1.6375124 4.2172055 21.41437 1.9026616 27.259315 -0.020313542 38.25254505580159 
Car -1 -1 0 986.3668347773554 182.75518664781706 1090.5007754345181 215.46084048377955 1.548671 1.6774035 4.291422 21.26502 2.0550408 35.85141 -0.100489944 22.19755611247527 
Car -1 -1 0 633.4256171086679 181.30226920612722 656.241340192176 201.07306808890888 1.5297468 1.6390318 3.4715178 2.860749 2.2419107 59.07364 1.5532514 11.713601935735731 
Car -1 -1 0 734.2425082454217 175.70676143335612 822.3216554321767 211.83784543085608 1.659983 1.665848 3.8511577 7.952304 1.7992094 34.25746 0.0651668 15.522973778017803 
Car -1 -1 0 534.2283355656784 179.55078765241146 568.775552771296 202.1985961735759 1.5356094 1.679359 3.5862422 -4.1409817 2.035449 51.9516 1.7291268 3.7768926368044156 
Car -1 -1 0 350.38981946818814 183.14281598876673 385.576807567319 206.0719371718506 1.5050583 1.6146505 3.7123132 -17.038523 2.2603242 51.031414 1.4597952 5.970456975084357 
Car -1 -1 0 653.5832423339352 179.14322587923377 697.4797101121354 208.2990062598115 1.575238 1.5663319 3.4405186 3.759889 1.9541678 41.626617 1.3588486 1.783258705855051 

