Car -1 -1 0 554.8114348275733 184.3455011679573 640.6573468260989 262.9608852046751 1.4387052 1.6277943 3.7028267 -0.14867932 1.7179351 15.644507 1.6183523 71.77189267835217 
Car -1 -1 0 721.5384923102334 187.61550538943507 922.0587824615811 323.2267395347682 1.454967 1.6089284 4.1156287 2.7315874 1.70701 10.25529 1.5624006 122.87053591725594 
Car -1 -1 0 283.80460110134544 193.4443985031047 476.61195333757786 323.62060457407813 1.4775409 1.6350446 3.7033255 -3.1348643 1.8341557 10.637272 1.5803428 126.59689303429957 
Car -1 -1 0 465.0855912163981 186.4594895200949 539.1465384366797 232.44936104257258 1.4307617 1.6855847 4.1849165 -3.7516465 1.9596126 25.886026 1.6618853 85.81679325921401 
Car -1 -1 0 674.6176791804336 184.6141159230876 776.2812829466642 263.963305427858 1.4650856 1.6161838 4.108577 2.423455 1.7592888 15.991689 1.5767303 70.41296597328423 
Car -1 -1 0 312.78478096390245 189.60982670566102 388.21880374984335 217.49020481685088 1.448969 1.5797241 3.9015975 -14.439399 2.418074 40.40966 -0.29434624 25.83195941574827 
Car -1 -1 0 658.3270251537331 185.72340344424788 712.790114568651 233.89955188142625 1.4145129 1.5874512 3.2700763 2.5692322 1.8712459 23.862377 1.7390834 17.423921990342908 
Car -1 -1 0 585.8546370904513 177.21722472069703 641.5789172389434 228.3775782784483 1.6605797 1.6936336 4.07329 0.22480898 1.8297544 25.877026 1.6526675 16.142922423411736 
Car -1 -1 0 62.578308101359305 196.03884602860634 159.4748186997532 228.38425914604136 1.5681226 1.6342276 3.841808 -26.025528 2.8190126 37.77909 -0.18124375 9.447599335006464 
Car -1 -1 0 502.62185710400615 182.93158421081606 551.2935946739055 206.33363760104848 1.5334836 1.5981554 3.6411557 -5.7938805 2.2729628 50.965656 2.0764513 5.162732898917249 
Car -1 -1 0 207.2121204473633 194.36804052962955 292.17734544194286 224.1580968045939 1.5153974 1.629291 3.8945818 -19.702728 2.73343 39.646584 -0.21063823 13.381924660501804 
Car -1 -1 0 706.7340910758405 178.01514705975003 723.4061209982184 193.2553338802584 1.4519179 1.6062266 3.9279327 10.560515 1.9830782 72.19657 1.7182862 0.41969239711761475 
Car -1 -1 0 136.0274792265844 190.5857759581081 205.54778482002362 213.4481871111856 1.4573295 1.5784997 3.8679938 -30.120813 2.7125492 49.645557 -0.36762342 1.899812880112771 

