Car -1 -1 0 359.2086254111903 189.65234450285985 461.38786940921415 250.359384898885 1.4450383 1.633344 4.267775 -5.5173535 1.9729183 20.52045 1.595662 71.62010506651119 
Car -1 -1 0 86.50602362442281 203.13425691849287 338.8488928029518 335.0626427894326 1.4350979 1.6027601 3.8180065 -5.5204816 1.962013 10.64156 1.5772283 105.99330796713598 
Car -1 -1 0 742.5185741796515 172.28144282738793 986.0379840856081 246.95138827321782 1.4579868 1.6922941 4.4691257 5.1409154 1.4468071 14.99666 0.02787274 146.05527964850555 
Car -1 -1 0 700.9448943591336 177.6057455181226 844.9734740402429 229.11675789791713 1.4918535 1.6137652 3.990745 4.894923 1.6421183 21.93825 -0.0364281 60.08252976706711 
Car -1 -1 0 661.2209669478315 176.77859393189073 735.9915767062869 207.22932058601376 1.5552156 1.5795424 3.715627 4.6345963 1.7656527 37.874996 -0.013054508 7.746465662153721 
Car -1 -1 0 690.8290475464926 176.243232379062 822.1583319903503 222.43213884361953 1.4981515 1.6165897 4.086438 4.914945 1.6172798 24.449268 -0.051354267 6.2443110996232045 
Car -1 -1 0 491.05029994702517 181.11873097920088 524.2932439881224 206.18352983325084 1.5020529 1.6641895 3.728661 -6.502427 2.054514 46.354507 1.5551162 2.561740773935874 
Car -1 -1 0 670.1886708689017 175.15757062159253 775.8216769202365 215.86882203985377 1.630671 1.66556 4.129151 4.632468 1.7287996 29.86781 0.01743004 4.571788033797939 
Car -1 -1 0 676.2185919986692 177.13853935784311 794.8251149537542 218.55450763685832 1.4885106 1.6159343 4.1168737 4.6737947 1.6549875 27.082577 -0.07151068 3.9021152882081616 

