Car -1 -1 0 438.5173687417266 177.66837555244402 536.8717868064821 251.12481147372444 1.6048425 1.6609808 3.8749444 -2.9086375 1.738009 17.989834 1.609341 97.01002008297206 
Car -1 -1 0 707.2961783256552 180.77293322211628 770.6558644797093 230.19170010929946 1.5263491 1.6175956 3.2315333 4.3115697 1.8124337 24.437218 1.5881356 70.21858693077836 
Car -1 -1 0 281.25261215460637 178.34494388728092 345.1912625739798 209.47863627019376 1.4375628 1.5750811 3.736673 -14.648619 1.7248603 35.86682 1.5932461 22.597675518070975 
Car -1 -1 0 491.8690172376287 171.93116408291075 556.3919901803075 224.82797343772552 1.736095 1.6640353 3.9586482 -2.955545 1.705807 25.695509 1.6152536 66.77817060070787 
Car -1 -1 0 759.8907264538457 175.78470483188784 828.0219970408002 199.25226098915212 1.5766976 1.6850394 4.2369857 12.644384 1.7819493 49.619267 -0.03380536 25.650429196259545 
Car -1 -1 0 328.9264392393076 176.94312068194662 384.56359196416577 204.36782148878726 1.5068145 1.6099353 4.2477083 -14.792958 1.7596234 42.448566 1.6192883 7.176205120162496 
Car -1 -1 0 371.81772613087014 175.36037779268773 415.59543987619094 199.18381589538424 1.5146561 1.6044031 4.054948 -14.406257 1.6897697 48.359043 1.6038516 5.27641742036674 
Car -1 -1 0 658.3469466280569 173.74780361370554 696.8641133561937 192.41046756307418 1.3751776 1.5849245 3.6257474 5.2488384 1.446145 55.322777 2.0903158 3.0188014419442073 
Car -1 -1 0 696.0638785120299 178.43556143164034 746.270466221915 218.47026822427225 1.4622657 1.6034479 3.7394886 4.3874626 1.6997612 28.793756 1.6211015 0.7185681177153755 

