Car -1 -1 0 0.0 199.18977056749625 297.78744993900796 375.0 1.5063816 1.5889597 3.800815 -5.3285303 1.8879511 8.5427685 1.5847831 137.97122250938668 
Car -1 -1 0 323.3371892418927 184.48546069260738 441.0067604382393 250.88044632689315 1.4263499 1.6808604 4.1577835 -5.6005077 1.7550385 18.309547 1.5693628 90.10854227973039 
Car -1 -1 0 674.723328647917 163.67026179071297 791.33580781164 202.59055756250925 1.4940506 1.6744959 4.342778 4.817937 1.1415102 28.564201 0.013374535 74.81124283910866 
Car -1 -1 0 394.000188433512 179.19411342157053 471.03390657459204 227.75543502253507 1.4446838 1.636072 3.7722607 -5.750862 1.6708484 23.848854 1.5662111 43.88813643467619 
Car -1 -1 0 832.4675172068371 160.89829531466373 1190.4735356322724 298.03129574890045 1.6226246 1.6359637 3.8175101 5.093547 1.4811589 9.460652 -0.055748217 81.29059485359984 
Car -1 -1 0 457.7192849553109 174.75666890144038 508.1273106471073 206.96725243300068 1.4068532 1.57379 3.9209716 -5.8519406 1.5010166 33.728737 1.5969114 26.54909152002717 
Car -1 -1 0 753.0418915169822 165.39515964379808 983.9289624339727 250.08617880719282 1.540194 1.6022023 3.8979635 4.904073 1.4045472 13.991947 -0.035637844 37.59826908456698 
Car -1 -1 0 701.9971277764793 172.2086905440149 887.4269358111038 239.33653765498613 1.4685516 1.5731051 3.8633962 4.2164936 1.4544342 16.738728 -0.08822305 40.50286029576714 
Car -1 -1 0 635.6000892475793 166.71686156151176 682.4480648552955 193.67363215756575 1.4941034 1.6103809 3.7611861 2.8278074 1.1539468 42.01469 1.3160515 0.2803221642971039 
Car -1 -1 0 968.5172528683229 134.74234079330785 1020.8659521722424 155.70504451228376 1.5305468 1.6665213 3.719464 30.877245 -1.42507 57.957882 1.338661 0.26788926124572754 

