Car -1 -1 0 600.9021399007112 173.46604443657765 675.1101752891411 199.46838693319376 1.53534 1.694763 4.4031906 1.7436101 1.5732348 43.663055 0.07566028 49.67581011199662 
Car -1 -1 0 196.14132360224315 184.34437206267305 292.2038174909398 213.67312798524165 1.5581555 1.7087147 4.4417973 -20.162266 2.2083597 39.93278 -0.019179476 53.12481268861612 
Car -1 -1 0 774.9079418281707 167.22496580813225 851.6466079346737 194.28819833369926 1.5984806 1.6638211 4.146984 12.236048 1.2660034 43.487617 -0.018554917 57.656230848326835 
Car -1 -1 0 691.6860316798242 170.75687583897897 766.095947976067 197.18053705425135 1.5705059 1.6648138 4.2246 7.192683 1.4458618 43.74224 -0.011775426 42.01293691177592 
Car -1 -1 0 582.7638757007041 172.677912721501 630.6264898818953 193.63909399907595 1.4664285 1.6284384 3.8953345 -0.16890216 1.4541093 52.55678 2.1423693 5.410075494518205 
Car -1 -1 0 666.6154673808886 171.4414036753408 710.8358779344131 192.54300215081562 1.4600905 1.5711547 3.8879783 5.739955 1.362348 51.981735 2.1519542 4.052424122546039 
Car -1 -1 0 749.8019648284152 165.8672343497361 792.7311736191328 187.86792284765266 1.5285083 1.5997796 3.906515 11.726595 1.0430992 52.17763 2.2029316 2.2987008891720313 
Car -1 -1 0 928.4672609635887 164.31176947973887 1011.4888331558241 190.58161775891355 1.5282512 1.648822 4.1234617 21.367203 1.0313058 42.863464 -0.031006748 6.47219071298772 
Car -1 -1 0 856.88381138296 167.83005585767728 940.3152076842484 193.6801227469226 1.5164618 1.6828709 4.3265553 17.26838 1.2217382 43.238907 0.032272153 4.060149506265872 
Car -1 -1 0 544.8520988338759 172.00156085015996 596.8468957264037 194.008840454347 1.5461608 1.6658088 4.0407686 -2.791595 1.4862709 52.82607 2.1808023 2.2044114525124963 
Car -1 -1 0 380.39231208568873 177.73830445359346 435.73839797870306 201.1150650484011 1.570253 1.5600014 3.3474774 -13.855026 1.9126635 49.707706 0.05767709 1.2820214640400367 

