Car -1 -1 0 749.9948191386442 181.57074953440252 964.1112693865014 307.84584696382495 1.4187306 1.5901395 3.5714912 3.2426128 1.5641539 10.19902 1.49845 119.26797868665447 
Car -1 -1 0 639.170270087884 173.50909218642155 728.4157596990565 233.93418401999483 1.5061179 1.6394112 3.759127 1.9486427 1.5260618 19.99708 1.4411336 81.6202761498605 
Car -1 -1 0 51.37397598149611 174.40030964582033 390.25152616773005 301.0935622548842 1.5217831 1.6206994 3.953049 -5.2907753 1.5471878 10.279786 -0.43966392 123.99666226716884 
Car -1 -1 0 615.4406265548062 171.76211291746532 678.4409089414851 219.52539079144822 1.5223641 1.6266696 3.8617482 1.2146193 1.4875622 24.997988 1.4741648 50.300661076417065 
Car -1 -1 0 236.77782738616986 162.67605933806732 428.9149291013907 247.61723949396168 1.6511505 1.6144123 3.64569 -5.977406 1.4533039 15.696512 -0.5768292 94.82550693702657 
Car -1 -1 0 301.9839062101121 171.474386368602 466.42856860207155 235.85111005592185 1.5212684 1.6226469 3.7817822 -5.8204675 1.488667 18.76867 -0.5829242 16.74789230226907 
Car -1 -1 0 541.4882948751837 161.890475758337 581.1779778185571 194.20931861866885 1.823895 1.7744284 4.4797115 -2.935628 1.2051747 43.09215 1.3681318 15.969721205584902 
Car -1 -1 0 356.24209024356406 168.7428232246912 481.55021777129565 218.6017717074245 1.5390644 1.6017947 3.7229235 -6.3145766 1.412159 24.101751 -0.7194498 5.580567635573813 
Car -1 -1 0 601.5894385394516 170.27288179713196 657.9217912067387 207.9120602158226 1.4909095 1.6088865 3.8941321 0.7886943 1.3886697 30.6418 1.38704 1.788077089906564 
Car -1 -1 0 439.71422065395143 167.73086026596826 457.94723307036145 182.82422635338943 1.3747394 1.5674863 3.7091053 -15.053446 0.9081114 67.68918 1.379302 0.8637142195968487 

