Car -1 -1 0 483.45894271183886 175.91797276579214 551.7079028270153 231.34902372573382 1.6231302 1.6453904 3.9040086 -2.8798409 1.7304654 23.310919 1.5876338 65.06785607240494 
Car -1 -1 0 436.77831306087586 186.0100164840672 526.8809198035656 255.97008631506836 1.4028466 1.5416443 3.5055387 -2.8809915 1.7431159 16.897055 1.5547413 43.7619673667081 
Car -1 -1 0 875.6492939825666 200.02930135268628 1242.0 375.0 1.4278235 1.549079 3.4477375 4.101307 1.763761 7.1712036 1.5379821 87.09768935262842 
Car -1 -1 0 774.6906649661705 188.4890749895184 936.4595144058744 292.8687675361529 1.4813137 1.5983506 3.4353876 4.0643444 1.7891879 12.482358 1.5607616 89.23138988495906 
Car -1 -1 0 672.9145577359335 176.4261692561362 723.6020503211182 215.37284325118844 1.7259425 1.8088057 4.288679 4.170968 1.9076369 34.536266 1.548486 48.60320504846024 
Car -1 -1 0 225.79188061297873 175.3048099324857 301.96391996879333 213.05749514255268 1.5425477 1.5703818 3.5573914 -15.001711 1.6556567 31.507267 1.5893582 42.043392791424466 
Car -1 -1 0 720.3035798536858 185.9793582091365 833.5679458636912 254.67665675704114 1.422781 1.6102872 4.2498035 3.998743 1.7885616 17.940042 1.5128746 33.39080392202296 
Car -1 -1 0 856.4671967807842 183.99719678953824 983.2851266205303 227.99971674790206 1.6251507 1.6737372 4.227357 12.007969 2.0732093 28.069365 -0.050778262 38.05347358492738 
Car -1 -1 0 801.8256674343774 181.47642276999775 890.3389282818123 210.7259526500961 1.4733931 1.6081111 4.102058 12.347476 1.9359753 37.796944 -0.053544898 15.647439044011172 
Car -1 -1 0 136.32956039959913 174.93073337943412 248.25177941517902 222.1290980238797 1.5775843 1.6415118 4.022895 -15.078528 1.6592705 26.338905 1.6100701 23.101919592845732 
Car -1 -1 0 645.4933041544786 182.22936893444123 672.9450199304507 201.047686714183 1.4607751 1.5438831 3.4892302 4.077141 2.2602007 59.684036 1.4204049 8.484515800403958 
Car -1 -1 0 514.455712547981 182.0277297571533 564.1977509407717 221.24627601294287 1.4790189 1.6186367 4.1389074 -2.8752933 1.8903205 30.267492 1.5872171 13.862997051550245 
Car -1 -1 0 268.8341726444298 143.8138776240741 490.77349695798097 313.01906904029306 2.0114245 1.8029717 4.5768 -3.1172848 1.6662104 10.885069 1.5929389 20.988883194867057 

