Car -1 -1 0 383.9308033060021 180.3176916476291 456.2867603149284 230.24609255112486 1.4965802 1.6454597 3.9072552 -6.2619495 1.7679777 24.23199 1.5030506 88.9483200518511 
Car -1 -1 0 208.36510213343536 187.36454318476953 388.7066210087893 283.4071720325992 1.4746451 1.685506 4.4102864 -5.7465615 1.8004787 13.976563 1.5457767 114.82057811286352 
Car -1 -1 0 702.3908318653929 168.64676242074674 921.6279602542754 244.9657247873177 1.5262971 1.6641989 4.224933 4.1678834 1.4421568 15.355688 0.04472234 63.70693972447119 
Car -1 -1 0 852.7357810945008 158.4517774841658 1242.0 329.37358154522104 1.6185919 1.6169168 3.7064183 4.755735 1.482206 7.7804823 -0.07647344 83.8399968458477 
Car -1 -1 0 789.6118789475138 170.56437016007322 1105.729863956707 284.01295925287263 1.5190613 1.6194286 3.9379652 4.8446517 1.4884034 10.636819 -0.08583106 32.24276596052675 
Car -1 -1 0 697.5365119503178 155.29793412769737 880.5347991345211 233.61014960065938 1.8246353 1.70293 4.1116962 4.296193 1.4155877 17.750404 0.04294344 34.941281623453605 
Car -1 -1 0 679.0552200375829 169.63984729237112 779.3060160987461 209.62727583268202 1.537338 1.5971106 3.6344874 4.733541 1.413768 28.77939 -0.13713633 10.572940485249086 
Car -1 -1 0 661.4801621376747 167.67619802474852 751.2853750426414 206.4877833400001 1.6385026 1.6228392 3.6069202 4.177864 1.419912 31.432726 -0.09084363 11.199905176004444 
Car -1 -1 0 429.2399503568783 179.68097946788407 487.7956823114357 217.13355274362462 1.4480217 1.5661992 3.6389985 -6.2962275 1.7533987 30.423393 1.6140577 9.005597347442537 
Car -1 -1 0 468.4736553009696 176.37741663989163 504.2733326608075 205.66637263142866 1.5148203 1.6121771 4.0369487 -6.759858 1.7197943 39.89664 1.4872627 9.216366795942816 
Car -1 -1 0 615.9482047564566 167.82024597044276 640.0065879165869 187.37184404303554 1.5287865 1.6193869 3.9630964 1.4596825 1.1351849 58.444603 1.5118159 0.2688305675983429 

