Car -1 -1 0 562.841926513004 185.32807752319593 671.7914864889545 276.9234399468473 1.3510946 1.6210772 3.503208 0.22036904 1.3950883 12.271093 1.5653638 80.14876279991984 
Car -1 -1 0 293.25303525142164 181.38608894344364 364.6370274963067 214.7344131223359 1.4412599 1.6538339 3.5436342 -12.42067 1.3667381 32.39833 1.6608588 39.378317247588065 
Car -1 -1 0 557.9231417452968 173.35564025770404 591.9509679421203 196.01916712811544 1.3775254 1.5822421 4.102848 -1.7654824 0.7846157 45.1406 1.3844905 23.546176747920292 
Car -1 -1 0 582.2765116084287 174.09856783170812 639.0118570996297 227.10799029343866 1.496205 1.603619 3.7407503 0.20681424 1.2418437 21.845451 1.5487244 20.996303787636148 
Car -1 -1 0 402.54909764737937 176.3530554058477 446.61046996190504 200.54745481106823 1.4869245 1.6360203 3.7819374 -11.328193 1.071636 45.40281 1.6456294 9.434134283341862 
Car -1 -1 0 474.1100541939703 169.0380269488378 534.1952677677851 202.82690332568131 1.7230004 1.6145623 3.8991776 -5.3170424 1.0054063 38.117905 0.9622811 23.411178202011314 
Car -1 -1 0 610.1377738519183 163.57049134055316 663.871771291563 186.38895605045974 1.6482708 1.6245615 3.882218 2.5658865 0.23682368 51.955776 0.03499237 4.145554620944564 
Car -1 -1 0 869.4202327773139 145.7952469442819 913.4030624223902 174.95692386521299 1.6760504 1.6994169 4.096119 17.95457 -0.53247994 44.013958 1.7445866 0.41263243556022644 
Car -1 -1 0 798.3632437255152 163.44542985251994 893.8515451439393 196.90671149304808 1.5256724 1.6242313 3.9424474 11.467742 0.6290451 33.30839 -0.13414492 1.372824959788941 

