Car -1 -1 0 820.0269691532012 180.66712266764748 1242.0 375.0 1.5705373 1.6366357 4.047033 3.2147875 1.6615779 6.362301 1.5983003 128.71564509549742 
Car -1 -1 0 670.4886107391035 182.34429037468183 739.0555519122726 236.07728022841135 1.4399734 1.5521793 3.4394033 2.7798815 1.747926 21.680809 1.5539302 56.26327548416693 
Car -1 -1 0 724.0969788857785 185.16323572506369 884.6409267311444 297.23392626414653 1.4350716 1.5696371 3.7394319 2.9030144 1.6636269 11.524098 1.5753467 113.83926470876531 
Car -1 -1 0 696.0709842649686 181.5598993156566 799.3221067227635 253.99028943105978 1.4857378 1.5645274 3.4873092 3.1380582 1.7127352 17.022282 1.5053505 80.74395688006595 
Car -1 -1 0 116.37783533700534 184.11713174067194 463.782934638319 298.3820446087045 1.5192103 1.6895999 4.38685 -4.5091515 1.69996 10.675288 -0.027081318 94.00924393006817 
Car -1 -1 0 358.26731207952423 171.1342970775329 520.14494685252 246.97707600305753 1.809072 1.6528871 3.6377583 -4.217082 1.768052 18.182602 0.081524536 52.814359366239636 
Car -1 -1 0 286.04195448933297 184.1967896971511 484.2915848004574 258.053127183268 1.4855936 1.5806477 3.8339467 -4.7498417 1.7455893 15.660986 -0.046123926 26.152028235459472 
Car -1 -1 0 657.7760452494538 174.94129838788336 706.681590560551 214.56104135002275 1.6416645 1.5765105 3.465957 3.1532373 1.7390275 31.870974 1.4982594 22.078021454777353 
Car -1 -1 0 504.1739028228758 169.673831841717 573.9590381879432 200.09758567992546 1.8500701 1.7013779 4.157197 -4.3293424 1.6566837 44.732197 0.0022911052 9.457120242685573 
Car -1 -1 0 220.70472712316183 185.8717779708793 466.5472119557052 274.635544753232 1.4890566 1.5864041 3.9366543 -4.7301836 1.7437744 13.240018 -0.043609016 1.476791256470475 

