Car -1 -1 0 668.3903901255861 177.39825464848926 746.6891533405749 235.31511799858458 1.4801831 1.5945269 3.666139 2.6995132 1.621654 20.597904 1.5288408 56.63346381942828 
Car -1 -1 0 703.3598822326557 181.1621181670754 884.458419389187 299.84228872380237 1.469897 1.6151046 4.303211 2.6530352 1.6265641 11.424068 1.5309664 119.27303194298118 
Car -1 -1 0 27.1304377128325 172.23719995537994 178.6606546896063 227.98903479209432 1.4211198 1.6439836 3.836147 -14.072257 1.4053974 20.33004 1.5458609 54.331776045771846 
Car -1 -1 0 579.5977724210289 166.36614209594333 647.9979703361527 231.63776650705785 1.6767058 1.7571629 4.338752 0.10686095 1.5100448 20.705164 1.569845 40.99495108050908 
Car -1 -1 0 659.714559322095 176.8369922270151 716.491043439733 219.0995258045987 1.4368384 1.573815 3.5773785 2.8366272 1.5942299 26.69297 1.5300285 8.187765042842258 
Car -1 -1 0 639.5361589123586 176.1116354557276 667.6617468340687 201.16148978543114 1.4985929 1.5985157 3.7926035 2.744185 1.7129446 45.56942 1.5852783 5.35269096621241 
Car -1 -1 0 421.58687946647274 173.86788642729863 453.12847867177175 192.48518275536043 1.4818962 1.7818506 4.0133495 -14.201524 1.5686363 59.692024 1.534972 9.379864187104879 
Car -1 -1 0 650.0765156453397 176.21413609597667 696.5873184246535 210.34261313527864 1.4359677 1.545563 3.4366732 2.8173578 1.5954741 32.47973 1.495073 10.598730303778808 
Car -1 -1 0 377.48656198182573 173.43373717798679 418.11107939107694 197.51862748897523 1.5358977 1.6235347 3.9819815 -14.065578 1.5761743 48.118805 1.5473452 3.195010848931005 

