Car -1 -1 0 355.4166348335726 183.12911512056604 487.5096145683261 279.13573343757 1.4447663 1.6122924 3.9481351 -3.2842758 1.6629815 13.3066635 1.5137458 132.41259487011942 
Car -1 -1 0 469.89341301905944 180.902152155269 526.1476990957681 226.14141524638538 1.4076798 1.597358 4.237263 -3.8404536 1.7150627 25.390242 1.5036433 62.645526120198724 
Car -1 -1 0 789.4424487768247 187.58042651373628 997.7740504788455 269.0149523519394 1.5350208 1.5942218 3.6373188 5.7144322 1.8544173 14.781849 -0.038960166 49.043055308124 
Car -1 -1 0 831.0306467143029 197.5521534675971 1100.456044514902 296.2790104697623 1.4495697 1.5679324 3.6518664 5.703822 1.8829696 11.834608 -0.023603354 58.79671853527628 
Car -1 -1 0 606.8141002684239 179.63480423770943 632.1698077745777 201.67543621086224 1.4892042 1.6480916 3.978759 0.6814287 1.9968705 52.005707 1.539058 9.281348558080019 
Car -1 -1 0 697.9676344693379 177.3927157822467 826.6345658886835 225.7284991111942 1.5802147 1.6399623 4.0187206 5.1672115 1.7415124 24.70362 -0.059765156 33.665377858720625 
Car -1 -1 0 708.7653549501201 187.04226275463404 854.0619380210791 236.14795639565216 1.4020147 1.5682461 4.0262995 5.1480694 1.8495822 21.922848 -0.026906997 14.078773830075505 
Car -1 -1 0 751.0501924462073 188.64928397910708 926.6109815287938 255.42297412755642 1.4657433 1.5710174 3.6491954 5.3485384 1.8589883 17.104315 -0.04083921 1.6501007000519268 
Car -1 -1 0 673.390416169414 179.8598961767959 768.6066398356649 214.57499067830776 1.4810247 1.5891759 3.9383638 4.9014387 1.8007042 32.03293 -0.049424056 0.25532659888267517 

