Car -1 -1 0 681.3654186516286 178.57571032278474 775.5452921298986 249.25725476165934 1.4861237 1.6213462 3.5959167 2.7292824 1.637417 17.271172 1.5585915 75.71928284449969 
Car -1 -1 0 733.8469263599436 186.7613048731724 1038.030750280331 375.0 1.4799573 1.6246824 4.3123975 2.679815 1.6794877 8.161185 1.5254076 111.66825950605055 
Car -1 -1 0 580.9663841192385 168.88864762785633 651.9901227537528 235.46788801045437 1.6438661 1.7546991 3.8947914 0.09582741 1.54596 19.796577 1.5300171 50.73224303487795 
Car -1 -1 0 664.6020078943149 178.08329889198563 732.0093074093631 228.35474160845303 1.467909 1.5911416 3.7370906 2.7874203 1.6509614 23.360447 1.5332227 38.487489577720844 
Car -1 -1 0 408.8602206421434 175.86762286325398 442.608208660667 196.39344741950214 1.5270884 1.7588975 3.8846087 -14.279831 1.7701795 56.231148 1.5367663 19.446794625948474 
Car -1 -1 0 355.6551632180293 175.48888102300438 405.47170899245344 200.94440501530272 1.4907148 1.6289871 4.0893397 -14.138157 1.6617852 44.7656 1.6175864 12.805358704494804 
Car -1 -1 0 316.9245453223745 177.8600831270695 371.3307343490114 206.77139456629334 1.4360805 1.576616 3.6486754 -14.02277 1.7145653 38.306633 1.5609317 8.912399712008499 
Car -1 -1 0 637.3598217495801 178.05561417702168 673.8851442497532 204.58884926042572 1.455173 1.5648504 3.6112719 2.6493325 1.7727708 42.18093 1.4713138 7.715714981409622 
Car -1 -1 0 654.7469055878362 178.46709557645644 707.6461446526986 217.47957495506438 1.4476916 1.5506434 3.4468179 2.8244958 1.6875911 29.062084 1.4969401 9.686086414953504 

