Car -1 -1 0 587.4497511260303 173.41063911945767 657.619424776937 197.85344023235177 1.5599824 1.7128851 4.488075 0.88049173 1.5971297 47.124367 0.07756622 56.0434848096326 
Car -1 -1 0 676.8728237719537 171.97422747689802 745.7900797641988 195.51830788063856 1.5143074 1.6657803 4.269966 6.626951 1.457722 47.25911 -0.008623727 52.41022097823664 
Car -1 -1 0 321.15611526982605 179.277596299731 406.94051583232005 206.99407158199878 1.6060035 1.7426758 4.551813 -14.641105 1.9989778 43.19448 -0.03338701 50.80103385247657 
Car -1 -1 0 752.6614579449205 169.21947856106033 820.4346382641787 194.3491608764302 1.609499 1.6452293 4.003398 11.514239 1.3767159 47.087948 -0.02636554 24.916408545650697 
Car -1 -1 0 574.0325224159741 172.45219592860315 619.3889763955107 193.07005301720218 1.5409153 1.6121567 3.7815645 -0.9616617 1.5108854 55.939053 2.1760325 6.832719833142979 
Car -1 -1 0 538.4614535562448 173.0462139426166 585.918911079375 193.64814905087675 1.543174 1.624463 4.0312257 -3.6494155 1.5587206 56.22322 2.1362936 9.777881470799453 
Car -1 -1 0 854.2643515552636 167.88664557558212 926.0306061037287 191.47706659034253 1.5029026 1.6336315 4.0286255 18.19205 1.1864413 46.874023 -0.04478292 3.3435587958883053 
Car -1 -1 0 1137.7784597796874 161.2702136960913 1216.0479303435673 185.0909172587756 1.5285649 1.5970352 3.8181016 37.035183 0.7852378 47.15905 0.031510204 3.618606921445918 
Car -1 -1 0 731.0991439988788 167.0973662843898 755.8611710438846 187.33834019915727 1.5092435 1.6067375 3.8474095 10.397288 1.0800068 55.865314 1.8278358 2.568169542823367 

