Car -1 -1 0 773.942038223645 190.06457171781184 1166.2290568380993 375.0 1.4350547 1.606455 4.122872 2.767389 1.643455 6.6654987 1.5835357 97.5538979843453 
Car -1 -1 0 682.4203010735979 179.36669775945686 763.3771257326242 243.38175133776787 1.5246773 1.6808232 3.8353417 2.9572065 1.7183537 19.518507 1.5967082 75.3443977655726 
Car -1 -1 0 11.323294980263496 183.8169202202288 407.96761934387337 316.4277533893452 1.4503969 1.6674212 4.3992953 -5.164266 1.6266192 9.886476 -0.452679 155.15774494972197 
Car -1 -1 0 657.2317192430032 179.92190434421542 706.1518318263539 220.45409413365599 1.4727156 1.6023612 4.2612886 2.8370156 1.7787871 29.104614 1.5841823 35.153485076015556 
Car -1 -1 0 209.76300988466934 173.15640005343573 456.7682852726636 283.48246344279346 1.7051373 1.651566 3.8822045 -4.8784323 1.7112523 12.876037 -0.547036 56.109946039913204 
Car -1 -1 0 463.2749526211505 180.00294175260663 547.4291738686918 211.881429643534 1.4995372 1.6115439 3.8145964 -5.164774 1.8678267 35.85177 0.29120877 14.950047920718651 
Car -1 -1 0 452.40459767227975 182.71830794789244 545.3882010848189 219.10502945927487 1.4379766 1.5652574 3.6635199 -4.7027903 1.8752153 30.618324 -0.35055 3.336957364335061 
Car -1 -1 0 343.4495470140906 162.46713210239994 505.1441217077201 235.7818738099654 1.9931824 1.7588477 4.34519 -5.475188 1.7107981 21.46981 -0.5275721 3.3917467721292915 
Car -1 -1 0 509.8288088572515 179.1034862857206 576.6627826938518 207.0901327985904 1.5906827 1.6187943 3.6567836 -3.9740477 1.9801552 43.3496 -0.52531624 1.7725183578458288 

