Car -1 -1 0 435.0803875862361 188.85062161286933 523.7851598586725 260.2393512369662 1.5135605 1.6638786 4.1373034 -3.1783252 1.9667101 18.339329 1.5307863 111.87076015301616 
Car -1 -1 0 236.41250040619514 199.56324372761065 465.5858813437519 353.0303411619412 1.4050858 1.6713758 4.320569 -3.0798762 1.8406346 9.568595 1.5232619 117.9359557525332 
Car -1 -1 0 751.0647911822491 196.84706600293975 980.9130662737126 370.0081722239257 1.4925991 1.4832163 2.8622096 2.6460528 1.809489 8.076029 1.5393329 70.47740544255457 
Car -1 -1 0 960.4998246848897 212.74282157348986 1186.5980936945596 302.36498996792255 1.5335205 1.596877 3.7906752 9.517156 2.4541597 15.162959 0.4117373 76.72138957408313 
Car -1 -1 0 920.3750532027062 210.51593352610936 1094.809844428981 278.57459765397766 1.4305003 1.5647788 3.7403274 9.967462 2.466693 18.34336 0.44284636 31.460044136363354 
Car -1 -1 0 478.07399442270764 188.06752742415293 542.7958766690849 240.27372612640977 1.4975135 1.6051097 3.8208265 -3.1731591 2.037972 23.721634 1.57019 15.990936976986552 
Car -1 -1 0 536.2047265135693 187.80275695551094 582.2050544845728 216.01214403698992 1.5179547 1.5949099 3.6912384 -2.945846 2.448576 42.927555 1.8396095 3.243936248991004 
Car -1 -1 0 498.62572862155935 187.7304028143676 549.3384531161516 229.29192568654295 1.4375556 1.6220152 4.098462 -3.3085232 2.0680206 28.508898 1.54426 3.0735737005962145 
Car -1 -1 0 755.8480088026633 181.537686280488 781.911482249888 197.89354694687844 1.6862113 1.6709195 3.8481305 17.299746 2.6549306 78.49818 1.4769592 0.25289422273635864 

