Car -1 -1 0 333.6578155611642 181.9675076786795 501.37804987508116 246.4649036866903 1.4603698 1.5887761 3.8830786 -4.904009 1.719274 18.675236 -0.6646761 88.54904497070639 
Car -1 -1 0 379.1919048094643 182.15985483739433 518.6866122358041 231.66651125841065 1.4967229 1.6533408 4.2818584 -5.3694105 1.8329109 24.2768 -0.52600425 16.432013663557935 
Car -1 -1 0 18.933374935824915 190.21681246459434 365.16677607325533 319.55564854113436 1.4078784 1.5782919 3.895204 -5.594855 1.6906022 10.032038 -0.5713233 72.50495085142508 
Car -1 -1 0 611.6012805948242 179.63131767895797 644.7870990287729 204.42841996598054 1.5469565 1.6150784 3.9441094 1.2023643 2.0190647 48.20099 1.4384421 9.673425934709343 
Car -1 -1 0 337.3953293351071 179.7679791925812 494.3023789250692 238.21382214573026 1.514775 1.6441332 4.0887175 -5.575377 1.732968 20.950756 -0.589371 6.141547678442482 
Car -1 -1 0 644.5518009095405 173.2076826747315 708.2444804472503 230.09860530208684 1.9014102 1.7470162 4.5724463 2.3518734 1.9155171 26.461702 1.5329599 14.881363917868406 
Car -1 -1 0 602.1479788827 180.65039105682263 628.9956120520485 202.7798320052283 1.5260091 1.6094104 3.7699027 0.40874672 2.120628 53.080406 1.4798911 3.096718611228671 
Car -1 -1 0 466.18630030904654 175.81635019388597 532.952057511332 203.5678133823403 1.6049376 1.6154659 3.660378 -6.653995 1.7913004 43.737045 -0.5589037 1.3320449060561823 
Car -1 -1 0 664.1348689994849 186.807527654632 739.7261943259563 248.92467965334768 1.4125289 1.6014997 3.8495667 2.3590686 1.8218076 19.221928 1.5927613 0.30182814598083496 

