Car -1 -1 0 84.83295182394981 197.6359307929966 347.1679814655315 330.1427228288935 1.4705448 1.6924934 4.3876038 -5.622404 1.9257967 11.044587 1.5507903 115.80734746539252 
Car -1 -1 0 353.6977763677549 191.22650315910462 441.34195569951504 248.45292497444092 1.4320378 1.6380981 3.8798096 -6.1420527 2.0251157 21.310028 1.5161504 77.95018866928457 
Car -1 -1 0 733.1460516832253 177.42958531522905 1001.8108328799555 276.63389317954324 1.544352 1.6492659 4.0482206 4.2229347 1.6290804 12.343694 0.097309366 88.68982259029602 
Car -1 -1 0 412.4816660294543 188.287694734291 479.3381269427125 231.95142223896772 1.4386381 1.5939538 4.115506 -6.093338 2.066307 27.286095 1.5710377 30.62409412278927 
Car -1 -1 0 864.2241960289724 176.62640719931352 1242.0 341.35282616923826 1.5147017 1.622928 4.024944 4.9710455 1.5589023 7.56479 -0.039009333 38.763115800127544 
Car -1 -1 0 725.4653663225091 162.2342052169297 954.9850532585026 257.8414218605458 1.8343403 1.713595 4.1677103 4.5748973 1.6305866 14.772952 0.035089437 33.90913341918259 
Car -1 -1 0 692.4778694329632 178.5333619299452 805.3057302319995 222.86190165616586 1.5047684 1.5861464 3.64342 4.939646 1.7159793 25.7962 -0.1386501 17.344055376405393 
Car -1 -1 0 460.0778210277211 185.298110093826 502.40940850062435 216.70064766369316 1.4531422 1.6349254 3.7379699 -6.4878445 2.1205184 36.795563 1.5304463 6.525298433892883 
Car -1 -1 0 672.514692039607 176.87436549172568 773.5948587993207 218.75558296099777 1.5877314 1.6219124 3.6715446 4.429188 1.7515212 28.46404 -0.066676565 19.81253984104592 
Car -1 -1 0 632.719853682153 176.3620062041482 694.5571094369637 199.63933137041994 1.4940135 1.6211398 3.9898884 3.5251613 1.7291021 47.466007 0.039034624 9.071471807563661 

