Car -1 -1 0 589.160050603828 174.87999260110428 817.878462940474 259.5767657635603 1.498182 1.637539 4.082882 1.728956 1.5396503 13.789259 0.07999961 105.15522766158226 
Car -1 -1 0 936.6322866023153 168.03037523000535 1159.075722617377 236.4345125734222 1.4892459 1.6316205 4.101472 9.989866 1.3842293 16.696291 0.08526385 127.19194053067969 
Car -1 -1 0 725.2491133205266 167.41553521664235 912.8110911798414 238.49120021412526 1.5845194 1.6671563 4.125722 4.853611 1.4632773 17.23182 0.15721619 70.92212046750628 
Car -1 -1 0 590.5457072860779 170.21595999763215 686.0116425287129 214.13477015913384 1.5066724 1.5932937 3.6999683 1.1216607 1.416172 26.681206 2.2706647 55.93583324732465 
Car -1 -1 0 255.02269139347226 178.00006453432067 370.912391694476 223.76888013665877 1.50407 1.5549138 3.378983 -10.204388 1.6889856 24.931347 0.13385141 64.89812453749552 
Car -1 -1 0 1104.3728809604036 159.96497128952112 1162.119269051803 205.07109593576132 1.4609492 1.5426763 3.5182517 18.284819 1.0434843 25.25123 2.1873567 17.819755874272616 
Car -1 -1 0 934.1403978622834 160.7306305631666 1023.4421911817329 204.6552432386618 1.4611309 1.6112714 3.903863 13.308799 1.0578527 25.918676 -0.74669987 21.614753290076504 
Car -1 -1 0 835.9298879103122 164.37671390159548 927.6739240486258 210.22661182147488 1.4780381 1.6626744 4.089393 9.623304 1.2047603 25.340572 2.2971401 10.242293088218744 
Car -1 -1 0 662.5225520682922 168.58414345356962 758.5701114846876 214.41609300796577 1.5429144 1.6303133 3.8063457 3.7337365 1.3991712 26.255907 2.2949622 9.96083627396549 

