Car -1 -1 0 665.1198268195906 181.90131311712128 748.1716270126459 241.8031940799618 1.4197725 1.6364162 4.160735 2.5500102 1.6947671 19.833313 1.5486743 87.65484219890564 
Car -1 -1 0 297.4455704856157 189.52402520184256 461.3899448779989 258.3415629222132 1.4533533 1.5442076 3.5444918 -5.577201 1.8957502 17.574572 -0.54046386 99.96549793212208 
Car -1 -1 0 649.2339997279269 178.60293478161742 695.6682232517725 217.91070306468788 1.5573701 1.6262393 3.7460575 2.6439295 1.8195322 31.02073 1.5586691 29.745209384051833 
Car -1 -1 0 347.8808012631504 184.5585521904095 487.33720232522234 245.1985148069665 1.5522592 1.5877688 3.594829 -5.462735 1.910476 20.568497 -0.46381322 28.86530618226015 
Car -1 -1 0 389.175938441256 185.56387598886857 502.7987677963557 237.6312029981994 1.5440773 1.576288 3.4049335 -5.314123 1.9798594 23.396235 -0.36434066 15.748661526274287 
Car -1 -1 0 469.5888480602132 181.9685574894817 550.092100968178 211.76386541890074 1.4968247 1.6132313 4.008054 -5.3774824 2.0123324 39.062805 -0.55885154 33.65347315094528 
Car -1 -1 0 661.4198292113093 180.24094610647094 716.0768579537452 227.3143536443398 1.5285385 1.577502 3.498931 2.7576885 1.809914 25.731674 1.5744958 8.01167693059754 
Car -1 -1 0 641.8520260373575 179.08532489855432 673.6744193202579 206.40067282864095 1.5353206 1.6180094 3.6171567 2.8467324 1.9241523 43.204605 1.557694 3.5816305594303945 
Car -1 -1 0 489.8226774937102 181.23487528509503 556.8101791451656 206.53029083029102 1.4766004 1.5783122 3.8124886 -5.337341 2.0140462 44.711433 -0.46421054 6.018246145556849 

