Car -1 -1 0 53.33508744477988 192.80701249858384 424.8220754121744 375.0 1.4734664 1.6189307 3.6340063 -2.9655938 1.7090826 6.6922317 1.5568866 105.2732568958608 
Car -1 -1 0 710.8393630583471 177.70350753958738 880.4238786418125 298.4748724607992 1.458225 1.5310266 3.4177094 2.529332 1.5409287 10.577945 1.5461507 75.71874134370233 
Car -1 -1 0 769.6953651920137 179.80608020057207 1169.7749861791578 375.0 1.5054514 1.6186262 3.6857924 2.6483064 1.5842401 6.321381 1.5544426 92.38763604926078 
Car -1 -1 0 676.325525246879 177.11482615552566 768.0085834228662 248.33434693488687 1.4616888 1.5489802 3.4575706 2.5056946 1.5708964 16.755058 1.558178 54.645468642485355 
Car -1 -1 0 655.4894908691281 173.6357715484282 719.465466020074 228.1053201378748 1.5586088 1.5690167 3.3227596 2.3426242 1.5846603 22.369408 1.5530764 56.0598844722911 
Car -1 -1 0 0.0 171.31452037719083 281.763757448413 310.0487800907034 1.669103 1.6623135 3.9994066 -6.7139864 1.6505816 9.543787 -0.015984137 109.59101468688804 
Car -1 -1 0 250.78656134406208 176.95709672101964 434.33959701964216 248.88804315522592 1.7290101 1.6825609 4.089454 -6.696855 1.8394048 18.434244 -0.068319924 47.66231783514716 
Car -1 -1 0 342.3139460032994 177.04565796130368 475.168332990517 224.70438059173307 1.6134242 1.6853175 4.2120256 -7.029595 1.7669688 25.509703 0.037477814 25.618660840121578 
Car -1 -1 0 147.19609267836609 180.44404608912913 378.6433301939147 261.4226456726038 1.5978897 1.660406 4.107745 -7.21359 1.7686218 15.319388 -0.03968987 9.525055608227241 

