Car -1 -1 0 673.7472992201187 177.64256884940136 758.7213930519628 241.8854731474385 1.532052 1.6188797 3.489469 2.7450948 1.6715877 19.248539 1.5295867 82.519129626352 
Car -1 -1 0 739.8237176204527 182.90548711531864 990.4924210473157 332.35378300239853 1.4620078 1.6260691 4.419321 3.0219994 1.6269102 9.598566 1.5329723 135.69146826717935 
Car -1 -1 0 251.30627762498978 191.45911822508506 443.7567010145324 277.48494615552613 1.4602904 1.5353655 3.3815455 -5.2192535 1.8729665 14.460151 -0.5557066 137.26703068590882 
Car -1 -1 0 651.9066496489376 177.5632694236817 714.2755165678312 225.42364825193 1.4600065 1.604504 4.316808 2.4157195 1.6348369 24.612833 1.5506933 44.071047160348115 
Car -1 -1 0 456.92696427903974 182.24090757375265 536.3694388373808 212.2534952306509 1.4388663 1.5647973 3.7367573 -5.811726 1.9445041 37.238506 -0.5370059 35.79729644139681 
Car -1 -1 0 310.80506933923783 187.5695975855406 487.318369259178 256.3568082337259 1.4462705 1.5868899 3.8432922 -5.098027 1.8418494 17.655651 -0.600483 24.17808049654296 
Car -1 -1 0 371.6965678936878 187.2916296603088 515.0586199393741 237.74153128138886 1.424664 1.608061 4.1891117 -5.2903605 1.9223585 23.124582 -0.52694166 11.825884572692974 
Car -1 -1 0 624.6455442837555 175.04122003117973 656.717475714149 201.729180531679 1.5190054 1.6735464 4.0414667 1.8291873 1.6568632 43.439846 1.5497793 9.534628402716638 
Car -1 -1 0 489.5368718112188 180.40995542245545 551.375016091069 204.67848267054237 1.4877837 1.5728431 3.656397 -5.7637014 1.9930462 46.718006 -0.47135624 3.017301075560162 

