Car -1 -1 0 308.3745715979762 183.83640897203662 473.1797429084207 290.8881378932214 1.5232227 1.6825988 4.343636 -3.6615255 1.7527721 12.8979435 1.5568727 83.19394021285913 
Car -1 -1 0 20.33971047242185 197.93083124745542 404.34094221340183 375.0 1.445042 1.7143941 4.430068 -3.650147 1.7903085 7.707018 1.5561342 119.77288380818287 
Car -1 -1 0 685.0490502457393 173.4479599410767 769.4012282799533 241.2283922951536 1.6300328 1.6715151 4.0354567 3.0479672 1.6476891 19.418276 1.5865295 59.642233185245225 
Car -1 -1 0 654.2552371635554 178.62833335689152 700.4006139057967 216.3556295086862 1.4598484 1.647145 3.9203615 2.8013244 1.7197158 30.498005 1.5879476 38.189223226874454 
Car -1 -1 0 410.4974593931759 186.53417013710472 508.26748613083726 253.9105559251842 1.418941 1.5917871 3.9615006 -3.6098416 1.7976121 17.987053 1.5765855 26.86269952964361 
Car -1 -1 0 531.9883659826734 181.86326026742776 562.7473714272471 210.0325914177451 1.4956619 1.6010765 4.1138115 -3.5529115 2.0428987 41.737305 1.5268867 2.7136183374687084 
Car -1 -1 0 462.60509206347 185.6183616990251 530.4384415965828 235.55863594031723 1.4036362 1.5931294 4.1338463 -3.570753 1.8545697 23.41528 1.560676 10.757848239011384 
Car -1 -1 0 630.4495008570361 178.24282339625518 652.0903632180937 195.03709309154289 1.3871262 1.6477857 3.843377 2.7302265 1.8704118 62.77379 1.5532032 2.19282569991301 
Car -1 -1 0 328.7618112146708 156.13746774404288 413.07105905652963 201.43282040311087 1.5770634 1.6514211 3.9137125 -8.862608 0.9950382 27.130962 1.6395259 1.178524660016267 

