Car -1 -1 0 841.108398899226 175.70799283049266 1099.168995559838 319.18695548708075 1.5229008 1.6239189 4.164736 4.5501633 1.5703088 9.864214 1.6222101 113.33422521368259 
Car -1 -1 0 375.7473392449808 188.18716074484058 452.125595698542 213.3372932386759 1.4615519 1.6775547 4.425887 -12.421848 2.4741738 45.874374 -0.487038 47.3010922783496 
Car -1 -1 0 550.4669970557284 178.54826064159843 611.6798981316372 203.68210178100293 1.5381393 1.6137809 3.7237678 -1.8576291 1.9197886 46.646523 0.5965288 48.946966149819765 
Car -1 -1 0 722.719657479163 178.93245932494347 787.5380948312318 223.69595127049706 1.4540278 1.5953748 3.8493443 5.1378956 1.6884954 25.897514 1.5836415 33.92366985586282 
Car -1 -1 0 33.67640018008608 195.35962451983707 168.45736806918637 238.0827985837588 1.5288551 1.7548451 4.534887 -21.539085 2.5656261 30.809635 1.9026382 55.28623417596629 
Car -1 -1 0 274.5236679415852 188.9665349832361 354.03047238693824 216.92264855027747 1.4298011 1.6338384 4.104096 -16.952414 2.4077778 41.608784 2.0926442 33.58354426497748 
Car -1 -1 0 180.20576797853428 189.4939200545216 280.65834274433035 223.81695781340605 1.5237975 1.6887684 4.469609 -19.18182 2.4260232 36.735012 1.9711797 24.763738763094043 
Car -1 -1 0 461.8164341426121 183.97132078765404 493.79897510453435 204.2548975350258 1.5251019 1.7772455 4.0800366 -10.648857 2.4591396 58.563892 1.5905321 18.465614245024604 
Car -1 -1 0 617.4170347870904 177.24240556661505 644.8879602097206 196.03308426940137 1.496284 1.6966116 4.0401607 1.7760034 1.8774008 60.552113 1.4445442 2.9460489589554033 
Car -1 -1 0 317.6053419195691 185.44145054470752 390.5039806049556 211.22060978550456 1.5445439 1.6786673 4.197734 -16.563095 2.3932805 46.83014 -0.55635476 0.5682100465604047 

