Car -1 -1 0 812.5904145598817 175.89887878593913 952.8999308131407 258.39563666795954 1.460531 1.5934706 3.7302604 5.422756 1.5310234 14.809256 1.6103541 103.37401580694204 
Car -1 -1 0 312.7432948448303 187.49408661849765 413.7689447780344 220.55387525298855 1.4558299 1.6839149 4.467366 -11.950302 2.2024016 35.05487 -0.45626324 49.97527338437231 
Car -1 -1 0 437.3327407910649 181.8840227893231 481.0935321417056 206.39761939673267 1.4952018 1.7902311 4.399408 -9.916341 2.122768 47.903458 1.6209326 27.895010225882366 
Car -1 -1 0 502.7354185064612 178.77730020327067 580.4071498994707 210.02742748125107 1.5044951 1.6052302 3.721181 -3.4971244 1.8214141 36.979374 0.52382106 72.95074474161353 
Car -1 -1 0 3.7533759097174344 190.5983393249791 166.98706586675078 242.36584499073567 1.5699052 1.754493 4.4626155 -18.639532 2.2661915 25.918154 1.9922384 82.30348395603077 
Car -1 -1 0 171.23899583128272 191.4135573306333 280.8003370924146 229.40841541522045 1.4117329 1.5950599 3.8476143 -16.313704 2.2581916 30.859175 2.144899 61.74677434897682 
Car -1 -1 0 637.2346639393164 172.70999381820192 663.8034866245531 197.78770586375342 1.6524321 1.7494584 3.649635 2.785517 1.6429429 49.407482 1.6174016 18.36268256373217 
Car -1 -1 0 244.7509291066513 186.98398060665954 334.82177384112185 221.73903133483998 1.568778 1.6299545 3.7871184 -15.892962 2.3093712 35.95198 -0.7252449 10.037913133716383 
Car -1 -1 0 0.0 182.14152000618384 113.2202101940318 234.28779365900388 1.837729 1.6524649 4.060683 -22.17287 2.2313194 28.392206 2.0347846 0.6508942300065996 
Car -1 -1 0 141.64709513001418 190.4590154013238 245.34035247653063 227.0412370614759 1.4573127 1.5831996 3.7363048 -18.702562 2.298771 32.548298 2.270986 0.3650118410587311 

