Car -1 -1 0 751.7487276604078 186.82109883496724 1102.4808764317274 375.0 1.4200838 1.600154 4.1864767 2.6399179 1.5991548 7.1500416 1.5613034 126.68962326431547 
Car -1 -1 0 717.3008518915816 181.62260135228178 852.1127413557293 278.5580560108087 1.4340775 1.5523756 3.563152 2.9367394 1.6112003 12.786455 1.5796436 97.53608183221854 
Car -1 -1 0 657.8735719857143 174.96705125135483 706.1982457970108 214.29278515272256 1.5439428 1.5750382 3.4204674 2.98215 1.6376127 30.249796 1.5375582 53.432091988688576 
Car -1 -1 0 679.316632556051 175.57136808716763 769.5515323348324 243.0653441627908 1.5194095 1.6195705 3.898691 2.8024032 1.5959526 18.362715 1.5552992 71.40965729824285 
Car -1 -1 0 403.3975003691532 176.97760057326778 525.7466558431412 221.52794224314232 1.4928423 1.6241624 4.057748 -5.247448 1.6532798 26.290524 -0.57309973 80.09260247754943 
Car -1 -1 0 0.0 180.9125285031948 293.9402192189852 360.02200634663984 1.5515649 1.622267 3.8742213 -5.574492 1.6565413 7.892653 -0.40354195 80.22037523576265 
Car -1 -1 0 93.21901770062395 180.6789131718906 385.3767580112766 300.9408281986038 1.5378424 1.6031781 3.6410446 -5.2938385 1.6696788 10.781153 -0.34880707 56.86699772807174 
Car -1 -1 0 454.6586683784832 177.75267124865968 545.71314052604 213.0020832301787 1.4693105 1.5655507 3.6901398 -4.851115 1.6978265 32.085957 -0.501002 15.222613258217594 
Car -1 -1 0 646.8858072031169 170.58900013176472 678.3136533253377 200.94553001519952 1.6460934 1.7019627 4.0888205 3.0004222 1.5232728 41.217064 1.630344 4.449599804059449 
Car -1 -1 0 477.9106809411092 172.0715115849997 557.4387875053192 204.29147709799093 1.608259 1.6189334 3.7939816 -4.7843523 1.5692009 37.70945 -0.56036377 10.667764057146599 

