Car -1 -1 0 713.7082059977021 169.81789818783744 886.4214556394595 304.3697754577796 1.6910816 1.6690836 3.7956104 2.6697936 1.6529231 10.976927 1.5837553 117.00277652653948 
Car -1 -1 0 360.8154826758419 178.09116781937811 492.5444739494039 219.0168661342764 1.4320862 1.6757696 4.4349937 -6.6142654 1.6308446 26.436995 -0.04944634 127.2754561490327 
Car -1 -1 0 910.5343305742126 175.7111280253925 1056.6406567445836 251.72097566413052 1.6323195 1.651462 4.0486207 8.973169 1.7106276 17.713049 1.6205463 84.23003500902786 
Car -1 -1 0 406.6982501830213 177.39515138111867 512.1026099343566 214.29892043545482 1.5371875 1.6736767 4.225972 -6.4205694 1.7389305 31.164364 -0.025456835 27.5204392213003 
Car -1 -1 0 1072.100827829654 184.30864012451454 1212.6904997510132 225.55105528540366 1.4704715 1.6526607 4.2754383 20.120209 1.920634 27.326906 -0.096878946 18.946194087518332 
Car -1 -1 0 193.6781504169327 161.5326798167824 262.0424417692085 188.90616188996495 1.5540121 1.6596239 3.8995934 -22.66129 0.91129243 43.00118 1.6974012 1.2444398411058002 
Car -1 -1 0 591.3332465743644 172.99067442948325 619.6001713558612 202.47984365713444 1.8345532 1.7363641 3.8770847 -0.2281793 1.8438 46.861397 1.5909259 5.591161331977383 
Car -1 -1 0 637.2435921232318 178.37915408880042 660.5804702824402 195.67944367609746 1.4429896 1.6332321 3.9511569 3.431387 1.9445803 63.486927 1.517092 1.4933837887773118 
Car -1 -1 0 684.4372206389496 157.15962948170204 795.8996458780673 259.472885342155 1.9983118 1.8257573 4.7712927 2.80137 1.6917801 16.505508 1.6019607 9.735708582274423 
Car -1 -1 0 480.853910843226 177.71710924726275 545.9480435506752 201.0727012431463 1.5049137 1.6346326 4.0679283 -6.321089 1.8321158 47.69658 0.01627621 1.007091040821276 

