Car -1 -1 0 455.3404925930919 189.30581804439979 548.5512729954047 258.57582306662374 1.4599727 1.6313452 3.669074 -2.5626874 1.9120877 17.96156 1.6127516 77.46570021247582 
Car -1 -1 0 582.8700635063544 188.14105754144254 663.7457472089365 262.7563962215767 1.4552504 1.6731395 3.7568493 0.40000582 1.8518109 16.789806 1.6340665 52.97595261837792 
Car -1 -1 0 708.520415306801 191.01823929444578 811.6653575500579 286.93288298784984 1.4786239 1.592557 3.444572 2.7099943 1.8665048 13.606625 1.683922 90.7773033797686 
Car -1 -1 0 220.23760178128924 195.93113879612264 323.37171569852404 235.6363689580973 1.5129844 1.5882293 3.688024 -14.042542 2.5183809 30.189013 -0.26290554 50.8243999829839 
Car -1 -1 0 69.32070266202382 203.22779293426186 182.3051718748553 245.04966577402718 1.5299621 1.5685822 3.4776847 -19.527346 2.8110123 29.262756 -0.23588358 30.614017505608885 
Car -1 -1 0 690.9577721057678 188.66761345210202 764.5026356089443 258.4052528977477 1.4464467 1.6106532 3.9183798 2.8883836 1.8847882 17.94838 1.7102447 33.20487568386958 
Car -1 -1 0 767.3131816231728 180.32703135551625 799.4613963630928 206.36490238629105 1.5014997 1.6119083 3.889181 10.7532215 1.986909 44.82419 1.7207791 10.021692122534445 
Car -1 -1 0 563.5778126231866 186.1890713073002 614.5016081378906 217.68582288374935 1.4432096 1.5981295 3.781743 -0.98955166 2.1611304 36.813698 1.8274322 13.523566717933365 
Car -1 -1 0 618.5264263105322 182.3089648942205 683.1062736652285 238.04755880755548 1.7077525 1.6739012 4.038605 1.5094655 2.0632017 24.980091 1.7708547 32.562882857919405 
Car -1 -1 0 4.681414094645312 202.32391700276554 103.79745734178888 232.47152097338142 1.4636871 1.6062188 3.9999242 -30.221138 3.133228 39.398804 -0.37385294 19.289514411746303 
Car -1 -1 0 686.909465867869 182.3909006907969 711.7883279399583 205.32558426152116 1.7584966 1.6938641 3.787703 7.375998 2.5656912 59.04075 1.7825923 2.4578387515796343 
Car -1 -1 0 605.4022540515891 176.89792642740574 650.610564925885 200.25164125131937 1.5766482 1.6281358 3.8632298 1.3577533 1.8770695 51.51839 2.0758896 1.4990913099315388 

