Car -1 -1 0 383.3717771708493 193.82212442951285 494.56141314618554 266.9690960596297 1.4418552 1.6960958 4.482357 -4.024868 2.0230765 17.75526 1.565964 85.64901576915649 
Car -1 -1 0 22.42478683803873 208.3534119637416 172.15108186267375 279.5334909504765 1.5116279 1.5845488 3.5337825 -13.262984 2.5330074 18.946074 1.5069853 40.07277390724547 
Car -1 -1 0 172.8308167163622 201.04253143546154 279.0272148503802 251.77658164805365 1.5328741 1.7433562 4.2971435 -13.8801775 2.6498303 26.408121 1.5298558 45.83877273201953 
Car -1 -1 0 905.5297393769198 176.24311930717613 1093.0263066245072 258.41408980424666 1.4552896 1.6395389 4.261907 8.076409 1.5337822 14.8227625 -0.6065086 87.1092706328476 
Car -1 -1 0 529.893737636913 182.95518847326983 571.2329494084095 220.0292753232937 1.5263505 1.7599065 3.591996 -2.6957784 2.0090084 32.60209 1.4711205 25.326838011823977 
Car -1 -1 0 1008.1486356296567 179.48338778177992 1242.0 280.52563379205964 1.405177 1.5785815 3.9001074 8.520095 1.529052 11.86454 -0.49280038 64.00133337077895 
Car -1 -1 0 847.407949404294 178.88854547389437 999.1536153588313 245.89977429303707 1.44639 1.6156508 4.0760756 7.7885566 1.6106546 17.775318 -0.6403447 61.25242882498676 
Car -1 -1 0 729.0139577558892 174.51887128000496 851.4743572062218 219.27598524898548 1.748863 1.7444857 4.5173545 7.314732 1.8193476 29.412764 -0.11918081 46.79996199873277 
Car -1 -1 0 272.49648532499685 202.73326919137153 322.31100252567853 231.56597219987518 1.4583588 1.5558333 3.4882536 -18.101112 3.2708364 41.982643 1.5134178 11.970324013638779 
Car -1 -1 0 637.3323278964992 180.7647031592798 665.3642529982732 201.36680694100522 1.5557277 1.6662629 3.764376 3.3213778 2.2125032 57.946884 1.467845 9.894806497046396 
Car -1 -1 0 767.8622897290151 182.10483111821816 891.7955827752218 230.6053588885359 1.4239208 1.6246324 4.0753117 7.2523966 1.749844 23.641691 -0.56679714 6.495160219218305 
Car -1 -1 0 807.0348293763003 178.78472302343712 910.1399847177449 236.21801513756216 1.4640666 1.6388179 4.120398 7.320553 1.6540241 20.972557 2.217595 10.81367685273847 
Car -1 -1 0 1118.8488506302567 150.8068530925013 1242.0 192.12590722828332 1.521977 1.6197705 4.329777 22.78101 0.7098757 28.798561 1.493597 2.097350599959325 
Car -1 -1 0 221.2910215339507 203.34247264041667 294.9329023774193 238.23772637742695 1.4850358 1.5829089 3.798132 -17.48756 3.093027 36.093746 1.6581142 0.7965931538231209 

