Car -1 -1 0 682.0421132728982 182.29049091470353 767.9537550085 242.95942769438656 1.4803784 1.6053104 3.5266814 3.0953074 1.7654101 19.982082 1.5051994 60.95046956659325 
Car -1 -1 0 720.0241919887222 182.99713463330332 883.2125988882669 288.7213995296573 1.462333 1.6128036 4.3278575 3.1053739 1.6698046 12.578472 1.5501103 85.84437894291307 
Car -1 -1 0 0.0 194.3226228758738 152.5758768422722 252.4190964392308 1.5222428 1.6966159 4.377647 -16.594246 2.2652495 22.757069 1.5391024 55.10276913788273 
Car -1 -1 0 788.6156687064157 189.2206573815631 1152.5451886587769 375.0 1.440079 1.6222124 4.2800694 3.134379 1.6556227 7.3495092 1.587029 68.17336609295033 
Car -1 -1 0 263.7942919589344 187.44349141755828 325.8920497486066 218.8183173269278 1.4889401 1.5962558 3.9775324 -16.533737 2.2998571 38.103683 1.5551239 14.25935949668092 
Car -1 -1 0 128.72445911391196 190.76093791961858 221.17793976591898 233.4559752195704 1.4524293 1.5561465 3.6807525 -16.753366 2.194507 28.01464 1.5066671 26.110660446149684 
Car -1 -1 0 198.5568016222934 190.1460913110875 270.4080706883287 225.6595630770639 1.4455564 1.5906608 3.6237295 -17.081848 2.2818875 33.038483 1.5073284 12.577613116048306 
Car -1 -1 0 658.5257987140592 181.27062897053443 708.3947942603645 219.14304971556209 1.4110851 1.5851846 3.9226973 2.9784665 1.7810094 29.737257 1.5525349 10.556239799731184 
Car -1 -1 0 598.3893111365436 179.41741940084844 618.4718152222496 197.5960469373817 1.5132203 1.6325328 3.5983028 -0.07424097 2.10478 63.206276 1.6047308 4.3968180713839855 
Car -1 -1 0 357.8656425464282 185.31622132614407 397.1801075282266 207.48575936028047 1.4908359 1.612706 4.1584616 -16.976536 2.441824 52.96734 1.5533426 1.3620059183286746 
Car -1 -1 0 670.7212180342393 180.39699293476673 734.3171337662037 227.92831334873807 1.4956293 1.6030406 3.7624483 3.167896 1.7792661 25.221117 1.5323325 0.32506999373435974 

