Car -1 -1 0 702.1552601386783 178.9895599698363 878.9807982736518 287.1352974315086 1.4966075 1.628624 4.379255 2.8753781 1.6219895 12.492798 1.4838893 111.72555559149222 
Car -1 -1 0 660.5254689764408 178.40328447487266 756.4287452990241 246.38131147091082 1.4582953 1.5972282 3.8101647 2.3111339 1.6098695 17.753092 1.5025158 72.62721788707103 
Car -1 -1 0 304.3589334366315 176.6596828619781 461.34909410671463 228.6790332774499 1.4863416 1.669913 4.3495665 -6.767372 1.6081293 21.93769 -0.15102035 89.72334627571269 
Car -1 -1 0 0.0 187.9789350988378 301.90353731449454 312.39381809218025 1.3966575 1.5482765 3.8286684 -6.1564503 1.6071587 9.176178 -0.048385173 126.58015311617866 
Car -1 -1 0 56.0564718066404 181.81281781724485 362.30529139908384 276.91259662971333 1.4564483 1.633948 4.2453947 -6.580104 1.6208911 12.241657 -0.08902852 51.01486291591696 
Car -1 -1 0 629.5581353895902 177.23954867899025 679.7930322685803 218.0607887997823 1.4786589 1.5940608 3.9063592 1.7180417 1.6642131 28.545383 1.5312486 29.472886936412696 
Car -1 -1 0 615.9630867797749 176.52245568293475 657.1768614821548 209.31733378146777 1.4497848 1.6103569 3.865191 1.2306306 1.634272 34.31266 1.51624 13.457556709276082 
Car -1 -1 0 386.0789098767327 176.8138533538108 490.3515402370343 214.7000561254585 1.5402701 1.6497893 4.0213137 -7.1548324 1.7119122 30.396713 -0.026949527 6.959953087127882 
Car -1 -1 0 352.85128091462605 174.8732828228341 466.0605310220119 216.6322292157922 1.5438926 1.62365 3.9454257 -7.6117935 1.6241033 27.714577 -0.06939736 3.4139909725276323 
Car -1 -1 0 520.3094492415593 176.0628898926184 540.395024968564 193.77062907002653 1.4705784 1.5801213 3.9019094 -6.8493805 1.7580932 62.648235 1.5011053 0.9964063267638177 
Car -1 -1 0 406.4500713768321 174.5048878914531 486.5109989246124 202.8583981902805 1.4831582 1.5844028 4.057348 -8.730079 1.5744228 38.87477 -0.11173723 0.8291583532133852 

