Car -1 -1 0 721.0499027514714 174.66917863087133 798.5923904852134 230.68869435088413 1.5004845 1.5924264 3.2461905 4.2977247 1.5575429 21.056305 1.5727046 63.773338990225156 
Car -1 -1 0 392.6385472693325 175.51033238023626 523.2973615809406 267.54650563388003 1.5915422 1.6600571 4.0187917 -2.8962603 1.6529404 14.636316 1.6111488 118.74459418622769 
Car -1 -1 0 240.74004305409704 178.64164661517745 316.3981165114177 213.5407347342707 1.4456937 1.5825047 3.7066565 -14.766012 1.7206624 32.397083 1.6099627 33.876350615254175 
Car -1 -1 0 470.4920879047109 165.83201619983453 545.8650332095986 228.0322492191207 1.7418255 1.6747689 4.023942 -3.0201252 1.5451851 22.235456 1.5927402 74.87809103215791 
Car -1 -1 0 701.5242498621825 174.3867231908602 766.077586005053 218.53275348893902 1.4429246 1.6044786 3.7930145 4.3270645 1.5013933 25.620205 1.5609411 14.714108365917818 
Car -1 -1 0 508.1796010610614 167.86437021081494 567.136177297788 212.7488131373538 1.6748751 1.6743742 4.4853945 -2.8219771 1.4886856 29.21502 1.633347 12.490048049683967 
Car -1 -1 0 300.721891553124 176.44916147536654 366.0620316026565 205.20588766470036 1.4481392 1.5971501 4.2036505 -14.853687 1.6534991 39.046406 1.6668739 9.528941093433458 
Car -1 -1 0 406.9622479571466 172.43177574585593 440.28717422029166 192.65007865331395 1.4945157 1.591495 3.865635 -14.199371 1.463305 55.27598 1.5608022 3.990431354207389 
Car -1 -1 0 351.02206759242875 173.696874045939 397.3803720114202 199.20271053873788 1.5086915 1.6073394 4.149044 -14.581489 1.5635939 44.90839 1.5501723 6.460438990157901 
Car -1 -1 0 379.69043186789065 172.9430281401867 420.1342410679453 196.3534657893161 1.5627226 1.587138 3.5900834 -14.48351 1.5691203 50.01612 1.6275533 4.660818751260583 
Car -1 -1 0 535.1618879802596 173.7258262348462 576.3689562332278 205.40273614293284 1.4642129 1.5854568 3.6782198 -2.5824013 1.5091618 35.327812 1.6156883 2.1619200270693617 
Car -1 -1 0 660.370166229671 167.14475246945113 697.4687192948085 190.56237109195985 1.6294472 1.6445434 3.64045 5.0528955 1.2321855 52.203045 1.9749616 3.7301482487459334 
Car -1 -1 0 765.4824431816203 169.78889002213376 838.5534786019451 193.70246214447258 1.5028428 1.6487108 4.2306795 12.286444 1.3102164 46.21103 -0.019841395 1.5713709919843333 
Car -1 -1 0 675.7008966503729 171.33411141854353 717.4488024777371 201.36243209397415 1.4248811 1.5891374 3.9983408 4.313051 1.3527603 36.242348 1.5640478 0.5230992218259436 

