Car -1 -1 0 462.21338036855514 181.15793129646352 512.6847411771611 218.19922820563406 1.451372 1.6073021 4.0724316 -5.217165 1.8347442 31.25314 1.5420048 39.15197628839421 
Car -1 -1 0 388.5740316428757 185.0917946983629 476.23415186504985 241.01850689377835 1.4474937 1.5835812 3.8262568 -5.1520357 1.8441044 21.45219 1.5952277 60.47210750817215 
Car -1 -1 0 284.93689961117263 186.34580532670483 421.54165315308376 268.689418755438 1.4796364 1.6123037 4.007349 -5.3674574 1.8100041 15.647678 1.5496246 109.1761294802128 
Car -1 -1 0 745.6279972575352 180.64654743912004 909.736746617869 239.00801757533088 1.488917 1.6344355 3.9962437 5.9282303 1.7146971 19.803917 -0.1474043 51.06245409242528 
Car -1 -1 0 834.2805968886959 155.0395749902535 1242.0 332.55703559736764 1.8770896 1.7318833 4.341035 5.116063 1.6887178 8.664304 0.0790712 46.507826217891434 
Car -1 -1 0 661.2540120746568 174.85524524837842 736.172240420213 200.78807536712307 1.451123 1.6138705 4.1366606 5.068166 1.5683355 41.385273 0.033191636 17.68673035783892 
Car -1 -1 0 716.4953150958189 176.52373154990212 841.9079600711165 230.68393600856467 1.6074367 1.6038005 3.4789329 5.231969 1.7266629 22.492754 -0.08661558 23.037924722616687 
Car -1 -1 0 482.6050976238966 179.01022555592098 525.0553989977361 208.58853607386223 1.4090991 1.5853096 3.708187 -5.3697586 1.7408304 37.01531 1.5849681 4.447999358825322 
Car -1 -1 0 668.5520663186724 179.83453131834565 773.0730888683631 216.81161200912499 1.4571564 1.6023932 3.999733 4.537628 1.753979 29.735691 -0.073132776 7.103776800952555 
Car -1 -1 0 651.4376151199278 174.85738216356984 716.774680764433 197.4488557350963 1.4789371 1.6253021 4.144787 4.9629717 1.6157467 48.33724 -0.060353365 3.8067301889596683 
Car -1 -1 0 798.8338139125691 177.2391606851293 1083.4200667948007 279.05392278910665 1.5163082 1.6122273 3.861849 5.1966925 1.5924804 11.6764965 0.026478209 1.6875855430666682 

