Car -1 -1 0 676.781235402444 182.55733504731174 788.0774583052238 263.5957462199482 1.4535936 1.6156075 4.01746 2.4781852 1.6886742 15.454063 1.5481831 80.44055185255189 
Car -1 -1 0 649.2107838327813 181.4723524454079 719.7783643378531 238.18829143157987 1.4617455 1.5989294 3.8627129 2.1010554 1.7374064 21.133087 1.5526468 60.931221993872704 
Car -1 -1 0 514.7482210228424 179.8152990245273 546.5518147096569 208.09344913926589 1.4133883 1.6053102 3.845648 -4.223791 1.8089805 39.021248 1.4891877 23.35465773793589 
Car -1 -1 0 151.16771213784872 185.36968095886675 388.24540730810986 267.5725995814619 1.5508158 1.6497321 4.1075387 -6.8520994 1.8260528 14.888964 -0.07611212 80.33867643451504 
Car -1 -1 0 0.0 196.454923841002 314.53512555481257 332.63943506921424 1.4355807 1.6326889 4.249227 -6.146343 1.7666515 9.049625 -0.12358281 117.70858011711401 
Car -1 -1 0 244.60266201110267 187.71178120460357 437.0829029177063 254.5898493884963 1.5051501 1.6350245 4.0475135 -6.3973064 1.8821014 17.46023 0.013940802 35.946716053998514 
Car -1 -1 0 337.92755100684167 181.33998230509874 454.98049215820066 224.5981690364427 1.4697999 1.5667242 3.827069 -7.5740585 1.786539 25.92174 -0.12157794 43.23290998118748 
Car -1 -1 0 359.8347533087954 174.5588280684459 470.747784164652 218.76169793239072 1.7106919 1.6873893 4.0524206 -7.7275267 1.7814864 28.98121 -0.068975806 35.55529345793143 
Car -1 -1 0 468.6892523624724 179.36410274382536 510.57062997444376 209.42788559090968 1.5143793 1.5643165 3.36697 -6.4017034 1.8799514 38.802887 1.6127183 7.547837784662963 
Car -1 -1 0 632.5581588138076 178.92445510950168 690.2268718011279 223.61918534600113 1.4789774 1.59786 3.7045932 1.8172321 1.7162015 26.294697 1.5033755 13.955233242043134 

