Car -1 -1 0 684.2416018189905 179.51873892761944 753.677256545527 230.3406282505149 1.6535685 1.6648831 4.109717 3.8652902 1.9143176 26.128298 1.5110067 60.20209984585722 
Car -1 -1 0 13.921837301149736 174.4509068209166 105.34152287280888 219.22426995567602 1.3623968 1.5603621 3.7744167 -18.271545 1.4203494 24.143078 1.1656598 25.411315740643214 
Car -1 -1 0 315.9587276152821 182.79295556425657 407.0413262930541 230.00680681595958 1.4463866 1.6010067 3.8389997 -8.44474 1.8165886 24.904728 1.640841 31.728972514401526 
Car -1 -1 0 200.17819005771474 185.3066215856334 386.9341798869925 260.54083122342854 1.4424816 1.5770583 3.6532812 -6.85229 1.7368367 15.673702 0.36038378 116.23387325439818 
Car -1 -1 0 456.93259634027686 181.00282061567728 501.37566421556625 208.3791624940411 1.5147142 1.6846712 4.1336613 -7.763293 2.0275908 43.297153 1.6334891 21.459547345776457 
Car -1 -1 0 370.5856202097272 182.9370771538041 437.91258322238565 222.2837888056767 1.438768 1.604579 3.8250046 -8.2458725 1.8749528 29.291094 1.5827875 16.177702633840266 
Car -1 -1 0 666.5239082127781 183.37158478695213 713.6782141625641 219.09958112368435 1.4332856 1.5984262 3.9845998 3.5217557 1.9308367 32.129505 1.5558822 11.741506118170935 
Car -1 -1 0 487.278114420909 181.02747123972483 526.051731459315 204.37856772184267 1.4656014 1.6038066 4.031317 -6.915593 2.0427756 48.853542 1.6927968 0.9904261617770933 
Car -1 -1 0 657.837843185138 180.94193015019704 698.9924730786382 211.47464762370993 1.4860606 1.5893505 3.587286 3.5710433 1.932004 37.939205 1.501797 1.1844844178445635 
Car -1 -1 0 348.9090235470566 158.25462884731417 396.76943623987086 189.2825976331087 2.0058525 1.8728145 4.488506 -15.971902 1.0620526 48.912598 1.5450191 0.8455858984870285 

