Car -1 -1 0 611.9613520269594 164.6793696075962 747.1107642859522 213.64010732713365 1.5804081 1.6970867 4.3791127 2.336153 1.3165383 24.333588 0.09052416 95.54141887078976 
Car -1 -1 0 773.6356156509826 162.3815749769062 914.1771810065103 207.81146962172053 1.4793015 1.6436913 4.2032876 7.8221574 1.1382952 24.32717 -0.004954529 94.20920783664097 
Car -1 -1 0 529.368972748635 167.6629899942799 602.1932305678465 200.73853828492915 1.4373553 1.573964 3.4366693 -1.9661475 1.2117708 33.21913 2.1679893 62.242572515494956 
Car -1 -1 0 919.8371645195283 153.25066686269162 1073.9046134778675 202.3046688943839 1.5777187 1.6809757 4.243188 12.832182 0.94721866 24.068491 -0.010041365 108.00464918665833 
Car -1 -1 0 1076.6679881656123 152.05931399770884 1240.8684721968043 199.96121440704448 1.5156078 1.6306998 4.092296 17.975136 0.85766745 23.753456 0.053763878 39.98543463486136 
Car -1 -1 0 245.05492547521814 180.10477315896034 351.5735860144508 215.45114533884686 1.4409335 1.5689297 3.8418486 -13.138857 1.7566295 30.58521 0.023977287 29.95667876378175 
Car -1 -1 0 910.6370465223137 154.06395694720513 950.4532119711661 187.8466825093147 1.5014253 1.6331339 4.315902 15.242682 0.6663283 34.373158 1.9724879 8.435787231225659 
Car -1 -1 0 587.6853627084307 166.36644717485433 665.8190326875151 198.55882520557452 1.3910232 1.6333351 4.1418447 0.8628652 1.1106977 33.35073 2.1647239 34.778775883815285 
Car -1 -1 0 730.813965235299 156.47283295553146 801.5371633245358 193.38291792531678 1.5553927 1.6300113 4.0785656 7.1204944 0.8650894 32.537624 2.1932476 8.510426763852879 
Car -1 -1 0 783.5008464105853 149.55561003787508 813.543369286588 168.32265621252745 1.528352 1.5951203 3.6976187 16.068512 -0.3978628 61.503216 1.5716158 2.9853228204721605 

