Car -1 -1 0 362.23830354623266 177.58076188093096 564.9765085056495 259.2160332202703 1.4800904 1.7092724 4.4058146 -2.9747195 1.5978205 15.660467 2.1508348 142.4410176574452 
Car -1 -1 0 625.1394330403721 175.55727449169063 745.9553439699149 217.9284439192414 1.5046976 1.6716927 4.3161416 2.7755713 1.6085851 26.73933 0.07231959 66.36607128951852 
Car -1 -1 0 705.0207550023662 176.26638368190788 866.6724611558395 227.10227799673473 1.4953023 1.7211213 4.575205 5.41654 1.6066465 22.456432 -0.10106694 107.87424656419999 
Car -1 -1 0 1097.553728949395 169.33716957606902 1222.7622510382691 208.65675388288417 1.5021756 1.5900131 3.6766424 21.621214 1.3678175 28.43226 0.039204016 56.459972765996916 
Car -1 -1 0 965.7758164251914 172.36748917688598 1118.7523197999008 216.4039449453602 1.504726 1.6873107 4.3728876 15.296988 1.4881018 25.690948 0.08964008 63.294634886411764 
Car -1 -1 0 410.98294775088385 177.35322530809762 453.5875132241195 203.16618590172064 1.4570351 1.6833203 4.2233267 -10.652842 1.7423654 43.61638 1.5330944 11.133591938643672 
Car -1 -1 0 312.67170988360044 180.5267159495664 373.1636460699393 203.60361595780074 1.5208311 1.7558749 4.4990034 -18.969398 2.0945597 51.55092 1.8409158 31.49784615522914 
Car -1 -1 0 919.6961879126176 169.61879333472606 1048.076289006913 209.18092060952782 1.5444629 1.699769 4.279809 14.990677 1.4181638 29.045982 0.01313848 12.198531985420694 
Car -1 -1 0 569.2131423482517 178.9849933718712 584.8273626952906 192.40502090612293 1.4160732 1.6839552 3.6918123 -3.5972476 2.1096225 79.739075 1.5248177 0.2575956881046295 

