Car -1 -1 0 86.91063643428218 192.28002769713171 355.3950667694665 322.6376461284216 1.4699757 1.6697518 4.2983007 -5.501796 1.8233848 10.955112 1.5985671 125.8056252208909 
Car -1 -1 0 768.9053247358031 180.20101862391172 1059.0329064746338 274.6992247480507 1.4731038 1.6503372 4.270227 5.052254 1.6079813 12.319039 -0.048186593 155.58982632321158 
Car -1 -1 0 741.8097091300674 179.57240837656556 972.0612618914816 257.09577586827464 1.4863584 1.6257725 4.2017393 5.0053177 1.6339498 14.922905 -0.05541115 32.786632975750386 
Car -1 -1 0 690.4761895377679 175.07397844659627 855.8856479291031 239.9321800597221 1.7107419 1.6887939 4.1897573 4.508662 1.7761652 20.184786 -0.11498224 35.01152337342583 
Car -1 -1 0 679.3269720141204 177.0682784471182 783.5473206592004 217.83557662970208 1.5393636 1.5969784 3.7884855 4.7220373 1.7094772 28.273449 -0.028513925 26.19739905867076 
Car -1 -1 0 711.9285216903794 179.56419647650142 890.6635926088782 245.33601730973544 1.4829872 1.5870899 3.854906 4.5359097 1.6531681 17.378067 -0.06723754 22.241593221584157 
Car -1 -1 0 460.67615679754743 180.88184948708474 498.3812616118442 212.5225159407087 1.471451 1.585908 3.3483725 -6.5791726 1.8956479 36.303413 1.3066952 3.5328750614329536 
Car -1 -1 0 624.4544024758965 175.70280941623787 665.766601904117 190.5772539244481 1.4612856 1.598058 3.8806095 3.597703 1.756711 73.171326 0.5166727 6.306729482272057 
Car -1 -1 0 673.6557087747116 178.0610909452907 769.0383423016963 214.36910238869515 1.5019252 1.5927422 3.8067997 4.753935 1.7319233 30.98576 -0.046888445 1.531595826074079 
Car -1 -1 0 523.3938046706439 181.4372592911679 545.8606334596026 203.06479170509672 1.5253905 1.58618 3.716896 -5.6744757 2.1954265 54.37993 1.4407938 1.5687854806016202 
Car -1 -1 0 658.8264283996914 177.0986617308467 691.0439125775102 207.81724467993803 1.466821 1.5582494 3.5890868 3.3422616 1.6944115 36.827564 1.6650912 0.2507738769054413 

