Car -1 -1 0 782.6446788749703 184.73722357902437 878.6319502012176 256.09147186747634 1.4391527 1.5811604 3.9359798 5.1620054 1.757828 17.293629 1.7049124 62.90243410637808 
Car -1 -1 0 263.997338908036 176.9492244031053 536.8013622803674 285.35131289549764 1.5245254 1.6016448 3.74037 -3.1309903 1.5936627 11.201395 0.097978145 137.30300109553505 
Car -1 -1 0 816.0137498459053 184.3660493875333 1008.687123213122 306.15742310170526 1.4941387 1.6153331 4.206027 4.5065165 1.7110447 11.428207 1.6602461 64.3685756917472 
Car -1 -1 0 751.276721115895 182.01456572663994 804.2815179172334 221.85256367673398 1.4591944 1.6082594 4.058562 6.799369 1.8603296 29.495161 1.6726385 22.63408959376779 
Car -1 -1 0 771.1148023414627 182.33816106797113 837.7985853334648 235.95068558034632 1.4680815 1.601651 3.8029878 5.9766192 1.7897406 22.468851 1.7259327 21.20453563502726 
Car -1 -1 0 415.69464621752115 179.93273162685506 600.6924976058305 252.42240742014206 1.5146065 1.6208014 3.8738692 -2.275082 1.6886836 16.528492 0.22099346 18.73294925621988 
Car -1 -1 0 345.225672383037 162.35020246701828 570.9400148943301 267.0136523109695 1.8285353 1.6754698 3.849708 -2.7733564 1.6450274 13.662726 0.11717276 57.26776232537823 
Car -1 -1 0 540.9161360882173 176.94496977984474 638.1076634928528 212.26532791818522 1.483392 1.6020386 4.1271553 -0.82393694 1.6663907 31.39209 0.040548347 14.921066042576298 
Car -1 -1 0 576.261165422875 171.56562496381696 655.2292517284338 207.85502335659757 1.8093014 1.6854198 3.888 0.35037667 1.7450659 37.048325 0.122644775 13.04169452980299 
Car -1 -1 0 737.4962504843882 182.16113433296556 769.453984264675 209.3942716875004 1.4463823 1.5806906 3.7137604 8.254011 2.0080693 41.598507 1.7059203 5.819181106654694 
Car -1 -1 0 441.5877445817743 180.1140511584159 594.5655539254897 242.38678745053284 1.4948043 1.5841069 3.783997 -2.445701 1.703445 19.206123 0.4451689 2.8369062752309637 
Car -1 -1 0 596.3647584120025 178.54949032438327 665.062874800284 206.03813832449597 1.5312915 1.6213323 3.8743684 1.2494156 1.8670187 41.563667 0.08286788 1.0542837031523584 

