Car -1 -1 0 620.553302271397 183.14414952673638 727.992229291898 282.4466729700505 1.44863 1.6369796 3.6111896 1.2197958 1.658489 12.817174 1.703454 67.58272722063734 
Car -1 -1 0 690.6991805902918 171.35557426237892 790.0801555487897 234.4026685242003 1.6243014 1.6672131 4.1147785 3.8701253 1.5856969 20.798546 2.053074 85.12729423730254 
Car -1 -1 0 30.70290241567178 188.35314140861152 453.583248517299 375.0 1.5368147 1.6296433 3.6798987 -2.6150486 1.7096508 6.1740055 1.6122046 118.76424249482359 
Car -1 -1 0 810.6954837799278 169.6951569570274 866.213639465264 204.9302500832532 1.504035 1.6964939 3.7518954 10.316093 1.3691974 32.756363 1.6796741 44.31699344572726 
Car -1 -1 0 624.7600844666697 179.03246960184458 659.3991898523582 205.40311112083225 1.5152341 1.7218225 3.941074 2.0497744 1.9141786 44.511337 1.7233288 4.305979365299117 
Car -1 -1 0 1096.6252669233538 146.17721022232584 1242.0 211.59677807024775 1.7967026 1.7795277 4.2873325 17.132488 1.0640432 21.98462 1.5992243 11.374143061982673 
Car -1 -1 0 346.0046660510286 182.8676714619963 428.0415469663824 214.22259165542107 1.5508417 1.6514308 4.051756 -11.759862 2.1004238 38.11761 -0.35765964 2.906109402596083 
Car -1 -1 0 153.85132515972947 190.89048008983056 237.238588812694 227.2927272610121 1.5188459 1.6348131 4.1138644 -19.516323 2.4259472 34.22091 1.5581578 2.264571583088858 
Car -1 -1 0 663.7143743145919 180.1424013673959 683.7979724987156 198.90613389117428 1.4798484 1.6231663 3.92801 5.3675327 2.111424 60.501316 1.652187 0.6838901894989659 

