Car -1 -1 0 691.8341906893801 180.69610894425554 846.7266332322954 279.3076182603326 1.4927453 1.6098171 4.229186 2.7586424 1.6625859 13.447825 1.4799514 112.16230174673525 
Car -1 -1 0 813.1509649493535 186.0534107318302 1242.0 375.0 1.4896505 1.5961044 3.815537 3.0986347 1.6396669 6.2872744 1.5777662 90.95286886748988 
Car -1 -1 0 679.1309616308555 176.18439297492256 755.8799535001331 238.9164903965935 1.5800679 1.6416639 4.090232 2.950389 1.6839905 20.453869 1.5909499 55.811665181473714 
Car -1 -1 0 238.6170267979085 176.62381888882044 482.47271881310206 260.61893959316933 1.5424092 1.6701429 4.2743487 -4.7712255 1.6221018 14.294385 -0.058538295 113.1225730589766 
Car -1 -1 0 659.0678677628329 182.01345092249758 714.9274192256942 226.2474058667077 1.3981974 1.565517 3.7770126 2.6613426 1.7456051 25.47828 1.5703584 34.30029668202392 
Car -1 -1 0 404.57741664619067 179.9030308824056 534.7618573936288 226.77127955200828 1.5060489 1.6418885 4.1601105 -4.651265 1.7542207 24.439184 -0.06962293 22.48663586600245 
Car -1 -1 0 641.2600604642952 181.030316709267 678.5318013967453 212.5647666565018 1.4405255 1.5549455 3.566999 2.4434674 1.8651788 35.682247 1.5593665 10.691059041374277 
Car -1 -1 0 347.70966344230146 167.56356435963096 518.0238778837277 237.7205440803116 1.8463192 1.7318435 4.3224487 -4.7725058 1.7070909 19.95425 -0.046555065 79.25940137919609 
Car -1 -1 0 637.1068657289243 175.23508434830086 668.467050655735 202.97501718042028 1.6818256 1.6399579 3.6363049 2.711829 1.8394374 45.912025 1.5314709 7.1103930131642645 
Car -1 -1 0 456.568395545212 174.48055654935536 551.1077642725022 216.31368864847758 1.7915808 1.6727238 3.8550024 -4.650914 1.8661077 32.021034 0.1078901 6.129644797333515 

