Car -1 -1 0 685.0925807487347 177.15405446930782 845.5899707974605 292.86351831676285 1.5316634 1.6235019 3.9432843 2.3100019 1.6133022 11.699253 1.5348585 90.83199870525326 
Car -1 -1 0 762.0993118698289 184.08452402304684 1151.996632832242 375.0 1.4821599 1.6227655 3.7841098 2.7260938 1.6164832 6.693242 1.5115819 108.96475223724771 
Car -1 -1 0 654.3052331537477 175.64863107412475 762.2546694354447 246.86534171056311 1.491847 1.6197944 4.032941 2.2346313 1.5672696 17.376244 1.4543562 72.11226334924827 
Car -1 -1 0 122.98876866018597 179.66516943672735 403.6698029339013 294.2092136829056 1.512116 1.600016 3.7835276 -5.3740745 1.6356047 11.403245 -0.5564377 72.29069981804106 
Car -1 -1 0 574.4440492560799 165.42377379663583 621.7445829733537 210.24045937293107 1.723753 1.6781138 4.041926 -0.5377529 1.4379692 29.83733 1.485154 39.12570547104623 
Car -1 -1 0 251.80463332554652 179.73251453109566 436.6742957196068 250.61615187852377 1.4315621 1.5666499 3.7079778 -6.0629063 1.6072049 16.668686 -0.6602597 47.28598729191671 
Car -1 -1 0 0.0 187.38481803262212 298.69211696700273 344.73023051332626 1.4637413 1.5650284 3.4743245 -5.6351237 1.6659743 8.517896 -0.50397986 32.359958499369135 
Car -1 -1 0 542.4819998786282 177.64686777271424 576.2196553685379 195.22096301576372 1.463804 1.588073 3.8097172 -4.434566 1.8978097 63.279324 1.0994562 2.969162819729269 
Car -1 -1 0 396.2987816018621 176.36691681732987 424.373938613869 195.38614867714142 1.5599124 1.6668754 3.7516713 -17.14114 1.8716975 61.987988 1.1174555 0.3582211136817932 

