Car -1 -1 0 685.2675858118988 177.32675553017904 819.9160053418323 267.7951794100789 1.4224254 1.6166731 4.109755 2.512154 1.5197871 13.628191 1.5409926 119.17709244565786 
Car -1 -1 0 438.42037143951626 172.7385173344125 532.2592944181745 207.1396682315681 1.4777873 1.5973164 3.8732877 -5.6059427 1.4728262 32.686127 -0.54800797 64.78717223147142 
Car -1 -1 0 107.58459552077491 182.98511478805554 375.83989597589687 293.7891421154339 1.4521513 1.546916 3.5307007 -5.6503525 1.6328418 11.305418 -0.5331628 126.49625694996888 
Car -1 -1 0 656.059275268802 171.1896020984359 717.526586835723 219.73942853851048 1.5433697 1.6204193 3.864773 2.5825553 1.4904593 24.888123 1.5473182 46.56782056848 
Car -1 -1 0 224.684425743177 176.00148833850858 430.42251281027035 264.60151767463185 1.5585792 1.5942265 3.6297524 -5.5604525 1.627714 14.324811 -0.4630518 48.43719751970338 
Car -1 -1 0 644.6298932742941 170.85330895708393 682.0208540415547 201.67126924252005 1.4994661 1.583939 3.4498048 2.7014847 1.4021211 36.84775 1.5501199 15.941280469177684 
Car -1 -1 0 675.8004545737134 173.99938178101476 752.74798306405 233.93569611738545 1.4556484 1.5559441 3.5725832 2.7172394 1.489251 19.380093 1.5730826 35.70475924187473 
Car -1 -1 0 296.0862230400995 175.2312163403871 461.4168346389932 248.03098310286177 1.5596392 1.6028175 3.5448384 -5.444332 1.6205828 17.02594 -0.43353003 26.080948536150355 
Car -1 -1 0 471.40720556800983 172.56808026168713 545.0147060686149 201.71151780542323 1.4913995 1.559603 3.5636992 -5.395134 1.4767675 38.484848 -0.51866907 1.1639068790539846 

