Car -1 -1 0 71.44781091995965 190.03290942465716 205.88178569361472 239.91635111945496 1.5016646 1.7720171 4.403369 -16.430079 2.1615126 25.485344 1.6031352 61.36196099358066 
Car -1 -1 0 179.44201924943079 187.2652397823563 258.52830522631837 227.17952731941224 1.5159028 1.6095731 3.7608929 -16.540285 2.1689837 30.75308 1.4807578 47.80189864184011 
Car -1 -1 0 685.8539156072903 183.85554684696436 769.0237567739944 242.45762557072058 1.4095751 1.6449542 4.2573276 3.191134 1.7513161 20.28397 1.5713986 74.26798648192808 
Car -1 -1 0 288.68924012826886 186.37777928073038 342.40223409988084 214.67794571897647 1.4733813 1.565157 3.575146 -16.673128 2.277024 41.079853 1.5831715 33.16240577282925 
Car -1 -1 0 238.5181370055988 187.94278423035277 311.3917380366208 221.2692679334077 1.4630132 1.6174352 4.310731 -16.485167 2.2563958 35.783226 1.5701047 17.095622825151246 
Car -1 -1 0 669.7505527571224 183.04123213576094 729.1641164119673 228.39275177090636 1.4344151 1.6023666 4.1091084 3.1302285 1.8277453 25.80201 1.5681638 6.959687122928235 
Car -1 -1 0 324.13340591817865 185.41968435520297 367.6873024048594 210.87010948097452 1.4892322 1.5776513 3.800336 -16.778631 2.325513 46.079037 1.5148712 4.367524640798284 
Car -1 -1 0 1050.6855598338966 174.06523850160076 1242.0 263.0950852397396 1.488194 1.6380799 4.1181965 10.467056 1.5113058 12.925856 0.011154277 1.4423386305292285 
Car -1 -1 0 603.5908295980063 181.36969564532274 620.8783293048657 196.98033316828304 1.4943038 1.6408496 3.680575 0.24872304 2.377334 72.95879 1.5451889 4.16589268076137 
Car -1 -1 0 656.9709435970154 183.4944632846541 701.5255582321533 217.50611131205008 1.421499 1.5789721 3.5544071 3.1419764 1.9360805 33.089737 1.5348538 2.977053945432823 

