Car -1 -1 0 363.4276919867933 189.29002209762922 437.96672214428503 238.58897734802915 1.4006376 1.6178696 4.256588 -6.8787236 2.0008092 24.15461 1.4801298 36.7505704120349 
Car -1 -1 0 828.2978097118779 176.0101188356989 1226.0610372031379 303.8991506136171 1.4957838 1.6713918 4.357731 5.3185406 1.5417656 9.500578 -0.082107015 166.71137159248994 
Car -1 -1 0 730.0185522080411 172.64461488893406 953.0543755514034 260.89818848476705 1.6278212 1.6496668 3.9134943 4.5499163 1.6239591 14.4081135 -0.14531264 48.67060711132459 
Car -1 -1 0 761.5250066482179 179.22887914829755 1053.0546986578242 278.5825718596992 1.5021038 1.6496041 4.187764 4.817592 1.6167551 12.005102 -0.07119579 39.86654238736281 
Car -1 -1 0 675.3189242491994 181.21544204824053 813.0283472940762 234.87353290390885 1.5110518 1.5954516 3.7586665 3.9980698 1.7747102 21.699528 -0.14017639 13.508226005595672 
Car -1 -1 0 650.3156405551903 179.85192143969053 780.0883889447133 229.66582334925505 1.5891198 1.6540844 4.046963 3.546348 1.838093 24.507841 -0.17308134 27.659029199771098 
Car -1 -1 0 632.7869075772901 178.27749581196267 737.7851772275052 219.92323838441317 1.6082052 1.6639764 3.9748178 3.006273 1.8344343 29.108965 -0.08012973 17.425417764637963 
Car -1 -1 0 413.9781150792295 188.013014065968 466.60835065180146 222.90261084747232 1.4773954 1.6251696 4.132025 -8.004914 2.244863 34.446743 1.5491221 8.904307830223802 
Car -1 -1 0 692.4355346499132 182.81523879548354 848.9626838400352 242.5563554902186 1.4680873 1.578507 3.7236295 4.194509 1.7449696 19.059624 -0.11417431 15.98768572351144 
Car -1 -1 0 229.0938623648638 175.41680528766784 399.3758403175501 282.3675435248859 1.8041084 1.6959087 4.2754817 -5.6494164 1.8629605 14.421806 1.5590429 42.73136612152933 
Car -1 -1 0 444.8034321794299 186.72227542525752 478.53221778463717 212.72261746861108 1.4673016 1.5794826 3.7795968 -9.123862 2.3644843 44.735374 1.4965073 4.527205317721426 
Car -1 -1 0 601.0217635292461 181.13742432925682 634.4201801497186 212.25285798187218 1.4977667 1.5933222 3.450755 0.4623714 1.9477957 37.435818 1.6228967 5.674126651533594 
Car -1 -1 0 655.1090409874652 180.25882464416839 760.0763582246431 223.97835176838126 1.5481639 1.5866971 3.5954876 3.6083958 1.8340948 26.873428 -0.11131348 6.187413967141352 

