Car -1 -1 0 0.0 208.44107562505388 285.04760872648313 375.0 1.4211843 1.5775216 3.7611217 -5.510712 1.9362221 8.545174 1.5926659 121.37539208824307 
Car -1 -1 0 763.1785111750453 173.37149409915162 1051.1897367701586 261.5036241570973 1.4559828 1.6844712 4.4304986 5.1159534 1.465851 12.845021 0.032674395 147.0377537303507 
Car -1 -1 0 325.9302649990681 190.62454627105026 448.49438204073397 260.0198405812759 1.4520214 1.6488268 4.324428 -5.493335 1.9595135 18.413048 1.6097349 91.81804001955155 
Car -1 -1 0 713.1915346274111 175.31559884866448 881.0394532880313 233.70414127994698 1.5259707 1.6556019 4.164881 5.050706 1.596403 19.787256 -0.014408257 73.84638110779971 
Car -1 -1 0 699.8680532957168 175.50764330057547 846.5727016997744 226.07411463304268 1.4958049 1.6226563 4.1485243 4.997563 1.5813577 22.350836 -0.04872724 8.63868497075966 
Car -1 -1 0 685.1409508306555 176.61669553058834 808.7267372143687 222.34366555343064 1.5050771 1.6006991 3.9021335 4.6654825 1.6392336 24.812649 -0.058649395 8.29674206374157 
Car -1 -1 0 676.9665846170591 173.30223038371466 789.974354992837 217.9859850874203 1.6557102 1.6506927 4.019906 4.685195 1.6734228 27.633266 -0.027239583 5.771521010732404 
Car -1 -1 0 666.5141563353066 175.52039817723448 745.6866661309814 208.03339147247016 1.5598007 1.5761262 3.6336417 4.739902 1.6951091 35.691063 -0.07613259 2.817878308424202 
Car -1 -1 0 648.7893720510164 173.12841835113966 716.8055473542668 200.30237341153622 1.6000183 1.6241279 3.8802438 4.3695345 1.6168578 43.389904 -0.03917237 4.776084486950156 
Car -1 -1 0 480.48688961450955 182.2857793898742 524.1373646005029 208.9371131807633 1.5091698 1.6218483 3.2691426 -6.5679445 2.1078103 43.972683 1.0784813 1.6103276163538713 

