Car -1 -1 0 675.729602486374 179.88682599604022 774.0640324720982 255.91954497212237 1.539633 1.6267285 3.4181902 2.549293 1.7189698 16.665398 1.5393858 105.15884227241807 
Car -1 -1 0 659.8465575130025 180.14924512180662 727.7818084593982 236.5810150127886 1.509554 1.6088569 3.7631207 2.4419405 1.7477088 21.67144 1.572988 44.19793222397617 
Car -1 -1 0 152.53996665453076 181.80398322520645 419.1264458664007 284.82411309932615 1.5088823 1.6349099 4.0708437 -5.600539 1.6878295 12.65147 -0.5609933 121.86446671979799 
Car -1 -1 0 303.5552447845647 181.95814062992542 475.7968539756345 247.08056879094653 1.464561 1.5907565 3.9387877 -5.5605726 1.7171926 18.357212 -0.51697516 77.28456894695785 
Car -1 -1 0 645.178071892175 174.44162560043654 696.4948817681935 221.96586414840982 1.6849666 1.6832294 4.1486855 2.2873993 1.750743 27.807663 1.5851831 42.80418531023879 
Car -1 -1 0 379.1609924311242 173.77481809807216 509.2243696990714 227.20410295515276 1.640954 1.6432437 3.8841205 -5.461746 1.6738375 23.99426 -0.5983754 47.084864218933255 
Car -1 -1 0 454.08337748418455 174.56945953249993 533.6433777052209 208.54342424260668 1.6702976 1.6241496 3.7233977 -5.9650335 1.7628593 37.28617 -0.5336859 6.82645713043378 
Car -1 -1 0 479.1014021243165 180.544470166831 549.5255032802063 206.33825332216205 1.4498091 1.5888323 3.891501 -5.699902 1.9302424 43.33468 -0.58835137 1.944947189812182 
Car -1 -1 0 505.57955444451574 181.5733131164269 566.1802958911696 203.03058715821498 1.4410625 1.6020327 4.097653 -5.2703867 2.0904183 51.859146 -0.6487485 0.5365995026993597 

