Car -1 -1 0 576.8156893003088 184.84565072697976 657.3193719399887 257.6150991779203 1.4627653 1.6659286 3.76125 0.27886653 1.7788396 17.080378 1.6458933 52.53931441966317 
Car -1 -1 0 481.4592068998527 185.79661073947256 558.9464953161959 242.7408584406083 1.4464169 1.6288697 3.7114203 -2.51372 1.8585886 21.083464 1.6216471 84.48783660822204 
Car -1 -1 0 701.3575205671007 187.46302031566742 790.5033926487569 272.5119955748159 1.4733737 1.6061345 3.3390448 2.7087238 1.8099834 14.864824 1.7020979 66.4193241348369 
Car -1 -1 0 758.5853855519714 191.08598312254298 1098.5812653302544 375.0 1.4226068 1.6023849 4.1161923 2.5646093 1.6502553 6.9158883 1.6176891 85.23185150795736 
Car -1 -1 0 682.6729816944244 186.09852524719562 750.0356572755077 249.2722867316576 1.4293954 1.5976825 3.8744287 2.846381 1.8194591 19.214605 1.7218418 33.90722757934905 
Car -1 -1 0 86.7670896428364 199.65318175820596 201.21439390656892 238.15181636498667 1.4831547 1.5875446 3.750276 -19.618004 2.6603212 30.545155 -0.19895843 35.16893747256686 
Car -1 -1 0 236.01553588643392 190.1585490297848 332.5575105249779 229.8194393234493 1.6052077 1.6024886 3.6113315 -14.108336 2.3892028 31.476004 -0.24403791 42.304430976937674 
Car -1 -1 0 611.721633148583 178.04275116121676 673.6209120618763 232.16631675225983 1.7122215 1.7138708 4.1740427 1.2501649 1.9110005 25.444637 1.7314124 39.32896746810559 
Car -1 -1 0 568.9882624225731 183.25430960967498 615.0731936363538 213.476557037831 1.5184102 1.674592 3.8240495 -0.9106877 2.1202517 39.706806 1.7864358 11.269645276201265 
Car -1 -1 0 21.127424867157618 196.2778956602957 121.43218606821794 225.4608060487859 1.4827113 1.6502938 4.245641 -30.234001 2.8530188 40.670666 -0.37157202 18.397095464808046 
Car -1 -1 0 759.353706566743 177.56038853440393 794.1132883380777 203.00268163134885 1.5291092 1.6403373 3.890351 10.636929 1.84304 46.11884 1.6592298 5.766549907914739 
Car -1 -1 0 682.8113918728427 179.32629299474615 707.136804239129 200.67688579421645 1.6251756 1.6930552 3.3844316 6.8734455 2.1604393 57.849487 1.7620522 10.802000086159188 
Car -1 -1 0 725.365370020282 177.77352990287034 748.1116854516325 197.12246915467077 1.6036416 1.6697537 4.2766275 11.175502 2.0503113 63.235516 1.8148892 5.429488225843388 

