Car -1 -1 0 722.2463420332889 182.73890276349567 902.5166590969093 299.57229726955273 1.4104159 1.6010705 3.91016 2.8520942 1.5881902 11.009825 1.556114 124.65553729798725 
Car -1 -1 0 573.5664001399822 168.97364736989266 638.1165290750574 231.44964571009032 1.66461 1.7236512 4.315486 -0.17881334 1.5612218 21.413233 1.5332317 48.76448498753635 
Car -1 -1 0 656.9392448320674 171.61438665821655 712.993077502544 221.6782053617975 1.599138 1.6428761 3.603722 2.5282907 1.5595422 24.869417 1.5960984 61.13020427082575 
Car -1 -1 0 695.375671666917 178.34604269464717 800.5718741171977 253.61587361039392 1.4292688 1.5255102 3.3412457 2.8821073 1.5612986 15.647388 1.5326015 48.07678168656193 
Car -1 -1 0 245.44819507725379 178.96611121537637 322.08941365022577 216.2268985272307 1.5035186 1.6105236 3.9704118 -14.235007 1.7894425 31.761042 1.561707 21.499772958528485 
Car -1 -1 0 50.52945866496179 185.1290738499095 198.63394778994987 240.18067831611117 1.4028659 1.6711396 4.322243 -14.268205 1.8070834 21.563328 1.525316 35.60149674716881 
Car -1 -1 0 310.0516670354464 174.74943537864257 368.56938244002976 207.95496090291294 1.625047 1.6240255 3.6141744 -13.912764 1.7279189 37.339836 1.5877782 48.85023804870983 
Car -1 -1 0 379.0787132170441 174.77118685971732 423.0400528559716 200.1550883997011 1.5855693 1.6739504 4.3711257 -13.686409 1.7178601 47.594612 1.5612493 9.918087416287936 
Car -1 -1 0 638.4350150523658 171.87977298111966 670.6568205919161 202.08278876583594 1.6091698 1.6554176 3.904831 2.5646303 1.5572643 40.468056 1.6713543 9.37654999294646 

