Car -1 -1 0 582.5054720596752 174.92389775614737 614.947131252372 205.9514566993818 1.5653987 1.6486644 3.7080963 -0.59175414 1.6812862 38.524788 1.5483594 26.968666306259603 
Car -1 -1 0 535.8600946340839 177.6238835488951 565.4169472905813 201.92580840611373 1.4918447 1.6732023 4.1756864 -3.8131785 1.8179336 47.223457 1.5511487 9.341130207632352 
Car -1 -1 0 0.0 193.9610035608744 264.8059116402288 305.2066928706329 1.5321883 1.6042652 3.6308794 -7.516073 1.8828921 11.126778 -0.033198163 75.5787782197313 
Car -1 -1 0 210.51681407932537 181.30224150749893 404.6221720660111 248.5684892815431 1.6111447 1.7004709 4.2454042 -7.5997086 1.8373301 18.413517 0.02559359 76.64281650346982 
Car -1 -1 0 151.58751062862748 188.26252843818529 342.4234133828375 261.21265726888294 1.4982848 1.5593278 3.4456623 -7.930905 1.8577898 16.002666 -0.03055637 40.21239958385977 
Car -1 -1 0 420.769953807855 179.8795910469613 497.3890360240165 207.9848935278639 1.5349056 1.6447248 3.9822946 -8.436164 1.9390284 40.664413 -0.008658521 23.265725605053884 
Car -1 -1 0 335.14404148941753 183.00689183840205 452.73397058523705 226.98347453698864 1.5097816 1.6051011 3.7520282 -7.7374744 1.8894577 26.08436 0.051562224 28.278072267793704 
Car -1 -1 0 368.389043902386 183.75360664109726 470.0890734261991 221.33013515322986 1.4392858 1.5731871 3.650407 -7.6015005 1.8905631 29.006891 0.04449984 9.513555329134213 
Car -1 -1 0 293.338168952339 184.2240868697594 420.80859626314816 232.36603175269332 1.5082972 1.5759796 3.676786 -8.337893 1.9010719 23.987127 0.083225906 2.798865188438697 
Car -1 -1 0 256.52954277485867 184.61697922780095 406.7018406263249 238.80375153891677 1.4903326 1.5933464 3.7610445 -8.020206 1.8465905 21.027897 0.015041121 2.3969152130265328 

