Car -1 -1 0 707.6596079042645 184.10211886795898 884.0647275903427 299.1554316987403 1.4556764 1.6240925 4.4037333 2.7782462 1.6741713 11.790066 1.5400076 130.6132936006563 
Car -1 -1 0 470.57126920091645 181.52202530475384 535.6300067290399 229.08923766466216 1.4735932 1.6608382 4.0215616 -3.612636 1.7992927 25.098927 1.5731529 85.2739159901392 
Car -1 -1 0 682.6815763662613 179.92983379130249 758.3511691305063 240.67709805675418 1.4600252 1.5884807 3.8031647 2.9307194 1.6722236 19.71416 1.6002774 54.48250304622248 
Car -1 -1 0 764.6957764777544 178.43581432354642 864.3798528847392 219.52482232914448 1.5742769 1.5686797 3.583784 8.119761 1.804151 28.803663 0.07200575 45.91397147586876 
Car -1 -1 0 654.256185371371 178.22383914355783 684.8218652017385 206.11875587718416 1.479761 1.6001652 3.9894166 3.372646 1.8006768 41.089542 1.6197861 15.465441392726662 
Car -1 -1 0 315.19435787408406 171.82257706544735 482.3287353275395 284.3448134603885 1.7367904 1.7399164 4.258856 -3.6380136 1.7208703 13.287718 1.5960557 123.28591415180782 
Car -1 -1 0 499.71953690874665 181.86572006892797 551.8920643481227 218.6992965487111 1.3992001 1.5980281 4.0317817 -3.4629493 1.8050504 30.451956 1.6064731 4.476622850616778 
Car -1 -1 0 223.41461465887338 183.6277968243129 373.3902746174168 264.89891751036265 1.4754972 1.61459 3.8927357 -6.5147066 1.7373855 15.579193 1.5537155 8.335407721844977 
Car -1 -1 0 0.0 205.7173834498878 213.78933482325155 357.51870888451253 1.4205759 1.5868785 3.8022633 -7.016201 1.9405458 9.499279 1.5502751 0.6993305926026328 
Car -1 -1 0 587.9986640713137 176.53691276541912 607.9602450691764 192.62406617541126 1.5542197 1.6184475 3.819879 -1.1396163 1.9347987 72.58727 1.6592 0.30385518074035645 

