Car -1 -1 0 30.4481266971379 191.6010540377692 167.23621189257378 246.3022216513542 1.5260401 1.640545 4.210225 -16.593 2.198038 23.728453 1.5318534 50.20530037165015 
Car -1 -1 0 677.6152263546189 182.32321417202175 759.1720494872309 239.43041887637457 1.476599 1.5806913 3.5766468 3.0880303 1.7779615 21.116196 1.4886945 68.80688533170655 
Car -1 -1 0 711.4660672510698 183.279899785426 859.428413231349 279.1258368727973 1.4558395 1.6073261 4.297274 3.1000743 1.683914 13.608602 1.5355995 96.42582946421501 
Car -1 -1 0 144.44457219408164 189.97857119233885 233.68323231830098 231.79866158277835 1.4934671 1.5815343 3.5391188 -16.799107 2.224484 29.015453 1.5499082 55.708455903115386 
Car -1 -1 0 769.5000497353236 190.7387797725131 1060.810516453328 367.3708822079573 1.4223053 1.6075093 4.3155212 3.1266742 1.6845697 8.414713 1.5811896 82.87384121795354 
Car -1 -1 0 359.1166868062216 182.7434614858963 400.2991515791068 205.89012933737777 1.6078689 1.6554278 4.260289 -17.174297 2.3788157 54.10195 1.5911489 18.527775277054264 
Car -1 -1 0 210.62558928805868 187.1735908114116 277.4018358614357 221.95519572378228 1.4660423 1.5717704 3.7357488 -17.109303 2.178267 33.94857 1.4672039 11.363432115821816 
Car -1 -1 0 410.11933213439926 182.2089414691649 435.6804149945238 200.623379932549 1.5699327 1.6504184 3.846645 -16.916769 2.4453402 65.52859 1.479133 7.733200292147507 
Car -1 -1 0 655.4343482993496 181.25803361231914 703.0603517206565 217.67357594739883 1.415574 1.5802124 3.787892 2.9171753 1.7971098 30.844187 1.5459112 7.294511443307004 
Car -1 -1 0 600.1833033415134 180.43669695418055 619.3076136812379 196.71843290581376 1.3574064 1.6301944 3.593853 -0.0072228014 2.0453172 63.649315 1.5551844 2.737729619727882 

