Car -1 -1 0 956.2984620302681 179.93386665336476 1127.192979233869 335.0150011990606 1.5866818 1.6145016 3.8081093 5.5275784 1.7015103 9.636766 2.0183182 43.49013338139439 
Car -1 -1 0 523.6394652567952 177.2433368436445 707.6561061741961 254.27733350060217 1.5566278 1.6157546 3.797144 0.14980322 1.6634728 16.152308 0.3509495 102.41975115673002 
Car -1 -1 0 918.8257094826047 186.98771397519278 999.4213396290384 246.0158200453766 1.3971629 1.5770304 3.8693361 9.65205 1.8329897 20.163332 1.9024909 32.08911773716345 
Car -1 -1 0 933.0537372359389 183.86746594163816 1067.0618360059552 272.7243472806614 1.4844146 1.6034305 3.928615 7.7526035 1.7407985 14.6868 1.8535042 22.7437761635015 
Car -1 -1 0 706.921242252166 178.08322398505697 797.4562792013712 210.2353666852163 1.4900317 1.616025 4.1981826 6.9837418 1.7557956 35.28055 0.29876035 25.388449148742954 
Car -1 -1 0 614.0325678558064 180.31644209029236 763.4638721472776 238.01838622221686 1.5148315 1.6305294 4.036462 2.2838922 1.7512562 21.125326 0.53809667 19.362024804161827 
Car -1 -1 0 903.6953737829633 183.19064623491147 953.1486527355079 220.98096388112222 1.4883771 1.603406 4.0806265 13.97983 1.9753513 31.803955 1.8892144 8.017961727209906 
Car -1 -1 0 570.1775881617513 167.47360540220788 736.3311353890886 245.3009949902427 1.8283035 1.6809201 3.9135904 1.1192904 1.7019083 18.501362 0.410247 48.97359196606568 
Car -1 -1 0 627.0899523137388 181.4632371066975 760.7732316837885 232.45534316611045 1.5116955 1.6321208 4.062536 2.7422833 1.8161609 23.751867 0.55605835 0.38747116923332214 
Car -1 -1 0 739.1648877454171 174.07310949824742 816.2628571933241 207.78815248421307 1.8194772 1.7000725 4.0494432 9.451526 1.8904595 40.52873 0.3437966 4.543514966185834 
Car -1 -1 0 797.6308788225433 179.8207469689636 825.3001672982082 205.67775118805224 1.5122151 1.6070752 3.7855027 12.690869 1.9696734 45.33808 1.8478351 1.518041684454178 

