Car -1 -1 0 690.0647998974904 180.2946584560624 760.7213433221261 232.18168889809203 1.4675468 1.604621 3.9394698 3.5871952 1.7244953 22.945023 1.5681224 40.85948251273967 
Car -1 -1 0 675.1298860010364 176.6805527578622 712.4776669843278 209.6409718879069 1.5490664 1.617451 3.4742026 4.1684656 1.749892 36.095078 1.6172538 30.4538495739521 
Car -1 -1 0 721.2676954922622 179.3998391589077 914.1720614846158 304.8438985560207 1.4895653 1.6690614 3.6588955 2.823713 1.6027799 10.620628 1.5340776 66.8364086699136 
Car -1 -1 0 311.43852725085526 190.3767814212735 516.953209594027 300.8834304462773 1.4526557 1.6695441 4.3018017 -3.4929252 1.8049623 12.339617 0.8506234 126.23354893100506 
Car -1 -1 0 264.7662541593014 185.0069104523055 362.77602223466016 243.75184612987024 1.804965 1.6672351 4.1376457 -10.154077 2.262937 25.110392 1.5846215 71.94091896490097 
Car -1 -1 0 497.9720591798207 181.00973162227717 589.8458390577655 218.24770579571427 1.4320917 1.5941281 3.8805647 -2.809503 1.797058 30.426508 0.70256954 22.452145251519017 
Car -1 -1 0 398.25123166517756 189.62912889540814 530.2634328560122 252.29372082504742 1.4069793 1.5465357 3.5948577 -3.867517 1.8881755 18.923683 0.7285812 26.59482113393346 
Car -1 -1 0 465.2536494908641 185.3694472249559 572.4111914563953 231.44957712907393 1.3770666 1.5841522 3.9883518 -3.1658025 1.8390707 24.64071 0.8152252 11.007939257959793 
Car -1 -1 0 665.4297786338187 171.15058274630624 690.2855903878586 199.15441903188238 1.8510538 1.6380743 4.173134 4.6873465 1.7384577 49.839302 1.651267 2.2142228323697153 

