Car -1 -1 0 187.65750528485142 189.7146897595831 343.8733176090541 240.89260832176305 1.4474277 1.6634456 4.39089 -10.959223 2.0295246 23.216532 -0.4437712 71.91344109359055 
Car -1 -1 0 661.7060620609847 174.40848677716244 706.7130580838237 208.0112650268724 1.6293118 1.6564318 4.049274 3.7927315 1.7140359 37.251713 1.5055932 24.216787737974997 
Car -1 -1 0 413.49887878511873 182.3652023957671 525.2143341457469 227.366586596257 1.4943477 1.6081196 3.7500834 -5.0849276 1.8590717 26.137825 0.4434855 82.60054207706871 
Car -1 -1 0 61.06127426423737 185.1628854821215 211.6814783901578 239.68828564144425 1.5816025 1.6356325 3.9554405 -15.476262 2.0186617 23.706707 -0.71420264 47.39263240546211 
Car -1 -1 0 405.0094087093108 184.67000367681163 464.3019607162196 215.81724638285942 1.382246 1.5922929 4.068158 -8.578854 2.0016565 35.7202 1.6714314 29.418068019155676 
Car -1 -1 0 208.67677065484622 182.6598608201919 251.2002407509841 214.76409964264965 1.4158962 1.5863675 3.8967655 -18.462442 1.9229674 35.208954 1.151529 5.253400420752247 
Car -1 -1 0 1112.063192701435 162.5030264635904 1242.0 222.72802554255935 1.5197706 1.588342 3.7429514 15.849325 1.258565 19.214905 0.11687663 15.668541136976629 
Car -1 -1 0 0.0 191.251906926263 150.61225085411928 254.33737303225908 1.4700896 1.5893044 3.7793713 -15.106171 2.0287879 19.938137 2.2434816 10.509442139255768 
Car -1 -1 0 651.5204529969465 176.67558222229457 681.9973552660284 203.04222860594606 1.4880126 1.6126816 3.857735 3.3861437 1.7273122 43.23313 1.5954119 0.3436615467071533 
Car -1 -1 0 797.0389840295844 141.5143633583858 823.0187227347226 159.14110895066736 1.5184436 1.613815 3.9028974 18.659115 -1.3169917 67.28873 1.648248 0.5319882415904793 

