Car -1 -1 0 674.2734824243411 187.44829021286895 758.3091098304601 251.53673028250515 1.4652498 1.6038822 4.0932946 2.7650952 1.9011853 19.49341 1.5549111 56.88197866596465 
Car -1 -1 0 715.7038817299623 180.0501784651423 874.3989938446541 310.496382152464 1.7205112 1.6903719 4.1727424 2.818306 1.8600168 11.869109 1.6110315 122.01265525482489 
Car -1 -1 0 0.0 163.81410633807997 164.20279833433312 235.66829560875792 1.6530428 1.748928 4.4349504 -13.743079 1.4450753 18.885305 1.4824874 57.76076937785114 
Car -1 -1 0 579.36350050288 174.90607760738467 638.5136716860839 230.8560886376168 1.6473424 1.7544372 4.121432 -0.030436516 1.7199438 23.461746 1.5648572 37.478531042443244 
Car -1 -1 0 654.1453392484717 184.4121346385677 720.335411457923 233.60942601308815 1.4819736 1.6240103 4.166965 2.5825427 1.9141501 24.856031 1.5180644 41.88071080521863 
Car -1 -1 0 157.15959366750158 172.7244133187056 256.9333192590467 218.08026157556526 1.4630399 1.5586913 3.4957752 -13.844628 1.4588597 25.035946 1.553156 35.353925832958346 
Car -1 -1 0 269.586882438213 173.60448101315887 342.4575002452877 207.59526636898772 1.4946935 1.6664984 4.1156716 -14.150465 1.5320823 33.88335 1.5778837 26.840673007497905 
Car -1 -1 0 645.9676377742943 181.6952741621364 687.9771479901088 216.10569689152302 1.4875631 1.5728761 3.6650076 2.6531377 1.9269841 34.003876 1.5379404 13.207175047413571 
Car -1 -1 0 406.34751205567835 176.9008982971405 442.79625674585054 197.38928164563418 1.4897318 1.5829785 3.871115 -14.111929 1.8106078 55.228497 1.634214 2.6144200311629526 

