Car -1 -1 0 701.9998765798258 181.33836362265455 881.1206090190685 293.6899894541958 1.4843061 1.6144313 4.2642145 2.7846642 1.651794 12.053467 1.4900821 125.39434604702733 
Car -1 -1 0 685.1109009730658 177.07057808735507 772.9305757671239 245.84653589432884 1.591541 1.6532712 4.088476 3.0204883 1.7145222 18.996338 1.5755345 48.39980191772339 
Car -1 -1 0 200.18933327264065 178.53221406660725 471.34843239681715 271.60811484842384 1.53357 1.6614306 4.236992 -4.732121 1.6426437 12.930978 -0.04691526 143.44531039871958 
Car -1 -1 0 662.6466376803513 181.74176408351963 721.6472736287539 229.5213436349316 1.4306569 1.5689694 3.6705809 2.686512 1.750511 24.12792 1.5754163 47.3904818793422 
Car -1 -1 0 393.96081203391475 179.5719831112283 529.8346935991551 230.0445526665529 1.5291855 1.6421798 4.09823 -4.636808 1.753577 23.112165 -0.08311468 29.669199211098167 
Car -1 -1 0 643.6831472389306 180.95496144601944 681.7069009874972 214.7208908346902 1.4782768 1.5569218 3.6357508 2.476822 1.8836604 34.28498 1.575876 5.044184546793383 
Car -1 -1 0 326.05347342699315 168.09479104570318 511.524665790215 244.96874079430106 1.8784425 1.7404865 4.352651 -4.7931185 1.7621495 18.599457 -0.045543414 78.2170126694119 
Car -1 -1 0 449.92026907534 174.04769937118175 548.3953942428997 218.58165893777607 1.8279223 1.6887026 3.846107 -4.650259 1.8803759 30.688198 0.09213726 18.119526874121554 
Car -1 -1 0 655.8622887681191 180.82906710897146 710.3671978437902 220.50597412138214 1.476404 1.576348 3.6684706 2.9408436 1.823396 29.501688 1.4895538 0.8660233269796324 
Car -1 -1 0 545.1572696776956 173.7860015347913 569.9275913036523 197.3481176881154 1.8308585 1.7133253 4.3209877 -4.173129 1.9090909 58.401756 1.5660594 0.516683597248073 

