Car -1 -1 0 118.24274202933873 181.67480777683582 385.805581440793 264.18990785865464 1.4486964 1.6678121 4.327046 -6.7108927 1.6291008 13.813306 0.05127378 127.59821701611067 
Car -1 -1 0 935.312329957172 168.38890490875553 1157.2129262954832 237.00215080810838 1.4932792 1.6324196 4.0930505 9.956212 1.3961021 16.70435 0.09211942 114.15922033207916 
Car -1 -1 0 567.6298522905191 163.74894796712945 875.1441438662695 293.1494065771831 1.5293393 1.6097072 3.7466612 1.4006495 1.4217298 9.658705 -0.1822784 125.30893930119484 
Car -1 -1 0 589.847876522959 169.9609092722629 688.7164985530376 213.019971199798 1.4794418 1.6113782 3.9196017 1.1717273 1.3800396 26.809849 2.269295 59.4957803403367 
Car -1 -1 0 709.5503322382382 168.61369729769163 897.7133529894401 238.92904012472152 1.5712227 1.6723399 4.166504 4.5230904 1.4764714 17.292969 0.16653693 55.71696041078277 
Car -1 -1 0 1107.4134422420532 160.4369551619401 1167.8286043743815 205.85833655379236 1.4708657 1.5269257 3.2479699 18.326342 1.0687685 25.14258 2.1489482 18.05887662721295 
Car -1 -1 0 935.5529469822525 163.43674274516948 1025.2865678481578 206.2942244266476 1.424695 1.5940106 3.8868785 13.346688 1.1116406 25.880756 -0.7355107 27.000782684846346 
Car -1 -1 0 663.5821628513161 168.57301865138072 759.7502809971685 213.10811385332772 1.5028841 1.6339961 3.963929 3.8011394 1.3584177 26.392723 2.2685633 10.655949074387395 
Car -1 -1 0 836.2569540882815 161.54298860826296 925.6650525579481 210.12624671677722 1.5642958 1.7197814 4.034804 9.59193 1.2001009 25.334911 2.2617679 15.80670538960605 
Car -1 -1 0 253.22066349732918 175.37310306181544 374.3099842666182 220.00009846636075 1.4839315 1.5743004 3.6013484 -10.261514 1.5752981 25.139328 0.13986963 2.518232151261378 

