Car -1 -1 0 454.3113935988977 192.56762034088993 550.5641285721558 271.75667161322133 1.4758288 1.5858296 3.7505603 -2.29011 1.971623 16.265198 1.5785298 104.06582150547855 
Car -1 -1 0 691.6462044059666 186.28994355865956 759.1948561259463 238.86307559362763 1.4423649 1.5748783 3.5293298 3.526029 1.8939161 22.475708 1.5821931 79.18375942327941 
Car -1 -1 0 737.4590574930774 189.17030837466802 898.5095952203401 313.1504695538765 1.4892838 1.6174722 3.545517 2.964421 1.7783787 10.965218 1.6322844 86.32746724796495 
Car -1 -1 0 1015.6959668133796 203.14086920456813 1193.8477305860945 274.13373785211 1.5529002 1.5680575 3.5818706 12.190466 2.3482814 17.839184 -0.19086272 51.629583944395776 
Car -1 -1 0 502.2072184660425 190.09033752328108 565.6467118169109 245.5738265090056 1.427201 1.5544016 3.617147 -2.174531 1.9844106 21.507618 1.5585203 25.51121838503399 
Car -1 -1 0 1091.7013737764476 210.41799098350904 1242.0 294.3654191191724 1.5412205 1.5943564 3.8245468 12.481017 2.3789015 15.108171 -0.09895404 40.04402128241021 
Car -1 -1 0 665.450676597083 182.53478144419128 697.3310506570955 211.32649449152896 1.4987044 1.5790446 3.5327704 3.9985645 2.0670528 40.56378 1.6113601 8.288627316982787 
Car -1 -1 0 526.4132192925697 188.5488799617402 579.6260827190074 232.95806370802526 1.4322977 1.552998 3.5608382 -2.0002446 2.0447605 26.351799 1.6034784 20.23414589836119 
Car -1 -1 0 675.8566601328081 183.59431856228056 727.6620259628503 224.51030710324397 1.4688404 1.5628798 3.6479928 3.6014647 1.9232254 28.694717 1.5617213 4.113110474335157 

