Car -1 -1 0 793.9407173665992 193.6951411744438 1229.693145657045 375.0 1.4284819 1.5863035 3.8204188 2.8988807 1.6638858 6.2276673 1.5553744 127.06334620938432 
Car -1 -1 0 670.478909345762 177.23262770061913 742.4290191368175 239.51862311198087 1.550096 1.6688352 3.7673457 2.6097658 1.6840088 20.146854 1.6169386 97.74809084215042 
Car -1 -1 0 733.66536967122 184.96099501571288 908.1488820653683 304.0020071179985 1.4487996 1.5243925 3.3157039 2.9711092 1.6585823 10.813704 1.528393 85.66534592827539 
Car -1 -1 0 180.5595762488513 180.07780749883227 279.620898438384 224.19865042708244 1.4878356 1.6385312 4.035738 -14.07457 1.77875 27.026985 1.555061 28.215847167398135 
Car -1 -1 0 575.6729381345328 171.62440381813028 641.0653087811013 233.4045133214307 1.6718538 1.7711352 4.2485695 -0.06684747 1.6385791 21.664492 1.554187 35.159506911736884 
Car -1 -1 0 265.47377135093336 175.46659324881676 337.44059229728595 215.329246235153 1.6834942 1.6211839 3.6511278 -13.812258 1.8080566 32.557606 1.5937529 62.81930258500009 
Car -1 -1 0 351.7919803752851 176.2598064398617 405.1531715239516 204.70562479842204 1.5831087 1.6887486 4.3459077 -13.6515465 1.7958299 42.873623 1.5947089 17.32132984445388 
Car -1 -1 0 648.6379215478571 176.29082862946512 687.4845272563401 212.79241566539318 1.6857295 1.7020049 4.118923 2.846291 1.8661494 35.79613 1.5979292 11.488136227744596 
Car -1 -1 0 387.2130542162794 177.64135265542333 430.80544718612305 201.03249326476137 1.5024219 1.6046896 3.9221575 -13.615836 1.8422142 49.192192 1.6532522 1.9262195105628352 

