Car -1 -1 0 277.9584881736654 180.21599081442528 492.88677725612087 258.49352068588865 1.4070287 1.5974905 4.0120277 -4.6261415 1.5808308 15.176527 -0.6569453 124.13506118444668 
Car -1 -1 0 354.29102311537486 176.43242779519807 515.6977808552147 235.19387986012964 1.5286834 1.6455874 4.219162 -4.984036 1.6405241 20.76946 -0.5337387 35.982720449579986 
Car -1 -1 0 620.3422125290117 174.37182841403742 655.2937898667436 200.92926240837326 1.5582416 1.6226029 4.005634 1.70224 1.6565216 44.646385 1.4711847 9.452210521671505 
Car -1 -1 0 295.95737193703314 177.14634399591753 484.62079560341454 246.17576861537785 1.4728377 1.6210215 4.063408 -5.237669 1.5875099 17.449242 -0.60899967 8.816376828854514 
Car -1 -1 0 648.5835679278181 176.72172715868402 696.5407740168922 209.25893431596842 1.466206 1.6108617 3.6447814 2.9875896 1.6633172 34.869198 1.4560627 9.112963587537076 
Car -1 -1 0 688.9688684648216 181.55090519631204 789.5553493929117 259.99568999677695 1.4255401 1.6063215 4.0510054 2.6653638 1.6386628 15.624962 1.611834 5.59167993061078 
Car -1 -1 0 405.9653526262278 177.31670242012288 525.7366846858745 220.21818888711502 1.4548126 1.5947218 4.017788 -5.250413 1.6287266 26.46524 -0.4932474 6.646305833470783 
Car -1 -1 0 664.1138397293277 162.5641939801282 738.3447339935008 230.76232192201772 1.946202 1.7883402 4.69058 2.7937155 1.6525569 22.940945 1.5761956 22.449123329727236 
Car -1 -1 0 611.0320373424955 174.4572511808916 638.5932718379054 197.7737692646226 1.5286417 1.6251853 3.7878313 1.0111289 1.6429284 49.502254 1.5207531 2.5184832378939523 
Car -1 -1 0 458.8143854194408 170.74612379734074 532.8898755197378 201.5769296530626 1.6382234 1.6170807 3.727917 -6.292794 1.5262192 40.053143 -0.5942772 0.27853238582611084 

