Car -1 -1 0 687.0786740507351 178.68078423566192 767.8620846682232 234.66003153372102 1.638073 1.6758958 3.928792 3.7462606 1.8448136 23.568867 1.4802923 59.843592775834665 
Car -1 -1 0 445.775537633612 178.46335485783445 490.9194532951318 206.74013528797565 1.4868481 1.6534599 3.7958722 -7.894976 1.8177884 40.63772 1.6135453 25.905296490999834 
Car -1 -1 0 268.49007618214995 179.51767984330232 383.1261308891152 233.893947421557 1.4751108 1.6956636 4.2572527 -8.592907 1.7008111 22.27176 1.6188608 80.53466291354829 
Car -1 -1 0 94.77378377982704 183.3551900236354 324.46510602497466 278.0861013175788 1.5250572 1.5952504 3.651533 -7.28598 1.7362516 13.2080145 0.30107817 122.42421165077705 
Car -1 -1 0 341.92258368799276 178.77225547808865 419.8459924976312 223.44794105937 1.5046704 1.6392562 4.0728917 -8.410279 1.7419412 26.884933 1.5633352 27.248004780736 
Car -1 -1 0 669.1411016387933 182.47821602299388 720.9651489325302 220.9028618567966 1.4172679 1.5980568 4.104753 3.4468188 1.8410473 29.708876 1.5581361 21.497734155808786 
Car -1 -1 0 249.4744126655206 163.09937998408535 311.99419328063857 200.3206137812317 1.5439929 1.5707386 3.2080522 -14.333378 1.1393564 31.611397 1.4601727 23.234398025326637 
Car -1 -1 0 479.5644466985593 178.8741778651443 514.642229426951 203.608931818244 1.4842972 1.6237465 3.953998 -7.1588316 1.8866153 46.240406 1.5729569 3.0640306142136073 
Car -1 -1 0 661.3122604355135 180.42115205889922 703.7339096372957 213.576792554422 1.5089858 1.5834084 3.4315186 3.5292945 1.8984866 35.38867 1.5242243 3.817260165614944 
Car -1 -1 0 328.836059271425 153.18345728543682 382.5034567680706 186.16178456497633 2.01324 1.8450062 4.4715877 -16.205154 0.812405 46.28967 1.5772381 0.2512223422527313 

