Car -1 -1 0 747.6480675585174 178.7167640270627 944.3114439518741 313.10295707775816 1.5679492 1.6382523 4.048024 3.206931 1.670932 10.635336 1.5894061 131.39773002599094 
Car -1 -1 0 694.8000955686126 183.8570077721639 796.8547319592584 260.294023413679 1.4170513 1.5562351 3.6878662 2.8452778 1.6855558 15.75822 1.5778124 94.30650118554702 
Car -1 -1 0 680.2415151982123 181.29489671487707 760.6646867546795 239.03558043368093 1.512228 1.562731 3.5097 3.1707735 1.7819393 21.241325 1.4872732 51.15245203086207 
Car -1 -1 0 275.95661422687675 181.1827381013158 502.10688566331635 260.44158493182914 1.5150349 1.6450844 4.179392 -4.407546 1.6972375 14.883154 -0.03806987 56.2816084863004 
Car -1 -1 0 662.6651961196357 182.90851856870907 717.8065811504382 226.62498585094443 1.416103 1.5629632 3.54605 2.8362079 1.8027754 25.969769 1.5633025 26.962228578898852 
Car -1 -1 0 88.4257829850308 161.2120692968432 453.0738694576206 296.6846988902265 1.7710333 1.7442195 4.422918 -4.6369042 1.6188383 10.390106 -0.038896173 172.76136071196186 
Car -1 -1 0 405.07729154590135 171.49549232811304 536.2181854835815 233.323404505528 1.8365612 1.6573988 3.6833012 -4.266285 1.7962074 22.455225 0.10799716 42.98320741923 
Car -1 -1 0 371.4831000310245 179.97633621714698 511.8104038749302 238.46196113196908 1.5257907 1.570975 3.471488 -4.616894 1.7338146 20.071075 0.12950772 6.629609326744561 
Car -1 -1 0 654.2996266698839 174.33680164271493 693.407552735819 210.9962160471985 1.7388885 1.5703335 3.3996763 3.169796 1.8165753 36.083527 1.5453022 0.7006231117492293 
Car -1 -1 0 516.3865975354062 173.58462510700724 574.3389705593454 199.9712744179603 1.7597119 1.6617998 3.7861018 -4.326168 1.8101703 48.998104 0.0011098633 1.1674802975064342 

