Car -1 -1 0 708.2506952586697 187.31159694896817 904.1555154380993 310.5649517036942 1.5191517 1.6297963 4.247884 2.8860064 1.7955906 11.602151 1.4717085 125.9473978482423 
Car -1 -1 0 806.1606999457945 198.9929965809508 1231.2000492992604 375.0 1.4949176 1.5989258 3.635855 3.1624286 1.797713 6.493631 1.5077311 92.12568121458108 
Car -1 -1 0 0.0 181.0527807400753 333.2955522523394 313.5799304499062 1.4782437 1.6049546 4.0296063 -5.823113 1.5941637 9.18764 -0.1074672 80.29979937229308 
Car -1 -1 0 70.84875038197437 168.66302571483584 357.73725473562905 276.3903503185411 1.6387074 1.636933 3.839889 -6.359764 1.5749558 11.970357 -0.093746684 46.377751188971715 
Car -1 -1 0 509.02905941434506 170.92845662731284 546.3916187803317 195.13216292443167 1.5366507 1.6678774 3.630803 -5.459164 1.414401 47.79969 1.2254039 30.49533708319546 
Car -1 -1 0 270.9640730809033 174.2874662009508 431.2089190950689 231.97442605944985 1.4819446 1.5843858 3.8021164 -6.890409 1.5226172 19.527779 -0.08182978 19.8201555117881 
Car -1 -1 0 182.59574667205405 172.1455450463021 390.3253860928919 254.53377351806424 1.5671551 1.5899495 3.5467641 -6.4439707 1.5536791 14.7059555 -0.107800014 25.096166663037135 
Car -1 -1 0 601.6533382859636 172.64947883035845 635.6643730215134 198.63311701146827 1.5394839 1.6226063 3.9361875 0.52108634 1.5273662 44.79818 1.4554911 4.996929026563285 
Car -1 -1 0 612.8961290595391 164.5423798638692 657.3922817393235 204.37927164449854 1.9650805 1.7467113 4.442212 1.278118 1.5550834 37.89004 1.4696898 33.82178597608469 
Car -1 -1 0 560.6640642926524 172.36635408414799 599.1438626969222 193.45864782488303 1.5263555 1.581202 3.623547 -2.261609 1.4910665 54.18988 1.1223187 4.099292384148722 
Car -1 -1 0 303.6633593739303 173.60357445597788 439.7645312079344 224.67995932787923 1.4927644 1.590244 3.748457 -7.208274 1.5168827 22.167423 -0.14000794 6.89513854284471 
Car -1 -1 0 337.2633646594287 169.32332931060816 455.52830044524495 216.82515829879665 1.574645 1.6118919 3.6863954 -7.2789664 1.4576062 24.915092 -0.10617049 5.165737745154839 
Car -1 -1 0 365.78314653761197 167.83727824737338 471.9937110829039 212.151491076297 1.6656997 1.6398641 3.7129622 -7.3350563 1.4771291 28.002842 -0.033364013 5.52067335011861 
Car -1 -1 0 476.43682019113584 169.5410151318295 517.0003718518337 195.56411413799373 1.5066588 1.6094667 3.9547355 -6.7958503 1.3148468 43.80005 1.6353999 1.0176691608288533 

