Car -1 -1 0 383.586769694709 188.84145872067933 499.6712985624658 269.7545881554779 1.4653907 1.641943 3.9008956 -3.5182867 1.8585597 15.791724 1.5681884 103.58022018770262 
Car -1 -1 0 744.5130774458554 184.91410995542296 930.327506203751 316.2746858318687 1.4634835 1.6077853 3.8664489 3.0208929 1.6696872 10.368456 1.6171478 100.45575807194511 
Car -1 -1 0 668.6845820584277 180.825150206771 710.4559280148247 218.18382853587093 1.5013385 1.6330742 3.904883 3.4735587 1.8752158 31.84582 1.6296117 18.54939385411588 
Car -1 -1 0 446.0039189355689 186.7874833628611 528.0433322381612 244.7328046178451 1.4491372 1.6398731 4.1601257 -3.4730613 1.8978226 21.14288 1.5857012 38.746981280733 
Car -1 -1 0 838.1063320553899 176.82869886415062 997.7735495180182 237.28884836237995 1.5502462 1.5885421 3.656734 8.249327 1.6629343 19.539015 0.068509944 54.065900027764265 
Car -1 -1 0 537.1312824772158 184.7751520965438 575.2184447826688 213.45535292331368 1.3893955 1.5810584 4.349489 -2.8280134 2.0699375 38.987907 1.60777 14.750833163758948 
Car -1 -1 0 486.78673876769454 185.54528659400015 547.6702744870612 229.02418319167705 1.4179599 1.5961456 3.8690686 -3.3297951 1.9212669 26.64714 1.6142555 10.098156460278346 
Car -1 -1 0 586.3188567107644 179.73013651389323 608.4152201072549 197.7314609374878 1.4939623 1.5753542 3.7935166 -1.0421431 2.116103 63.32913 1.6519413 1.0730174296374262 
Car -1 -1 0 653.9541218896921 179.70909244619475 688.0644763748769 208.5125377180038 1.4950018 1.5921135 3.7366166 3.380375 1.8948033 40.211044 1.5734009 0.2747628390789032 

