Car -1 -1 0 784.4440725081478 184.33622962629428 1184.5498351124832 375.0 1.5041302 1.570613 3.3848433 2.7148142 1.6287036 6.1168394 1.5461079 104.4990826289868 
Car -1 -1 0 708.6590706002404 180.99322034873015 870.1280189562772 300.57806583968653 1.5002004 1.5667635 3.5621958 2.5635695 1.645376 11.082396 1.5627401 125.79152394462456 
Car -1 -1 0 667.7821420006218 168.99757006234242 764.986365066804 250.22013812019392 1.702507 1.6855052 4.3954115 2.41654 1.6216723 17.322395 1.5714264 83.48638629293998 
Car -1 -1 0 0.0 174.8411217937398 308.95304082568805 345.6348633467466 1.4760838 1.5843879 3.7494893 -5.367644 1.5020224 7.8455014 -0.48357248 94.04146258982364 
Car -1 -1 0 220.636884667486 159.59204439014798 442.42592039701935 260.84858331830424 1.6772163 1.6215434 3.639821 -5.2038465 1.4575448 13.646957 -0.5986874 99.03138986108314 
Car -1 -1 0 653.8257583581359 178.48788948493439 707.3525452635325 221.34101219309878 1.4566923 1.5824647 3.5623617 2.5719037 1.6798959 26.792267 1.5547493 14.127705354314788 
Car -1 -1 0 483.2877909695115 176.1613826682057 556.9925215147658 204.0989947382149 1.5114307 1.605562 3.8993897 -5.0881333 1.7088943 41.27099 -0.63944095 31.314371194210196 
Car -1 -1 0 398.82643183961875 165.1115905411131 520.5045626298261 216.9811551785127 1.7999833 1.6799942 4.1054277 -5.545412 1.5313052 26.862036 -0.57650197 45.66046229014677 
Car -1 -1 0 438.366620895983 176.95126384474648 533.0170384917142 210.71162380310264 1.4305915 1.589511 3.9197922 -5.5912447 1.6261373 32.714527 -0.56579334 1.0190938094094637 

