Car -1 -1 0 80.70089048387266 195.51872501869175 265.2482302078094 279.12543659330686 1.529083 1.6713176 4.140603 -9.656577 2.1092787 16.395897 1.5762086 103.55947781269121 
Car -1 -1 0 583.9541805835063 181.77167146660975 679.2438488554857 268.83910609517716 1.487406 1.6357176 3.3316631 0.5440237 1.6873702 14.43179 1.683938 76.477492021989 
Car -1 -1 0 390.2508152728067 177.29931158662657 504.9130158417259 272.0872162343081 1.6393299 1.7245992 4.2622423 -3.1655908 1.7444996 14.877521 1.4910581 112.58141293971555 
Car -1 -1 0 358.324293705244 187.22628554414547 430.44106298122597 227.6147674693341 1.5063244 1.6513144 3.6434984 -8.902676 2.1443973 30.144203 1.6617882 30.59016312441362 
Car -1 -1 0 627.2942601541614 175.95097653259342 671.1398259666297 213.89829322317098 1.4925709 1.6476967 3.4733226 1.7257252 1.6312742 30.496151 1.684919 26.744515055706344 
Car -1 -1 0 548.2505482193397 183.31767524668138 584.7787775977359 203.2722826286311 1.4650594 1.6337085 3.8568 -3.3745978 2.3254423 57.244843 1.8729496 6.692263846756783 
Car -1 -1 0 5.41615753890111 211.97505487742245 101.96938411006221 246.09897163209453 1.4936881 1.5822755 3.743417 -29.28659 3.6672192 38.106926 2.195148 11.116195505007903 
Car -1 -1 0 717.3217617854004 175.5908569454108 742.8827807001104 197.18777266971534 1.4623317 1.6265308 3.779374 8.540386 1.6645172 51.32975 1.6916989 1.1306071013753058 
Car -1 -1 0 0.0 204.66865835883434 90.15511686783007 238.63190518988782 1.714014 1.7037605 4.3379755 -33.73508 3.704104 42.882755 2.2061117 0.35776960849761963 

