Car -1 -1 0 687.3400840512601 178.02944657291422 793.8484982382635 251.4230655837731 1.401221 1.5968823 3.8797832 2.764298 1.5300262 16.004213 1.5537204 93.73448435716001 
Car -1 -1 0 648.9208408633331 170.069596852781 691.4604325569513 210.88221833278726 1.5822328 1.6468549 3.7631907 2.4786198 1.4742863 29.904902 1.6373134 28.762407399881152 
Car -1 -1 0 741.5480087778438 186.82015000379508 983.5793141650219 340.3425451422143 1.3614624 1.5862324 3.8751748 2.7233558 1.5674257 8.696599 1.5791643 59.733264147391154 
Car -1 -1 0 575.4398165553293 165.62469970714832 640.1538196124353 225.85530694484706 1.6707504 1.797434 4.248137 -0.098442994 1.4702151 22.159716 1.5470389 42.15879727494665 
Car -1 -1 0 165.10001037298227 184.2696407032924 258.42762608233966 226.59553529894063 1.3657032 1.6502874 3.6904738 -14.338823 1.8110845 26.23328 1.4721563 28.890287114441783 
Car -1 -1 0 343.96946438922583 173.95120820305124 393.02587674790306 202.099082000934 1.5725487 1.613172 3.6162686 -14.062618 1.6396034 42.274292 1.5881011 36.72840548347002 
Car -1 -1 0 678.724894636552 173.7841464885768 751.6091711626887 231.56199707144992 1.5100701 1.6166443 3.4187446 2.932887 1.5388799 20.630913 1.5811468 27.295994236048543 
Car -1 -1 0 294.2260350148464 176.74530671863295 356.01413292608134 207.49796035419817 1.4600735 1.6102946 3.7208068 -14.351946 1.667611 36.606995 1.5896779 11.91168747970628 
Car -1 -1 0 396.4704368692755 172.7562493540136 428.88225455693424 194.955097050075 1.5384693 1.6055174 3.860536 -14.144442 1.5316945 52.000866 1.4795203 5.735625228524845 
Car -1 -1 0 634.1456888145351 171.71529321383326 661.7097571312354 196.51123903121504 1.4920377 1.60292 3.784336 2.4473462 1.4235184 45.371597 1.657975 3.501930876990603 
Car -1 -1 0 683.9760322340326 159.7134540654591 718.2973593590197 183.55277084922935 1.663595 1.6336342 3.801402 6.5987 0.7465992 52.328846 1.4634122 8.050339943747218 

