Car -1 -1 0 333.239955711422 145.02693029030263 410.02250348725613 184.904264955955 1.5285132 1.5705026 3.35619 -9.629494 0.46189103 29.446629 1.747117 64.76140554828777 
Car -1 -1 0 799.9432506856081 168.78641619876157 917.4827435478708 260.5306414791302 1.6235454 1.6764672 3.9516265 4.9605746 1.5515636 14.858564 1.7423787 122.97687388442435 
Car -1 -1 0 693.1797461240856 151.07872081038738 757.2969472125126 210.697537439745 1.6556175 1.7716893 4.0273514 3.577712 1.0509168 22.173494 1.7442746 45.22323824358997 
Car -1 -1 0 775.473998519701 162.60154446169037 837.9984962117834 206.67357010151827 1.3710688 1.6199733 3.8693643 6.602253 1.0521176 24.48268 1.7244073 37.722881946879866 
Car -1 -1 0 0.0 142.8372473486115 147.03273328885476 199.37586406267425 1.521192 1.6410097 4.127021 -15.64447 0.71358025 20.516563 0.1415063 72.48677897540144 
Car -1 -1 0 883.1799029864696 190.41232935953371 1242.0 375.0 1.414467 1.6183472 4.1154003 4.8846035 1.6359822 7.3952274 -0.5078194 31.465528096635037 
Car -1 -1 0 388.32303272523194 145.59301430665033 457.6479538522981 179.47341517844558 1.486439 1.6500566 4.0947027 -8.650824 0.29041424 33.807144 1.7275188 36.26705902423422 
Car -1 -1 0 449.86225884457934 146.97458630280505 502.74540463187145 174.37102015018212 1.4601973 1.5988932 3.8066878 -7.4141874 0.08085516 40.483143 1.7753161 7.955753830357738 
Car -1 -1 0 76.31826025487526 138.57904599458195 223.80913756899952 191.49045447349778 1.6171045 1.6631775 4.072089 -14.828122 0.5695764 23.337513 0.2365184 49.041408997484226 
Car -1 -1 0 791.5640531407691 166.07664765704547 872.0693101164075 223.6267402247015 1.4174778 1.5825977 3.6485088 5.959321 1.2505493 19.694635 1.7225718 6.378387441807255 
Car -1 -1 0 167.79780320075838 138.383475670975 290.5272564104377 184.02714382219852 1.5708711 1.6461418 3.8603666 -13.7613535 0.38453445 26.146301 0.273533 5.134391574142664 
Car -1 -1 0 756.5548500020249 146.61045218685368 786.6459608912196 171.10364840776583 1.6242051 1.6550977 3.8919039 11.224215 -0.12662649 50.16781 1.6900922 2.5031999146454154 

