Car -1 -1 0 0.0 198.17726222235248 306.83174414831865 374.1114768593802 1.4668566 1.6462177 4.312561 -5.4910583 1.8532525 8.826898 1.6043954 136.95589050713838 
Car -1 -1 0 801.1016010711335 185.57881097836162 1166.396875771624 299.9630988555401 1.43553 1.6496336 4.324938 5.090727 1.6310958 10.174084 -0.042114954 164.05516799582193 
Car -1 -1 0 759.0323288258585 183.0677845175611 1029.773338032959 274.4931037538499 1.4810572 1.6210364 4.1611805 4.909997 1.6746547 12.782411 -0.040457714 37.660241474930494 
Car -1 -1 0 702.9040617302966 174.81163530090635 892.00350766207 250.45033078316405 1.7741544 1.7178267 4.2492814 4.624077 1.8261293 18.068602 -0.110585876 55.71063546308197 
Car -1 -1 0 685.6514372071541 181.2495267342248 793.8086667835215 225.53459662825722 1.5336089 1.5737107 3.6107626 4.660475 1.8474796 26.139484 -0.02713636 30.185526172359687 
Car -1 -1 0 728.9834367266741 183.03716608871662 938.538087414223 259.1091907050401 1.4839483 1.6017272 3.9207602 4.6494637 1.7127438 15.26944 -0.07319351 29.371342648836585 
Car -1 -1 0 623.8698090647973 177.7676139018136 667.9264352197731 193.7169762447507 1.5096271 1.654687 4.0338907 3.571769 2.005874 71.121796 0.54217136 7.665647551574831 
Car -1 -1 0 677.5166053041258 180.4336493558351 780.666649111076 219.7509918490858 1.5031003 1.6003817 3.8043528 4.7368593 1.8162838 28.878914 -0.071654215 4.573657235328822 
Car -1 -1 0 659.9802057283707 179.32719851747925 750.1484097211728 213.3729897802964 1.5331639 1.6401348 3.9486337 4.4255104 1.8444402 33.770622 -0.054263227 0.5883617790288074 
Car -1 -1 0 510.015242290705 186.0938648198731 539.5653444463118 210.458057721182 1.4606693 1.5631127 3.6636355 -5.496776 2.3589709 47.10923 1.5524426 0.2510741949081421 

