Car -1 -1 0 710.1223944969862 179.40737607217963 819.192075522736 254.2193802912405 1.3919657 1.5760758 3.941786 3.2362986 1.5530157 15.751913 1.5824846 87.29302491552684 
Car -1 -1 0 687.5833180210385 174.98684538847655 760.9949137575536 230.83286020725228 1.5138958 1.6218073 4.1072817 3.3586044 1.5843923 21.783207 1.5859524 56.811689896430565 
Car -1 -1 0 70.42451271238069 193.22187559010715 363.9157536340014 287.35467462213927 1.5426929 1.7272426 4.505506 -7.060383 1.9450121 13.254483 0.060290743 146.09591971273042 
Car -1 -1 0 813.9417647109668 141.74344665947186 1207.3520508840245 375.0 1.7198243 1.6627094 3.9023054 3.2633834 1.5101563 6.840719 1.6043601 152.70621441267238 
Car -1 -1 0 329.5474469077093 189.0751803322032 458.7993942632744 235.64464189384438 1.4046459 1.5616996 3.6880078 -6.903101 1.9494544 23.317627 0.07460393 26.877979280663492 
Car -1 -1 0 364.24085763020804 186.26111255454055 484.3868259900662 228.75801344688463 1.4334173 1.5810223 3.8647993 -6.571435 1.9299014 25.81413 0.06024455 26.981632869947635 
Car -1 -1 0 610.2215125600378 173.62015532667243 643.9559433659678 206.13774175775822 1.6088021 1.6734056 3.8800213 0.89301556 1.650946 37.739853 1.582915 17.735755056697524 
Car -1 -1 0 404.27159176400676 182.4873955782663 503.99534491434486 220.50781173948496 1.4930148 1.5961518 3.7180796 -6.3663893 1.9030118 29.761295 0.081817076 19.48532450909835 
Car -1 -1 0 192.88188934643085 192.8695249524686 394.65816284583167 263.8134243583174 1.4402729 1.5810834 3.8142114 -6.936782 1.911021 16.064587 0.06101911 9.594384197970129 
Car -1 -1 0 269.4196020460775 190.3041110117648 421.14165623304973 250.87843072253887 1.4445102 1.5474865 3.3415446 -6.765237 1.9177091 18.65015 0.08698533 23.266433533889817 
Car -1 -1 0 471.17187797649456 177.00313329685582 543.4008788747707 202.76098293522745 1.5478767 1.6630841 4.17587 -6.288786 1.8099185 44.61777 0.05818815 3.2272608107774436 

