Car -1 -1 0 571.6247078248397 188.51838980726816 674.9838571366071 283.8075684557086 1.418026 1.6284993 3.4330845 0.3106222 1.7401135 13.076078 1.62762 50.26931457792622 
Car -1 -1 0 1105.4776699245788 152.5887842591376 1242.0 198.60190392725198 1.4838933 1.6366202 4.330104 20.246323 0.8303531 25.577465 1.282615 63.56703147132789 
Car -1 -1 0 449.0784419175262 179.49484998659858 542.1934006449536 257.66506403110685 1.6473484 1.7024916 4.354938 -2.6648378 1.8311689 17.7756 1.5474261 97.63026888188186 
Car -1 -1 0 399.0442237611328 188.54686694656124 466.96480420474626 223.75413518283545 1.5151738 1.7111051 4.1758895 -8.526291 2.3289053 35.213932 1.7363713 27.563804604141986 
Car -1 -1 0 611.987828681275 178.08598904955886 661.6243263844178 223.4865587018353 1.557667 1.6874403 3.798996 1.0887246 1.7689514 27.173203 1.6565962 14.493239890369582 
Car -1 -1 0 104.15894963837208 206.96998011424992 188.49573606736334 235.27230336584788 1.4672601 1.6212484 4.0877995 -28.630335 3.6822205 44.70542 2.1801128 22.196093429770446 
Car -1 -1 0 541.9873577822449 184.578272117722 582.9694365035078 204.79994245014 1.480764 1.6724348 4.2676086 -3.7220154 2.456938 57.784428 1.9280815 5.486333592757968 
Car -1 -1 0 0.0 209.9564090775049 87.1489354584698 243.7540669530758 1.5514855 1.6423848 4.163854 -31.813547 3.7273808 40.123985 2.1517048 11.913567664839121 
Car -1 -1 0 274.54637850993373 201.1400055976399 306.77969401752347 223.19793229081387 1.445784 1.6043553 3.9333868 -24.211155 3.6726022 54.71974 0.987642 1.9899526429929095 
Car -1 -1 0 82.49095402439744 204.3588096543537 153.4631130347198 229.68885170871562 1.4846698 1.5650504 3.6855726 -33.355244 3.709731 49.027843 2.2385411 3.5220450702775588 
Car -1 -1 0 718.252302405571 177.8183747341691 739.8777588133637 197.96996726578084 1.5183372 1.6400876 3.74699 9.470948 1.9262856 57.315678 1.724315 2.8482125405452314 
Car -1 -1 0 191.4369338263883 201.94048329899255 245.56302835528248 223.2472159898291 1.4958967 1.5988592 3.6470952 -30.13214 3.7911367 55.60963 0.31668004 0.2844729423522949 

