Car -1 -1 0 261.424074875714 183.928250240506 469.6910312879598 324.5906617365386 1.4581634 1.5839715 3.5161119 -2.9654179 1.6313909 9.522076 1.5625974 131.53613319961653 
Car -1 -1 0 478.67070342291305 174.6518653619195 546.5666097075773 232.24178861700318 1.6371155 1.643639 3.919259 -2.9441686 1.6983426 22.603256 1.5591388 78.50158124722108 
Car -1 -1 0 672.4648322372888 180.887962648212 722.7840430671665 214.32959593764423 1.3922908 1.5212805 3.3262343 3.9261768 1.774811 32.61517 1.4559165 39.505853828742694 
Car -1 -1 0 108.84536211213322 178.03747223060935 229.09199166693557 226.191889321816 1.4954499 1.6617588 4.2327313 -15.089746 1.6904163 25.003347 1.5464823 56.721557599938706 
Car -1 -1 0 853.4637659556771 173.54695385792687 1242.0 375.0 1.6823435 1.7119843 4.4059577 4.2265835 1.691707 7.509325 1.5241444 113.63873968512684 
Car -1 -1 0 189.7926861800915 178.67596678366638 280.12965046554797 217.3119607232959 1.4762962 1.6153265 4.161014 -15.591787 1.7374606 30.282745 1.5755749 20.236199347027775 
Car -1 -1 0 550.6021742748819 176.08723789661235 573.2624569919509 197.66703778955508 1.5225135 1.61535 3.7579463 -3.5402184 1.7705512 53.41931 1.4968804 6.748726525891616 
Car -1 -1 0 258.8390948995208 177.51066657079906 324.7677056168096 210.22166819025207 1.5199172 1.6099197 3.750966 -15.743564 1.7640305 35.943314 1.5781989 25.741799081150273 
Car -1 -1 0 389.3021686059426 163.65296111104598 506.7850972658982 268.14715139057427 1.822238 1.6339637 3.6976078 -3.083542 1.6617842 14.456629 1.5388145 72.97299791137114 
Car -1 -1 0 747.4730416740169 179.75080070706085 802.7646161669536 212.93794473395388 1.4320943 1.5859023 3.732728 7.6914253 1.7735825 33.82595 1.5256045 11.064849765582231 
Car -1 -1 0 506.0680187618185 178.09747517060947 554.1726900758316 217.22851127487127 1.4510423 1.5960788 3.7583036 -3.146939 1.6766862 29.156689 1.55247 3.864465481828513 
Car -1 -1 0 865.8310967589505 184.93803584787446 947.7627064875926 214.4198614890937 1.5098596 1.5813456 3.7424564 15.849588 2.1714625 38.599266 0.06197884 1.940447558361714 

