Car -1 -1 0 323.3787013103257 187.01097801790513 392.96012057889 244.83394965775844 1.449512 1.6253796 4.0970683 -7.3317814 1.911262 21.346382 1.3146126 72.00555488598393 
Car -1 -1 0 647.5250605980974 194.04579155675304 1003.2995098045004 375.0 1.4777911 1.5999392 3.7213895 1.5670938 1.7303758 6.6234946 1.3848712 108.35539435498977 
Car -1 -1 0 738.6323976810734 189.24013188390379 982.211256873967 296.0885760231429 1.5014287 1.546326 3.4627683 4.019616 1.7944435 11.704453 -0.2638821 35.51348200438067 
Car -1 -1 0 649.0507923105154 189.11724121941506 813.4413490243799 262.48710409739084 1.5462341 1.5729163 3.4817634 2.8365784 1.957417 16.999815 -0.28403682 28.015491768701747 
Car -1 -1 0 591.3193548040193 189.02693857745044 710.4418633302055 236.4349946209302 1.4838865 1.5967438 3.760681 1.370634 2.059497 24.52604 -0.19891609 28.674270764770558 
Car -1 -1 0 639.5123509151605 190.77774903537878 867.6481147510187 282.4715220804088 1.5363446 1.6397271 4.102352 2.7958727 1.9222581 14.094121 -0.33054072 34.89924595154741 
Car -1 -1 0 469.5889887131701 183.8531158242739 494.1251653346963 203.19698259111962 1.4864908 1.6365979 3.9284759 -10.640598 2.4327183 59.960373 1.2990496 5.787403007687652 
Car -1 -1 0 542.6399366243855 180.56424800746822 630.7194689145441 217.5638702012602 1.6556247 1.6646752 3.8891625 -1.1009992 2.034298 34.133415 -0.25951245 5.96654456990286 
Car -1 -1 0 548.21114587124 187.2011549890158 648.0421268013191 223.41865375085314 1.4670129 1.6159327 4.10478 -0.52082974 2.1177506 31.472979 -0.22940429 5.481274930170378 
Car -1 -1 0 602.5111206134758 193.53697922739804 731.9960059489237 247.09293046282912 1.4540547 1.5485089 3.5694237 1.6785947 2.1010885 21.496452 -0.17656599 7.232355450736154 
Car -1 -1 0 370.0656729682451 185.84982455234024 411.3100422692874 221.10414661337882 1.4419174 1.5841448 3.682278 -9.936188 2.0708137 32.94198 1.3362343 2.875632558203114 
Car -1 -1 0 570.8588359909357 189.0208019496205 681.5006164444012 232.10919602126987 1.4682064 1.6086949 3.8112512 0.5985443 2.0985918 26.844364 -0.27417856 2.1007908924908807 

