Car -1 -1 0 286.20852156559675 181.68355436735402 456.21990848808537 303.40881272198953 1.4678702 1.5994717 3.8737445 -3.394277 1.6267655 10.987667 1.4869937 139.58066488570705 
Car -1 -1 0 446.9085521722113 180.24779230752262 514.1616709619858 230.80527051738105 1.4309658 1.5937741 3.8433886 -4.011987 1.6860862 22.944752 1.5312667 74.9589664268575 
Car -1 -1 0 873.3747773207504 198.70192163117622 1213.530907017259 320.7832851635738 1.4372118 1.5494833 3.6182437 5.6156216 1.8109151 9.632361 -0.013708304 82.07049967098598 
Car -1 -1 0 813.8122250207849 186.854216659878 1064.779807829103 283.99696611257895 1.5367116 1.5914361 3.6617436 5.630569 1.7983935 12.580798 -0.060895614 53.63348229829992 
Car -1 -1 0 700.5578003347114 175.2241207659099 851.5286103894572 229.53897648437953 1.6116724 1.6953326 4.276099 5.109147 1.6886766 22.468746 -0.059708454 40.82760540953636 
Car -1 -1 0 601.1241668871975 179.26086462963517 626.9059104611389 202.29730715307284 1.4861629 1.7040488 4.0666227 0.31129324 1.9458036 49.7242 1.5791148 10.432167693594645 
Car -1 -1 0 713.2154013697972 187.55852918238165 873.9233786886481 242.22136808820096 1.3868409 1.5624766 3.963438 4.9524903 1.8069099 19.70366 -0.065225884 23.18266429272243 
Car -1 -1 0 764.5283180185561 188.37885708452035 972.5811863599173 266.9889600586886 1.4779326 1.5812535 3.7446702 5.2843866 1.8210807 14.953354 -0.11197964 21.620947856769877 
Car -1 -1 0 669.3686793592151 177.91177692392978 772.2945980719285 215.17151609247756 1.4786 1.5966204 3.9523594 4.547166 1.6939077 29.798857 -0.060722444 1.766273603133084 
Car -1 -1 0 648.7101490971569 180.88569395861032 687.1962669104031 213.04314064123267 1.4813112 1.5571105 3.4958148 2.8578825 1.9003842 35.883316 1.548715 0.27096647024154663 

