Car -1 -1 0 668.2941352644102 180.92875034105563 760.5361899214195 246.03615146107703 1.418858 1.6431557 4.1165886 2.5320039 1.6471322 18.318913 1.544675 92.07217543245993 
Car -1 -1 0 263.86589139392174 188.98358512623136 447.16064345378607 264.8473693774783 1.4482251 1.5524663 3.6086392 -5.614691 1.8422709 16.038387 -0.5359482 122.57575174206865 
Car -1 -1 0 650.3262415134766 177.72789647941158 698.5529482195774 218.41574346015193 1.5325239 1.6130935 3.6996636 2.5889077 1.7441686 29.47684 1.5639102 27.53293822272564 
Car -1 -1 0 320.9860752654016 182.78915887443935 476.1326138751791 247.4492132915782 1.5290846 1.5973877 3.7233808 -5.5636873 1.812487 19.056839 -0.4471661 30.091157001652522 
Car -1 -1 0 461.1200241266024 180.7492013518649 546.2754357307505 211.39084486663322 1.4800467 1.6111721 4.0763407 -5.481345 1.9098076 37.516773 -0.5551233 31.19832272921297 
Car -1 -1 0 371.85837339458146 183.82247237794272 493.891818464862 238.7038959581338 1.5194967 1.5783148 3.4175239 -5.3657417 1.872555 21.871685 -0.36988562 13.837131557972006 
Car -1 -1 0 641.4339035972921 177.98087802899545 675.2595048625566 206.01844054972196 1.5210466 1.5593649 3.4080498 2.7683468 1.8284217 41.519337 1.5227293 10.24915753999475 
Car -1 -1 0 492.0633399456708 179.49861268168112 554.3191751628518 206.73915183881712 1.5502607 1.5593436 3.370811 -5.1742916 1.9623046 43.264206 -0.48865968 12.875185942576032 
Car -1 -1 0 508.415677557157 176.6794370105252 566.7306991466055 201.3226001537609 1.602048 1.6017193 3.6090674 -4.8825374 1.8707945 49.05262 -0.5601642 0.4299779236316681 
Car -1 -1 0 661.7148334020018 177.28411392889015 723.9441477444807 226.981984756233 1.5223567 1.5861095 3.6927466 2.7255545 1.6830016 24.299608 1.5468519 0.5652691517653198 

