Car -1 -1 0 365.15696314317705 188.83335594993028 452.87610193710606 248.7917029977765 1.4783568 1.6481547 4.1135955 -5.713513 1.9904184 21.017097 1.5076144 75.38189303041615 
Car -1 -1 0 434.14453975398686 187.47560372046163 490.0698301893173 226.650305757385 1.5024879 1.6415677 4.292682 -6.3433533 2.1836405 31.450483 1.5504243 22.58827784554249 
Car -1 -1 0 820.1968302644688 174.6486482179664 1134.2030326618292 298.60682830359633 1.6718347 1.648689 3.860138 5.3133163 1.7008876 10.719988 -0.07182529 71.62998269437544 
Car -1 -1 0 474.79465275785253 187.20499001249618 506.118230279364 215.43116030919185 1.4835837 1.5679201 3.649078 -6.849902 2.351594 41.746628 1.468389 18.246985713588526 
Car -1 -1 0 729.6139772292162 185.1344491307605 898.5648625057084 250.7706660065395 1.5239397 1.5926934 3.7500184 5.050166 1.8479193 18.073929 -0.08991701 29.093874257652057 
Car -1 -1 0 871.8324758365854 186.43674535967935 1242.0 334.0663020792573 1.509861 1.6188744 3.9869478 5.3273177 1.6828374 8.3603325 -0.009560731 47.217518677469855 
Car -1 -1 0 700.1047482399805 183.21780446589904 850.0314544630188 241.87095074971415 1.5801214 1.6340675 3.9063544 4.736936 1.8957319 20.896019 -0.13752711 33.51954560528384 
Car -1 -1 0 750.1817931104149 186.3258197798899 963.5018326900201 261.4077428070139 1.4677668 1.6070122 4.0286837 5.219879 1.775775 15.48284 -0.106871545 24.84763585825218 
Car -1 -1 0 700.7705384444098 185.12640964217246 821.4835389975144 235.97178835839077 1.5409234 1.5775617 3.500447 4.8364115 1.9528642 23.27191 -0.09277543 16.849861112463213 
Car -1 -1 0 148.4050940953162 174.33935764571882 393.6669058844167 314.6378206676409 1.7769403 1.7099257 4.274756 -4.9713726 1.8047898 11.356473 1.613462 52.22554551269507 
Car -1 -1 0 676.8512511290951 184.12904705819318 789.4499608191309 229.90183219497843 1.5321821 1.605938 3.6515431 4.321621 1.9457339 25.537231 -0.06943153 11.80656842640742 
Car -1 -1 0 632.9954298053588 184.5410381508231 715.3966935888888 219.7600577003446 1.4810896 1.6102552 3.694913 2.9555464 2.0548587 33.516315 0.83085954 1.5579273700714111 
Car -1 -1 0 611.5536310564142 182.71034246588908 637.011835288893 202.94946912652628 1.4992759 1.6027751 3.7240734 1.1370363 2.3077998 57.25889 1.4761006 2.2700462411226243 

