Car -1 -1 0 789.9351840480523 179.72579133631714 1114.327470301472 375.0 1.5572758 1.6518161 3.99743 3.2428265 1.6505512 7.7824993 1.586479 129.96105238711985 
Car -1 -1 0 713.5450830595015 185.47908723711592 849.548172686332 283.13376445191517 1.4283966 1.5707934 3.8588424 2.9145217 1.6896749 12.993771 1.5826256 108.47446693161689 
Car -1 -1 0 691.7454986166983 181.68497994821712 784.7555267093746 249.16990973715411 1.515346 1.5683721 3.4359365 3.1793156 1.7624688 18.427357 1.5078605 66.131557728482 
Car -1 -1 0 190.6308803172098 183.47563321005234 481.62724607059755 282.77944894510836 1.5153494 1.66339 4.2483506 -4.402029 1.7063887 12.089012 -0.026875902 93.37599797482315 
Car -1 -1 0 668.4670748999753 182.78715780810808 732.8723068384705 232.90383904180166 1.4350704 1.5489184 3.542879 2.8457863 1.7784728 23.157013 1.5495284 40.941525741514674 
Car -1 -1 0 381.64587803910246 172.60115301161923 527.9332359802668 242.09936537173098 1.793397 1.6329345 3.5570195 -4.146645 1.7868721 19.623997 0.108801134 52.5180245332262 
Car -1 -1 0 0.0 153.50172389669416 403.1080884458729 349.68921364983566 1.8176517 1.7097641 4.178237 -4.4941034 1.6383554 7.5590663 -0.00922261 151.68667565417041 
Car -1 -1 0 329.97748918798385 182.84355450420895 494.19167748690455 250.3077086666421 1.5076895 1.5604148 3.4878068 -4.606592 1.7564564 17.165459 -0.012985937 26.244026839162764 
Car -1 -1 0 512.5283291441867 173.29855018464607 576.5060432053717 201.76123519983398 1.7862349 1.6695216 3.9393153 -4.1228204 1.8151814 46.145252 0.0013883561 14.67473055296735 
Car -1 -1 0 656.7190714238255 175.23990632483913 701.1886387404033 214.75886368048165 1.7134848 1.5881013 3.5483203 3.1493537 1.8295715 33.30452 1.534109 15.031880741056103 
Car -1 -1 0 485.88939756315233 182.44968310464472 565.0580890175066 213.69248628143137 1.4874811 1.5772561 3.7207296 -4.110907 1.9721062 35.642124 0.0054669366 0.25574564933776855 

