Car -1 -1 0 335.0628527705824 177.5535562273834 449.3226065408838 246.91412227018134 1.4677777 1.673216 4.223255 -5.1628685 1.5970167 17.700785 1.5330455 86.03603794279441 
Car -1 -1 0 435.1858960291475 175.9084929889315 498.84789088215473 217.31289593932385 1.4723271 1.6226904 4.2914314 -5.461137 1.6004709 28.122475 1.5735173 30.952506171818168 
Car -1 -1 0 817.9486797852284 180.43100327669237 1100.081888294424 276.89030219535965 1.4317975 1.5829176 3.8947303 5.5992713 1.565857 11.8130245 -0.0845652 62.550490958103495 
Car -1 -1 0 482.2744160493208 175.0350357369944 518.0387437082659 204.000565538019 1.4561337 1.5393088 3.5171463 -5.7686234 1.577452 38.339027 1.5191592 23.72336619588855 
Car -1 -1 0 779.4196615932009 176.26676689743493 1001.5117200651247 257.31203919029736 1.5024452 1.5954798 3.809436 5.4981575 1.574878 14.384197 -0.07041743 45.68711611453113 
Car -1 -1 0 739.6826248653618 174.53478153859814 931.3819801038076 243.589347037938 1.5506985 1.6321603 4.050441 5.3074136 1.5930884 17.223902 -0.07910283 34.1186678926466 
Car -1 -1 0 740.5954921966847 175.53024417352498 886.5261288156855 235.48732635322605 1.5493021 1.5741359 3.4950702 5.454123 1.6249313 19.55478 -0.02790617 15.974542933475073 
Car -1 -1 0 709.2712760074352 171.77265722194164 848.0687404409599 226.55932973906178 1.5970106 1.630484 3.8081837 5.069566 1.5654898 21.930206 -0.043705825 16.8706484542372 
Car -1 -1 0 0.0 147.47057124773676 350.3277825673547 370.1727153243371 1.7983897 1.6919923 4.293495 -4.656719 1.5934105 8.037861 1.656398 38.18821776872763 
Car -1 -1 0 669.2419236041609 171.81401306112744 767.7069084249847 211.7312099758476 1.5787106 1.641593 3.8626776 4.38664 1.5375793 29.492695 0.07121582 13.475895753382016 

