Car -1 -1 0 820.7400511159298 175.50945184778683 948.0160936858989 235.148962986792 1.6069782 1.6827655 3.777732 8.109749 1.6942241 21.664986 1.3114738 103.62310620991666 
Car -1 -1 0 360.71988814573456 173.206812295544 424.09415138059853 219.96019744953983 1.7383494 1.6811535 3.7720428 -8.757399 1.7534947 28.916393 1.0680127 77.00841358543684 
Car -1 -1 0 590.6639568054275 178.7101981045722 670.9154195874734 212.9522323638695 1.4345057 1.6658671 4.310351 0.8995115 1.7231872 33.28786 1.0403001 26.271339435271976 
Car -1 -1 0 106.58874257730675 181.20836840953314 193.8167458864576 210.07135761714395 1.4107716 1.5672687 3.809765 -24.148195 1.8705245 37.98569 -0.59933436 20.96893164314749 
Car -1 -1 0 928.4291350793148 179.91401596794617 1053.577711522813 232.1136415015229 1.5099585 1.6402588 3.9470103 12.18088 1.7514222 23.001415 -0.50784004 25.36005044305924 
Car -1 -1 0 449.55140775767717 178.76250440466953 508.94200976952385 209.84953673167334 1.5011055 1.609118 3.9870086 -6.8673344 1.8274524 37.747253 0.98458934 3.725133999310606 
Car -1 -1 0 337.04163569279865 173.51143331437422 390.1351096403514 213.30608034160446 1.7349489 1.669989 4.19205 -11.565788 1.7677612 33.771652 1.073034 1.1845823335670893 
Car -1 -1 0 504.5456321556199 175.79173163631748 569.0150937973303 210.39940003562322 1.6147747 1.6272371 3.943391 -3.6990683 1.7704184 36.12561 1.0092803 12.154205476170132 
Car -1 -1 0 501.0991682884714 176.48184480072098 538.131577336794 198.99025518982293 1.4967737 1.5896102 3.6852236 -6.3469715 1.7614505 50.634644 1.1561964 2.462020437054989 

