Car -1 -1 0 769.261237195341 178.9514484007988 1015.6583131404748 340.39457643737285 1.5665191 1.6582938 3.997665 3.2521558 1.661127 9.174624 1.5981224 129.44692831598056 
Car -1 -1 0 705.1469683753119 184.17812662879086 823.8905072538183 270.56129323561606 1.4353921 1.5670172 3.6743789 2.9217875 1.6887984 14.308752 1.5711989 97.49561608622795 
Car -1 -1 0 666.0073121083749 183.09635371208068 724.0580085110158 230.6323391436756 1.4511158 1.5494491 3.4761336 2.834471 1.8238482 24.516985 1.5673727 41.61466333078427 
Car -1 -1 0 233.56947887210723 183.0021289459976 492.5082782055353 271.14919696792236 1.5068159 1.6624367 4.272119 -4.433732 1.70889 13.455862 -0.03797814 75.08500622759415 
Car -1 -1 0 687.2403763622984 181.60159290206053 771.4781051866698 244.78041080749554 1.5400021 1.5776083 3.4328299 3.194963 1.801711 19.830452 1.5169387 59.1814344473566 
Car -1 -1 0 394.4417416435585 172.6392891908547 534.4525320012523 237.38469282049329 1.7982262 1.6484638 3.6809828 -4.1714487 1.7922628 21.046902 0.101828724 52.0007341064344 
Car -1 -1 0 6.297692758230137 158.3318405058882 435.65604803814443 319.63857537062063 1.8049654 1.7424548 4.3951807 -4.565993 1.6424675 8.977804 -0.014981698 155.4474878967193 
Car -1 -1 0 656.2785913234814 176.42947670360402 698.7229064022746 212.75486173798515 1.6369618 1.5849952 3.5174737 3.212214 1.817536 34.65361 1.5340998 17.59871412658702 
Car -1 -1 0 346.66379678686104 181.9234269714726 505.0249264502678 243.88304574606846 1.5053566 1.5743822 3.668565 -4.6491003 1.7492355 18.585833 0.016028585 9.018116757658214 

