Car -1 -1 0 133.48691875366555 180.21824117294116 305.5619432701064 259.70277498961866 1.4565794 1.6369365 3.722068 -8.125269 1.6332517 15.439559 1.5825676 105.98612545842742 
Car -1 -1 0 352.5641471116306 176.86779762639017 420.8009874935065 216.25572465556127 1.4248716 1.5923998 3.491613 -8.629569 1.5914861 28.204628 1.5696044 63.154482775976845 
Car -1 -1 0 695.0381680844031 176.8251601364928 742.5543068057044 210.10440452366996 1.4292957 1.6298485 3.5212042 4.9649515 1.6216102 33.176495 1.5641041 42.34122796530674 
Car -1 -1 0 0.0 184.0936228011517 160.18762428396028 265.67485054997843 1.4643514 1.643522 4.0136604 -11.721347 1.7375841 15.52372 1.5585968 58.92135349340735 
Car -1 -1 0 251.26058156494523 173.02691831889268 341.507037331709 219.82177888579574 1.6307606 1.7218133 4.0872645 -11.688014 1.6377803 27.22615 1.5440618 40.54997328555719 
Car -1 -1 0 595.6956882164486 172.3542563605498 621.5908228988322 194.69903003044453 1.5539801 1.695874 4.2571616 -0.10393666 1.5192249 52.344 1.5262265 14.317028750987927 
Car -1 -1 0 486.38901255748715 171.81783850177888 518.0398510354635 193.07718518732713 1.6320832 1.7592039 3.9061365 -8.495717 1.5525366 57.38665 1.6201614 4.518117127386387 
Car -1 -1 0 528.9859399268543 172.69732462232503 562.1883138462849 188.58957508853047 1.4672557 1.6208674 4.181129 -6.0651064 1.4527903 68.85578 1.8932854 2.0343118250705 
Car -1 -1 0 1089.3896039886097 177.01873122474348 1232.922630599191 231.95876491146103 1.7360687 1.7115377 4.283581 19.114674 1.8944224 25.280706 1.5562389 1.31763830106013 

