Car -1 -1 0 333.93116153630035 176.76458603451402 464.2233369967722 217.93232359700346 1.5072465 1.7256293 4.490891 -8.03775 1.6636178 27.740158 0.11359131 94.75771818045926 
Car -1 -1 0 771.3610923638628 172.89712596252235 880.2904030661769 211.65111876072515 1.5162785 1.6314095 3.9564705 8.674643 1.518079 29.180101 0.06751145 65.09076801722753 
Car -1 -1 0 876.7041363697448 173.55381950074116 958.8876807579484 203.6819222686629 1.4678328 1.573791 3.725404 15.712015 1.505062 36.805622 0.49646986 25.80404934075588 
Car -1 -1 0 0.0 184.52334012312497 97.47302224997293 223.17766848562047 1.4754055 1.5640421 3.6750007 -22.882435 1.9564843 28.898998 0.03566377 23.141188534550338 
Car -1 -1 0 454.95400893455184 168.85711455814416 566.1455139687273 213.44369985421307 1.8277297 1.7610385 4.3943043 -4.1564984 1.663886 30.66473 0.095904455 71.78631397879116 
Car -1 -1 0 1149.1637021614736 169.50800296383997 1242.0 202.69051250517052 1.4460771 1.5899725 3.8902922 26.83439 1.3002601 32.418167 0.09392715 14.87053234077205 
Car -1 -1 0 258.97724939034543 179.16069139822835 333.3939083971704 207.74330068139275 1.7575738 1.7462019 4.446561 -20.676672 2.1961665 47.798546 2.0291622 30.157577215614946 
Car -1 -1 0 583.2469139525427 178.5840268449422 605.9140851318379 194.71576052051196 1.3477124 1.6396713 3.6259832 -1.3455276 1.8672944 63.528103 1.4495063 5.1829188032460465 
Car -1 -1 0 348.270095495625 177.99706130627277 397.33055064217854 201.77781847843212 1.7424207 1.7502989 4.351086 -18.36102 2.159123 56.161217 1.7558361 1.451862024437675 

