Car -1 -1 0 656.0624016299828 176.13095076241706 748.8867054306246 242.7740555687209 1.4553154 1.603827 4.2155733 2.1990285 1.5472944 18.109873 1.5245316 83.08585134898611 
Car -1 -1 0 121.63527675962806 178.33825141247758 381.75595582831374 278.22641495701123 1.8349211 1.7347071 4.326788 -6.966798 1.952687 14.432478 -0.091524735 141.8812006520823 
Car -1 -1 0 645.6695012224768 177.3261832852923 701.8091805968572 226.56083790170766 1.4496282 1.609355 3.88824 2.0200233 1.6079284 23.571064 1.6029081 25.11275370636981 
Car -1 -1 0 300.99011989127456 189.63081075527606 446.62532528574314 239.5791801493201 1.4600247 1.6102743 4.0029364 -7.251011 2.000564 22.440397 0.0010042172 29.429280839400068 
Car -1 -1 0 435.97794493025356 183.35351047248855 501.7480573223233 211.94067686845958 1.5028362 1.5409324 3.356815 -7.651848 2.089525 39.445206 -0.0618249 29.0279592188633 
Car -1 -1 0 0.0 208.8887212026477 229.2627088601885 335.2778582158451 1.45225 1.579228 3.685512 -7.37148 1.9844562 9.736078 0.07220731 59.38308941870141 
Car -1 -1 0 214.6527822963241 189.55306932881666 409.8491785251878 259.3649554278418 1.5166035 1.6143154 3.906821 -6.851226 1.9268773 16.899094 -0.01075878 4.089339640940538 
Car -1 -1 0 633.3787842269584 176.72838177570236 670.70785341128 211.7508283343149 1.5235618 1.6163093 3.685526 1.9339138 1.7143234 33.663452 1.5961804 3.3993175265811146 
Car -1 -1 0 260.40696330738945 189.33260330159473 423.4108298386705 247.43723835649834 1.4910071 1.5861723 3.8961751 -7.2851124 1.9641953 19.86066 0.0338291 2.136245539041084 
Car -1 -1 0 569.3063486194936 171.87765439918132 607.2524130332516 212.50980730132036 1.8324822 1.7113528 3.916269 -0.97549164 1.7884495 34.505814 1.5627484 3.7375725708678704 

