Car -1 -1 0 725.6845536184333 183.03135939621603 987.303552550514 338.21017754601394 1.479974 1.6152018 4.19297 2.8283002 1.6420821 9.329081 1.4755371 107.95045587009518 
Car -1 -1 0 701.162897749997 177.4824795564309 807.6384296159763 258.218013054754 1.5625008 1.6385217 4.0641894 3.1097634 1.6798093 16.242949 1.5860963 96.4910824268539 
Car -1 -1 0 670.4581815234374 181.15221165270225 739.9245117509024 236.3010095365497 1.4526236 1.5760834 3.676414 2.7475138 1.7198622 21.397722 1.5717415 66.5302345122285 
Car -1 -1 0 83.51587993074347 178.79644745703297 439.2656551388328 298.59154195181264 1.5251617 1.6558884 4.222584 -4.6973095 1.6169333 10.210842 -0.049870305 145.10383350149115 
Car -1 -1 0 360.8820493620744 179.7732338975843 523.619489743406 235.64555597438456 1.48733 1.650823 4.257088 -4.6197934 1.6917902 20.380745 -0.054619897 37.494760438537384 
Car -1 -1 0 646.2726790522598 181.7233835352151 692.3893863879352 217.33770390721344 1.4207333 1.5365024 3.4614038 2.5504358 1.8289492 31.437523 1.5140787 12.76787478248487 
Car -1 -1 0 277.6343642352285 165.17301387394863 496.08732041854716 255.30012927177737 1.8693643 1.7277772 4.2976813 -4.7663436 1.7100496 15.902109 -0.033979774 117.97945677713959 
Car -1 -1 0 436.40889424380987 172.12506861920525 546.8492458902768 222.42602067251508 1.8760424 1.6979976 3.9120507 -4.524124 1.8488557 27.972893 0.111927725 16.986784153636965 
Car -1 -1 0 659.8437609715473 181.22931359099198 716.5289571266313 224.72465410705826 1.4835929 1.5283211 3.3419461 2.8786705 1.8169607 26.997173 1.4971734 9.45481269848899 

