Car -1 -1 0 515.2115046619981 175.4649485594871 603.3784550337073 222.7467454850192 1.5056527 1.7094266 4.406861 -1.8847964 1.606822 25.597887 1.1502796 55.3383586731389 
Car -1 -1 0 214.2062205198814 189.75022125600708 318.6421481789974 236.88800339815865 1.410467 1.6353686 3.7702732 -11.711946 2.0389311 24.906376 1.6319939 44.00172482276293 
Car -1 -1 0 111.03448451404982 191.13095241113209 229.3146816467317 234.69125804719732 1.4359756 1.6585451 4.1352744 -16.742622 2.193705 27.755272 1.7020562 21.523942741955402 
Car -1 -1 0 0.0 187.86916803393558 128.9555664215668 283.85706223235877 1.616574 1.7057219 4.3306155 -11.763878 1.9565539 14.527643 0.5156832 60.04223249247878 
Car -1 -1 0 568.5204453757121 174.13912611129317 662.0854326797631 215.2606376865147 1.4619957 1.6277126 4.195371 0.13576806 1.5158015 28.000246 1.010085 34.47442090671908 
Car -1 -1 0 633.3949051999133 169.7067215850544 710.8207673292101 208.94768832336132 1.5180116 1.6480857 4.0299473 2.5223944 1.396261 30.088097 1.214216 15.852611953460505 
Car -1 -1 0 343.3237434722524 184.70756566766693 418.8366110579117 232.91597062697917 1.3832171 1.6174614 3.9610527 -7.4190264 1.8074663 23.768974 1.4639437 26.38310433790211 
Car -1 -1 0 432.7427324073859 188.96832533117293 503.62608011426613 222.8162536558997 1.5535629 1.6394266 4.244086 -7.2754564 2.44316 37.55802 1.9290681 12.797853099284367 
Car -1 -1 0 322.5514213496598 193.24237432870234 378.2404353714759 223.4622090316416 1.5073664 1.6399603 3.8300257 -14.494142 2.70825 40.55564 1.6067301 7.779264722566125 
Car -1 -1 0 475.92867430937326 187.73925890096737 540.7938253100403 220.7453594692605 1.4842985 1.6120527 3.7153583 -5.0263634 2.2748551 36.297092 1.9458474 5.76943019717277 
Car -1 -1 0 163.1563650731039 189.93325054586148 262.5815261490379 233.63210157880613 1.3986254 1.6378566 3.6492505 -14.361563 2.0656583 26.351301 1.5660639 10.514316329220868 
Car -1 -1 0 687.6579798574188 171.85935752165167 763.074096449513 202.89565481565413 1.4294435 1.7099924 4.115405 5.6105404 1.3836329 35.459927 1.1603178 10.771651047146037 
Car -1 -1 0 391.5157259161845 190.58142126064445 461.78614550933145 222.36289798050865 1.5126622 1.5884101 3.8546643 -9.753592 2.5158465 38.74855 2.0020876 6.895095212532355 
Car -1 -1 0 945.9708927334883 164.17431571679086 977.2608987059754 188.12608399829142 1.4773333 1.591568 3.8067427 22.741854 0.9419744 46.552963 2.0840302 1.319203960357692 
Car -1 -1 0 1146.367000471489 155.68921825689333 1228.2627244779915 180.84571698148054 1.5140584 1.6811979 3.9358926 36.327526 0.48098585 45.49719 1.4216146 0.8189315197244241 
Car -1 -1 0 974.3908486944006 160.6574684017376 1002.4367929879877 180.72084798886607 1.5429764 1.6146468 3.870967 30.196169 0.6050005 57.586967 1.957333 0.9239452627084458 
Car -1 -1 0 844.3983472785146 158.41182166746538 870.650044891475 175.15795998889158 1.427607 1.6532091 3.9770818 21.902317 0.19641209 63.658222 2.041364 1.5653739045401172 
Car -1 -1 0 672.7229808515384 171.3422446043538 738.824709788365 204.54918486482805 1.4123027 1.5883093 3.683823 4.287505 1.3480071 32.68005 1.2777318 0.3128105700016022 

