Car -1 -1 0 688.6730312551867 177.8480958587726 828.6434382544365 265.92429237164816 1.4934442 1.6295259 4.288105 2.8356056 1.6104066 14.691692 1.4836395 97.07206321363716 
Car -1 -1 0 653.5957591029181 177.54129348016912 735.5327126816908 237.06331970703633 1.4661973 1.583005 3.681036 2.2511983 1.6081979 19.965315 1.497478 63.90298190877912 
Car -1 -1 0 336.31811070684773 176.11687735408177 471.7276054786282 222.77703434705674 1.4751745 1.628505 4.1819005 -6.7584734 1.589245 24.0972 -0.1552814 54.92910016975884 
Car -1 -1 0 62.375161474382175 185.23351579666442 354.2207905986869 283.14660540656735 1.4012787 1.547157 3.7375872 -6.1754403 1.6122776 11.422803 -0.05504969 111.94020185955257 
Car -1 -1 0 155.61154490858775 178.54238102933587 397.9311264205616 257.89554556147135 1.4612277 1.6069663 4.107574 -6.4930096 1.5831332 14.44758 -0.10557486 31.650096141017116 
Car -1 -1 0 627.7624664689233 176.67848857667084 675.8681526584105 213.71362980586864 1.4514881 1.5947468 4.1638284 1.7381802 1.6261961 30.838896 1.5166831 26.784829748670163 
Car -1 -1 0 613.1892236086074 176.23264639407543 653.7821438822568 206.5211247509182 1.4298224 1.6111525 3.843462 1.1579629 1.6099594 36.486824 1.4861772 1.8618212408665382 
Car -1 -1 0 369.2112504297039 174.41018631335828 475.8674740600436 213.1799369661129 1.5619422 1.6479506 4.01864 -7.711794 1.6284947 29.997873 -0.017891055 0.7900800888382321 
Car -1 -1 0 519.0615703725524 174.12633715225846 542.5686273382212 191.6635238911882 1.5689576 1.6541122 3.953552 -7.337486 1.690797 66.977135 1.3276327 0.2702190577983856 

