Car -1 -1 0 0.0 186.06045023519687 216.26027260576018 299.3304403813199 1.4201065 1.6258639 4.18948 -8.268519 1.6720145 11.650882 1.5487181 93.01285331502781 
Car -1 -1 0 430.8941287058024 176.3297875115319 478.6953407089251 207.1699624088481 1.4913508 1.6769236 3.7835274 -7.9198575 1.6797702 37.21667 1.5641263 30.254080335545034 
Car -1 -1 0 707.7974498873533 174.93261577918568 761.3401155404948 211.60565888015486 1.4345272 1.6238087 3.477761 5.161554 1.5264406 30.163527 1.5670438 58.151756280551965 
Car -1 -1 0 408.1317769421344 176.40773595097653 447.79117583921993 202.9189587330076 1.6271421 1.6417077 3.7823226 -11.69919 1.8664536 46.69129 1.562731 10.951464597531842 
Car -1 -1 0 337.59057164219183 179.02596550059798 402.5209672229861 213.40382916070072 1.520616 1.6947215 4.30172 -11.468782 1.837078 34.842457 1.5742304 14.623835192302293 
Car -1 -1 0 469.4213061977107 174.71965209803926 501.4878734389721 197.97584592914725 1.5082829 1.6177831 3.6624644 -8.37663 1.6396034 48.939995 1.5494527 7.755015308453246 
Car -1 -1 0 527.2712071830133 173.53208594608193 558.2132173552121 189.22184859997571 1.5589839 1.7077118 3.9042313 -6.819163 1.6305242 74.00139 1.9014691 1.065699009433224 
Car -1 -1 0 1084.3700688271113 140.4853304580033 1225.2506562192475 200.74813867174228 2.1950152 1.7164844 4.096074 20.510595 1.0160172 27.239614 -0.049382813 0.36549967527389526 
Car -1 -1 0 604.6595610925389 170.672387098828 625.5558730603052 189.23752861190877 1.5325909 1.7250733 3.8696709 0.463422 1.3524939 61.50167 1.573591 2.0667211807777175 

