Car -1 -1 0 673.2093497644786 185.53157443134637 775.2815470344118 259.5835379212848 1.4359183 1.6343642 4.0567203 2.5185516 1.7659943 16.739063 1.5472347 106.84956146677038 
Car -1 -1 0 223.86854815223217 193.77629973762367 431.2245132354369 279.7052110544264 1.4432799 1.5565656 3.6810718 -5.632142 1.9105511 14.508006 -0.53386396 119.91373463455808 
Car -1 -1 0 652.1006147339338 182.1954500921177 704.4329165794406 225.0521920843461 1.4989407 1.6226766 3.8036363 2.5958676 1.8859503 27.981188 1.558541 26.40366445896566 
Car -1 -1 0 458.6689629343688 185.60350349849313 542.3709949537985 217.98959300706505 1.4787575 1.5782753 3.8056772 -5.409753 2.1428225 35.918438 -0.5466349 29.001378010719126 
Car -1 -1 0 299.1419998343834 187.45350702747007 466.1291157492465 261.3927430980652 1.5647889 1.6005448 3.617617 -5.4689755 1.9492531 17.44313 -0.4904152 32.86731033203675 
Car -1 -1 0 665.9816930546667 183.69745039529786 730.0444537029158 238.90559191292078 1.5422766 1.5681129 3.5435562 2.6952076 1.9089624 22.626495 1.5688837 22.580955381175144 
Car -1 -1 0 343.8216383026213 187.34985942108725 483.19025093517115 248.9138678274821 1.5437176 1.594858 3.5643656 -5.4995017 1.9797859 20.243313 -0.42566657 19.241998174344342 
Car -1 -1 0 640.9504688616499 181.9629385846762 675.4418029031845 211.32641885187434 1.5108263 1.5801668 3.4573774 2.6530013 2.0374303 39.96237 1.5415885 15.466121065048483 
Car -1 -1 0 484.96023906958703 184.6453037943913 553.7455950109975 212.28184868647458 1.4877043 1.5623044 3.62671 -5.2078238 2.1950688 41.727768 -0.5021888 12.84689496625665 
Car -1 -1 0 502.80193057819633 181.19371077649907 564.5001311647014 207.396516666049 1.6241581 1.6137953 3.700265 -4.978444 2.1916246 47.437897 -0.5529751 4.261350950400246 
Car -1 -1 0 633.6276835359398 178.29267467086524 658.6933991945099 204.5815414303217 1.7513573 1.7001939 4.26273 2.5808764 2.1531138 51.132843 1.6157348 0.6860759160342536 

