Car -1 -1 0 389.6017460077117 194.403610580991 449.05576488670795 245.03404157071375 1.4724437 1.5769418 3.839622 -6.433936 2.2709641 24.718975 1.4176995 60.03227835492283 
Car -1 -1 0 316.1680949216842 200.01699356582805 419.8438102821817 281.71256469613013 1.3988602 1.6251597 4.2436705 -5.221493 2.0882382 16.07671 1.385006 117.63697086054499 
Car -1 -1 0 625.6916427687025 190.39199842145564 807.3861216188023 322.9141388772515 1.5968466 1.6544845 3.6145952 1.4488091 1.9146271 11.140041 1.374585 100.70055248486366 
Car -1 -1 0 753.1387567305195 200.81451065584218 874.6408599560236 255.39805463164504 1.5709977 1.5863628 3.651318 6.552267 2.5223885 23.300013 0.26986617 48.125152277340284 
Car -1 -1 0 595.0247200167843 193.18719078172762 693.7566604116728 275.67764319258595 1.492864 1.4918922 2.9739866 0.65381974 1.9727925 15.437078 1.3971152 46.34145622636168 
Car -1 -1 0 879.0400466888698 209.10692349292614 1056.3384364191886 284.15738133643947 1.491672 1.5554153 3.5686662 8.250136 2.4100103 16.950384 0.33926833 30.72718787660393 
Car -1 -1 0 518.2318672408993 191.14184491524097 535.7504023752706 206.2952018948739 1.5029783 1.5977616 3.675332 -8.895416 3.5254898 77.93213 1.5350254 2.0374509523901505 
Car -1 -1 0 449.54636462483097 191.8777037022714 474.5994510599362 216.46126394371677 1.5054736 1.6171498 3.838043 -10.127325 2.8620672 49.40496 1.3529816 0.7150098400038983 
Car -1 -1 0 815.0532846252689 191.70814636991287 877.7203408716061 221.8727752301 1.4939034 1.6211051 4.0758224 13.233207 2.6099725 40.56458 1.3983402 1.4412600929933057 
Car -1 -1 0 715.7662837053223 192.36214311356673 749.6521342261641 214.43089451564805 1.3881774 1.617279 3.9204874 8.637515 2.8172464 50.873795 1.5423341 0.29219716787338257 

