Car -1 -1 0 0.0 185.4767876269589 189.1264265063205 291.6843792370549 1.6867881 1.7181425 4.3294153 -10.115423 1.9574254 13.677762 0.5003754 94.12888653091035 
Car -1 -1 0 1031.58556308429 158.73269329483296 1129.285967368672 192.56648851450203 1.5066835 1.6586542 3.9736028 21.863022 0.87783456 33.521233 -0.30628067 31.255223116261927 
Car -1 -1 0 371.4486039866349 180.57402264018114 459.74358497255173 223.087963062713 1.4965986 1.6907678 4.3765163 -7.7131014 1.8246 28.431892 0.87859726 31.72122785157221 
Car -1 -1 0 431.0309325518516 178.54316685057285 511.24015580414215 216.06215968951759 1.4903071 1.6110289 4.0352216 -6.066348 1.7535328 31.333239 0.85469186 19.34125922605281 
Car -1 -1 0 146.22514572210596 187.9298687104646 281.49895341852385 234.36975731650787 1.4619424 1.6299052 4.079608 -13.608139 2.008588 24.861036 0.25417507 17.494695400806908 
Car -1 -1 0 495.68821070329136 176.4482578775953 551.5429890405939 211.64505814199478 1.5280906 1.657536 3.9059782 -4.093945 1.7074261 33.880173 1.1927496 7.225372223402547 
Car -1 -1 0 520.9972172686103 176.67110294025107 596.9818843282022 205.0584458840338 1.4603037 1.5975046 3.874078 -2.7600727 1.6763449 39.198074 0.5076878 6.1815349171026295 
Car -1 -1 0 285.5181640696782 193.7529382101905 357.9230527298305 225.51371003260613 1.4911914 1.6127671 3.9826546 -15.389529 2.6764755 38.797417 1.8066636 4.238222054043422 
Car -1 -1 0 987.5658260633487 160.80671381322028 1067.0513229238277 191.88805167270502 1.4864265 1.6891807 4.2897043 21.084492 0.91027975 36.374786 -0.56973815 4.7893924535470305 
Car -1 -1 0 757.7405757085032 169.02766352834809 787.06255936768 189.75488098698924 1.492426 1.6379747 3.8409777 12.226602 1.2169173 54.03869 1.9283586 4.047593522000445 
Car -1 -1 0 168.0131071353673 200.5496248601556 241.4179743536573 231.04191871426437 1.4802392 1.6090094 3.822402 -22.73605 3.1188731 40.6824 1.7169095 0.25016674399375916 

