Car -1 -1 0 588.2616194493999 179.10579504934339 673.5596719857492 258.8534889033939 1.5210804 1.661998 3.7733448 0.5807117 1.6768576 16.023792 1.6626123 53.686412512370445 
Car -1 -1 0 357.6312787297117 185.716878960328 518.4389043167616 295.818212717372 1.4443027 1.614908 3.7422192 -2.6026123 1.6887275 11.81007 1.609348 110.29563869972868 
Car -1 -1 0 730.9907436463747 185.7947083352803 874.0492532643617 307.0136136758786 1.4539751 1.5915678 3.5395885 2.7314575 1.6826351 10.8995 1.6866959 104.08943424442857 
Car -1 -1 0 548.3275281130423 176.95675184902817 599.3215209866313 216.16131647960623 1.535449 1.5928819 3.7186513 -1.4531924 1.7204409 30.598999 1.6798258 42.37397806458761 
Car -1 -1 0 708.4331108798386 181.99647766316068 798.6112256251971 266.13955918166096 1.4780332 1.6263933 4.010274 2.9489772 1.6978271 15.239342 1.7267771 45.644476651344974 
Car -1 -1 0 182.01824640886647 189.03020873783186 296.35769873982605 231.9595034701459 1.5115347 1.5748864 3.6015022 -14.010607 2.1540327 27.477085 -0.23268777 48.835363339079116 
Car -1 -1 0 776.0814704500799 171.65070744282545 812.8351366208784 198.75770873414527 1.5108863 1.6126533 3.6510448 10.746298 1.4438171 42.12532 1.6898162 31.95655849221465 
Car -1 -1 0 630.5492269831698 172.57604713971256 695.8641839094026 229.80644727262774 1.7456758 1.6982276 4.1912413 1.8871046 1.7371974 24.228811 1.7648704 35.20467506984289 
Car -1 -1 0 0.0 192.73852938873154 132.79482774442954 236.95583276144373 1.642653 1.6648724 4.0747137 -22.02808 2.4886615 29.355633 -0.2684283 23.157892571664764 
Car -1 -1 0 695.7531280341373 174.5744078601083 716.7337230832144 194.3024331189728 1.6011074 1.7004212 3.618152 8.137589 1.750603 60.794895 1.7000729 2.20795363163351 
Car -1 -1 0 731.0225510036951 174.23308974900246 755.9011415722855 193.91221655609132 1.5435658 1.6501881 4.0772367 10.912623 1.6603608 58.998856 1.6668011 1.0657649046806312 

