Car -1 -1 0 669.7511294744909 178.4921262750525 734.5673574205899 229.82961015537003 1.4728594 1.6495433 3.9600074 2.879547 1.6692513 23.136292 1.5918556 80.70318454173123 
Car -1 -1 0 727.1904771811154 174.43859394069523 893.3451718629641 290.50499919607176 1.5842009 1.6728344 3.9413605 3.0770788 1.6146381 11.880924 1.5803318 105.84040302638587 
Car -1 -1 0 238.97949585583632 191.92277702693752 453.71118807130745 321.73950491799144 1.4148285 1.6028228 4.0700207 -3.531985 1.7465639 10.508369 1.582266 52.22730353483838 
Car -1 -1 0 384.0444593582763 185.8634330032456 496.1610553760359 265.39741876537386 1.4516976 1.6095374 4.112471 -3.5790145 1.7763007 15.926362 1.5440893 43.06904397334278 
Car -1 -1 0 445.3440746355076 183.3165379373879 521.1370362357986 240.0182559826666 1.4570262 1.6092691 4.01504 -3.6245258 1.7953658 21.31032 1.5511827 38.575254770410936 
Car -1 -1 0 515.0678366723404 179.39876645482764 553.4195154348691 214.91694923037784 1.5506539 1.6308178 3.8306236 -3.515916 1.8784729 34.1819 1.5132716 21.117257183883794 
Car -1 -1 0 545.2867152619922 177.47007617641577 569.9793572371601 200.32263607356805 1.4695675 1.5746192 3.8405602 -3.5031674 1.796458 49.142513 1.5258753 1.402719461974133 
Car -1 -1 0 636.165194828986 177.22436928833392 660.6334535612156 196.09864080674518 1.3730013 1.6375369 4.0587463 2.9513092 1.7212741 55.464607 1.5645266 3.9303904465312445 
Car -1 -1 0 210.69674831889478 146.06828666685206 343.51171366361916 210.98816630531184 1.5970956 1.6784678 4.0977283 -8.945524 0.9381395 19.819706 1.5957146 17.857591874537384 

