Car -1 -1 0 122.2953628071715 191.33965395754214 375.6820423336065 326.23739198960885 1.4923582 1.6850795 3.9773762 -4.9109583 1.8130856 10.523874 1.5781822 98.84398791580239 
Car -1 -1 0 293.9188569549912 185.40023470795623 436.4745189910475 270.6780507373048 1.5079836 1.6421912 4.209853 -5.0364423 1.813887 15.485802 1.5685055 79.20887278637923 
Car -1 -1 0 190.66967443120353 184.80701622232908 340.50310275315593 242.57130895955308 1.4488981 1.5714476 3.6305192 -9.829253 1.8268418 20.860624 2.1360285 20.876535743865688 
Car -1 -1 0 0.0 187.86361234992125 155.79486686414353 279.22237888414054 1.428406 1.5811619 3.8797083 -10.29196 1.7498449 13.660997 0.6386458 78.55908702920202 
Car -1 -1 0 99.33770574217729 175.17356517411523 236.1140011360836 256.86500209220713 1.6730443 1.6465551 3.9015555 -10.348652 1.7331753 16.795145 0.7246998 67.08074888444897 
Car -1 -1 0 423.2697154081191 176.6911175264557 473.49082552920345 212.7297638996623 1.6683416 1.6261355 3.7701602 -7.90781 1.8682028 35.69336 1.5755116 18.57855099989856 
Car -1 -1 0 183.83932161763056 168.49485454674985 283.43539993867745 204.54100379163674 1.5794767 1.5717354 3.6848779 -16.875437 1.3884667 32.483543 0.04451184 8.324236658591122 
Car -1 -1 0 383.8574316172174 183.72599403514408 446.8319804580332 220.2570421990623 1.4356596 1.5800418 3.7901368 -8.379056 1.938297 31.430922 1.6140338 1.7981976352573077 
Car -1 -1 0 468.7650471478464 177.33777144119097 497.2704402353321 203.31930425662588 1.467299 1.57377 3.6534781 -7.561427 1.7484996 43.331375 1.4281512 3.402829699271007 
Car -1 -1 0 259.23066453683333 165.8094371061209 365.35181417724357 217.56008512603094 1.8347416 1.7086645 4.0993276 -11.325457 1.584987 27.417103 0.578544 15.926336376078856 
Car -1 -1 0 481.62709651131064 179.08555317614275 516.6922402149796 202.50407600331008 1.4534816 1.5680336 3.8424184 -7.26476 1.8830163 47.77916 1.6175506 0.3007214367389679 

