Car -1 -1 0 710.7915608607718 183.11097831976545 839.7477568921615 279.1547105430138 1.4523437 1.5554566 3.5012515 2.8386178 1.6627512 13.0438 1.5797744 84.09562479274716 
Car -1 -1 0 776.6605752991054 182.4529771856136 1057.4796166141125 351.25023801171477 1.4763508 1.5598533 3.4730303 3.2115784 1.6105647 8.301339 1.5000802 98.39901043693885 
Car -1 -1 0 691.877832104629 178.09739634873566 788.2854235559031 246.47090086011787 1.4956589 1.6047616 3.917628 3.1390567 1.6413493 18.067793 1.5427889 49.33074561329536 
Car -1 -1 0 0.0 191.62006897647348 349.1285332004018 367.71921233727824 1.4632753 1.5880027 3.9291797 -4.7856255 1.6683927 7.0321083 -0.030974273 93.30913896162822 
Car -1 -1 0 75.3225147557513 162.62843388024322 447.7577286137359 314.62117098227134 1.8043604 1.7023292 4.156473 -4.43807 1.682969 9.571418 0.07564275 85.70842771506378 
Car -1 -1 0 678.6778000971779 168.84546126625395 747.1978583591435 227.5866187479968 1.7455261 1.5823777 3.3513489 3.2389708 1.62641 23.149845 1.5266597 57.541917771442115 
Car -1 -1 0 658.4236933286995 173.04114172320703 708.9707847086205 209.01374092422435 1.5225146 1.638558 4.2603188 3.2902684 1.5315671 32.73224 1.5170708 14.391397010729632 
Car -1 -1 0 471.36284266285224 168.11629814513793 560.8277157041606 204.109506703116 1.7492881 1.7035358 4.2275066 -4.6024446 1.5190332 35.932 0.006221609 16.06426115219763 
Car -1 -1 0 652.1285816658523 174.4893580557032 678.6535998148879 198.04099510414625 1.4070231 1.520655 3.3929253 3.4557602 1.5130812 45.06985 1.608985 8.018717626310579 

