Car -1 -1 0 629.2811122692191 172.36494343215185 690.6158471113504 217.5177588230026 1.5054986 1.6280944 4.354766 1.7460792 1.4891922 26.288406 1.498219 31.44773919486968 
Car -1 -1 0 0.0 202.8694856931573 269.4005009670752 323.7578523554389 1.4576101 1.6289005 4.152275 -7.185154 1.9107397 10.0144005 -0.0309533 122.33774461376336 
Car -1 -1 0 135.22048010723162 192.4659856860463 346.63502781074095 266.8904687750871 1.4204218 1.5374542 3.6000662 -7.5369186 1.849079 14.979241 -0.012595713 97.51279669274187 
Car -1 -1 0 286.938973640067 173.1539587572401 446.42092484675703 235.43053453759745 1.8236929 1.7451699 4.39008 -7.3667965 1.8334033 22.249176 -0.11041623 72.49399251344136 
Car -1 -1 0 184.78958139309725 188.67609441858536 377.10735389369165 253.95732178979847 1.4727879 1.6005405 3.9330108 -7.8593917 1.8744748 17.497257 -0.0105362525 27.724713619084465 
Car -1 -1 0 621.1312227771573 173.31467985862486 661.9502696952895 209.14533758056868 1.4712389 1.6165988 4.0304914 1.3478105 1.4927616 31.694513 1.5713557 5.025432409472792 
Car -1 -1 0 555.2524192787747 169.08886078517466 593.2257186499793 205.3010905662162 1.754219 1.6940029 4.0277643 -1.7574849 1.5718253 36.97878 1.5847764 6.311289744016622 
Car -1 -1 0 425.8283203530528 180.3873920748476 482.3040450461335 216.41092297337798 1.4315944 1.6271999 3.8419528 -6.691525 1.7794915 31.399553 1.5715226 0.345321387052536 
Car -1 -1 0 450.070387419807 176.2829208999502 509.82478218721826 199.44861993957525 1.481879 1.5854353 3.7512486 -8.477378 1.711842 47.417206 -0.09847123 0.32667115330696106 

