Car -1 -1 0 422.0505210837419 186.2777529720156 520.4777375041762 261.3287928728238 1.382554 1.5550287 3.626676 -2.8999805 1.710332 15.7832985 1.5419048 46.97487434439499 
Car -1 -1 0 475.6843832456535 175.51544743381675 548.9452389980232 235.44875355078796 1.6652994 1.6517943 3.9838977 -2.89617 1.7547117 22.233578 1.5891744 60.659353589354204 
Car -1 -1 0 790.4633267017925 187.54792587604558 973.6593195694336 306.6534543639296 1.5171034 1.5988854 3.4331539 4.062976 1.7830269 11.336668 1.5768348 86.51447624704623 
Car -1 -1 0 114.64630138526894 175.6942931910912 231.793535062885 223.29409512322414 1.5091779 1.6142101 3.964002 -15.0285845 1.6159134 25.115059 1.5933089 39.635507494149905 
Car -1 -1 0 676.8321122922936 176.24925281441932 728.6367679023073 216.8416095615666 1.7336001 1.8202167 4.2077556 4.22198 1.9001186 33.277763 1.5643194 46.34240750045013 
Car -1 -1 0 0.0 175.26124306210716 131.3867409294837 240.86871825325997 1.5626514 1.6851689 4.394054 -15.235233 1.6352676 19.556782 1.556364 47.32532538791917 
Car -1 -1 0 511.0155851370195 181.73168372012208 564.4408091087437 221.5087505481094 1.4313315 1.6040883 4.2727256 -2.817598 1.8157938 29.08756 1.6012499 10.290963719341692 
Car -1 -1 0 867.5999334537262 182.44301059157758 1000.0609596768155 227.81223289225346 1.6077725 1.6690775 4.1986036 12.012899 1.9772888 26.882132 -0.042328715 40.617868950384086 
Car -1 -1 0 732.334371599254 188.8075760817752 849.8009611953528 261.33742435867674 1.3830727 1.5876737 3.9533477 4.0287285 1.795417 16.644978 1.5343921 26.51330812467168 
Car -1 -1 0 649.3875387217561 182.16444796101794 673.7329122013679 200.59745906238922 1.4053708 1.5354574 3.5117722 4.1960764 2.184998 58.622807 1.5142254 10.780793198424652 
Car -1 -1 0 811.2336298651227 182.46537894347873 903.9592497365398 212.27547188801913 1.4499512 1.6201193 4.14937 12.55312 1.9505996 36.64322 -0.06398951 20.60875670777441 
Car -1 -1 0 534.21779413412 174.60439267173683 567.1279936480223 209.37079833915345 1.8506069 1.703396 4.1886044 -3.2773328 1.954639 40.75274 1.5252607 3.2918286124617944 
Car -1 -1 0 216.9553413832326 140.58477539019924 482.08069676518414 333.8010905688675 1.9872713 1.8077235 4.5752068 -3.0938983 1.6553754 9.735868 1.6020108 16.841710594118574 
Car -1 -1 0 212.95837699348132 178.8222579099471 288.20854202592784 216.43586266537963 1.4453278 1.581833 3.8563828 -14.999975 1.7129848 30.359344 1.4677721 1.7797365209472866 
Car -1 -1 0 853.3533430382997 177.35237915441348 948.4339306960184 213.40412955143523 1.6175296 1.6375722 3.8312597 13.600136 1.8349798 33.765022 -0.16021419 0.545964792912109 

