Car -1 -1 0 252.840488851088 189.5925260281687 342.89167771523717 235.23850066813208 1.4828074 1.6842318 4.0988784 -11.545557 2.1577587 27.025661 1.5467789 65.6180521499957 
Car -1 -1 0 761.8419619024968 178.90888819972125 1138.126414766355 375.0 1.5550478 1.6320014 3.9182086 2.6021419 1.6269786 6.6032267 1.5824816 125.32499798789121 
Car -1 -1 0 705.8509873428742 182.538752148344 857.9684874628932 297.87806924424626 1.477098 1.5693725 3.6052904 2.5216036 1.6538342 11.35594 1.5820314 99.97032462338488 
Car -1 -1 0 422.08751432169174 184.42152860835245 551.2398528048141 232.96640632175973 1.484339 1.6085036 3.863225 -3.9665222 1.8789846 23.585096 0.12091792 49.0863104547759 
Car -1 -1 0 309.4697148689196 188.4956360930551 377.8586131495343 226.31258158592385 1.478361 1.5908675 3.801033 -11.586231 2.2064881 31.684637 1.5743936 16.196275498871394 
Car -1 -1 0 342.1617971405923 184.75438647358465 470.42758505826424 254.31913627053086 1.518194 1.630603 3.6487415 -5.218804 1.8508592 18.281532 0.8174681 72.15507148576587 
Car -1 -1 0 617.2190090632217 177.69147649731102 665.9986992599918 208.15768400813968 1.5108734 1.5753217 3.512629 1.6506705 1.7803401 38.289597 1.3002049 12.030666427779849 
Car -1 -1 0 658.1670478313663 162.00664275575608 740.4247750564468 233.76378883867363 1.9592876 1.8578122 4.713334 2.6116776 1.6631067 22.07259 1.5545833 58.75536430453908 
Car -1 -1 0 647.332393629648 178.73113375207268 696.7989760707802 221.1791378396927 1.4799867 1.5647117 3.5791922 2.3161762 1.7181162 27.44414 1.5688446 4.079697108279819 

