Car -1 -1 0 0.0 182.26795572882276 212.86646831738648 294.80476251762417 1.7877455 1.7473111 4.3958836 -9.627724 1.990721 13.6677685 0.5470118 117.55889402433868 
Car -1 -1 0 0.0 197.93685199106218 81.99958584643441 242.82248175901043 1.3993659 1.5914501 3.915342 -21.549782 2.407161 26.906921 1.352628 18.552744276365154 
Car -1 -1 0 402.4426592386853 179.57928019630495 470.9776347128093 217.22997638360928 1.5332778 1.6391734 4.056461 -7.7910795 1.8540927 32.283157 0.9697684 16.772053324187603 
Car -1 -1 0 957.8786618415504 161.12129586559536 1044.6548336943756 193.1562121484214 1.5429093 1.6173152 3.7394326 19.546623 0.9778226 36.03575 -0.2737859 18.26145183547117 
Car -1 -1 0 927.0356057471106 164.35531073904747 1011.2924028111491 193.5946519899979 1.4934984 1.6596111 4.072048 19.099327 1.0593989 38.331955 -0.34958595 7.449156451219317 
Car -1 -1 0 452.0231767172311 178.20948192755304 511.44032884273935 212.42963458077887 1.5189562 1.647653 3.9539697 -6.224567 1.7932391 34.82397 1.0705252 7.407617084145185 
Car -1 -1 0 243.65778270763448 195.23165286171817 332.69040370626317 226.97174192717048 1.5348902 1.6464362 4.1506586 -16.917173 2.7543736 38.021988 0.24313939 5.31154106959891 
Car -1 -1 0 332.16811413657695 183.0732604334288 416.72358434988723 224.02987590482093 1.4742599 1.6660926 4.150311 -9.540577 1.9161034 29.106075 0.8262871 22.205147236574902 
Car -1 -1 0 711.2676242348585 170.75573036094022 737.6384422951926 191.09040941392018 1.516401 1.6069361 3.8421526 8.926683 1.3599283 55.87169 1.8380431 2.107811913338305 
Car -1 -1 0 174.0088296689076 188.70733324299297 238.84374226042496 234.6893174717765 1.4191056 1.6450441 4.0182548 -14.4953785 2.0336218 25.849197 0.963968 3.554445787540722 
Car -1 -1 0 633.7713108072153 168.24472193089673 654.483640523209 182.9995789498109 1.4343086 1.6494622 3.821385 3.4822023 0.9862438 72.15815 1.731432 2.480772321444891 
Car -1 -1 0 905.3270896852488 167.58640459981692 972.3900509086092 194.42089357572067 1.4980582 1.6341738 3.7855253 19.143953 1.20399 41.924305 -0.5153945 1.1957331433420437 

