Car -1 -1 0 694.6715454372202 177.13497558483854 765.6744534693905 233.64146270670483 1.465163 1.5537263 3.2685535 3.3641481 1.5972557 20.611393 1.5944793 80.48251917540009 
Car -1 -1 0 763.1474605097321 175.12502906467896 926.3261701201264 287.9893722953876 1.5049088 1.6007106 3.7969363 3.57506 1.5476724 11.642834 1.6318731 94.94479913176336 
Car -1 -1 0 77.95298718376876 203.42945544591134 206.45545958603662 256.6365382418081 1.4581981 1.6556454 3.6773672 -15.302761 2.5502808 23.867357 1.6587037 78.90261447833574 
Car -1 -1 0 856.7695692770203 178.68621800938328 1242.0 375.0 1.45213 1.5903826 3.7881196 3.449488 1.5177311 6.1736274 1.6366373 92.03034309855474 
Car -1 -1 0 276.76644371185967 186.10890355256464 343.408083504431 210.96443076595645 1.5787823 1.7210659 4.4351563 -20.981733 2.5547063 50.746372 1.9503531 13.90610429583396 
Car -1 -1 0 338.2964107503834 186.86830620944355 389.57760543431414 207.4946849804729 1.4608594 1.5609512 3.7150278 -18.96321 2.5844727 55.84132 2.0457723 21.621643987674023 
Car -1 -1 0 409.6064678260421 185.87837008161785 467.737114087093 204.7182587294239 1.4739469 1.6856736 4.484058 -14.358006 2.6010563 60.66971 -0.4726438 29.518335482387034 
Car -1 -1 0 198.03093236999655 191.895477312076 272.681485458373 220.0987630872743 1.5414464 1.6301265 4.184493 -23.091984 2.7802253 44.70076 1.8744115 10.497592825144915 
Car -1 -1 0 567.3000855617724 176.97690421211396 615.7145296912385 195.6607899437596 1.4927638 1.5942763 3.7017133 -1.5019464 1.8436997 59.87272 0.46590424 7.717047714278694 
Car -1 -1 0 687.8292858726974 175.45049242485723 752.8210281996322 222.84228397165913 1.5066293 1.6254407 4.105003 3.7792487 1.604781 25.219492 1.5666401 5.8611722255259 
Car -1 -1 0 657.2316446167682 177.59410698440217 692.7459551427361 205.50136726371613 1.4936509 1.6281575 4.013566 3.6975915 1.778329 41.318207 1.5600094 0.2822525203227997 

