Car -1 -1 0 768.0291184928554 184.4054490744409 1044.04185484788 363.36299312745786 1.4565318 1.6114699 4.17552 2.9917336 1.6228921 8.2689705 1.616504 45.14015106340099 
Car -1 -1 0 0.0 180.8445215431464 414.84708293320716 350.5607472748123 1.4584608 1.6138691 4.0549464 -4.4753633 1.5697268 8.210378 -0.6217632 154.02190023110913 
Car -1 -1 0 671.0723855245961 176.37649334298908 731.2056368213558 217.3048690600819 1.4445826 1.5779946 3.6348312 3.4382973 1.5887856 27.66388 1.4913383 28.9400356878463 
Car -1 -1 0 234.56014911136643 176.8353366419908 479.148017060986 267.607046487762 1.5042311 1.6402483 4.214294 -4.7986293 1.5902438 13.848848 -0.5064169 72.94506934181874 
Car -1 -1 0 631.9483168920881 174.27616755108002 674.8818356160756 204.28794938542165 1.4687002 1.576194 3.8488488 2.2252798 1.5465655 37.502583 1.4550335 20.383970831348897 
Car -1 -1 0 116.51539357925971 177.74161515377557 425.346084777085 301.88706143599705 1.4889598 1.6018033 3.8801663 -4.8577633 1.5723238 10.549466 -0.60065305 45.808143824796545 
Car -1 -1 0 618.6890733726044 173.80381602656308 654.1388044808909 200.8115655782315 1.5102584 1.6081632 3.6955485 1.5347025 1.5685925 42.39852 1.47569 16.77324902928271 
Car -1 -1 0 382.15563417952274 175.99621647159879 522.4441992221891 228.72741509041302 1.4956496 1.6078212 3.9428198 -4.8442106 1.6004734 22.369297 -0.53845125 22.427205476448517 
Car -1 -1 0 340.9654077803648 178.60568968497563 508.97033691591196 238.58858954807613 1.4337384 1.5904791 4.0710273 -4.899397 1.6018121 19.333433 -0.5569997 21.454025985532663 
Car -1 -1 0 567.6690525642766 168.77807352503604 596.069237601442 189.49929837990808 1.672648 1.7443391 3.9502966 -2.350785 1.3436328 60.354733 1.3662304 2.592963140845525 
Car -1 -1 0 697.5483209958401 152.47006539344358 825.3897245632392 259.03103318812356 1.9901371 1.8322116 4.8573537 3.1341207 1.6094458 15.911364 1.5787596 3.3902184944692393 
Car -1 -1 0 419.93306632318195 173.25717849065003 530.2889315685568 216.0804462684453 1.5544412 1.619031 3.8999555 -5.168072 1.5708175 27.763887 -0.42653674 2.3254441198200255 
Car -1 -1 0 438.8660728160516 170.69992161880484 527.7504840589364 206.42090558602018 1.5590358 1.5954205 3.6957638 -5.783025 1.4650213 33.17364 -0.58209777 0.2530660927295685 

