Car -1 -1 0 251.18344394574453 179.24275253485544 335.68202505254175 219.95320465954455 1.4543352 1.6995349 4.0429096 -12.355444 1.7246511 28.475002 1.5303602 42.95171072494756 
Car -1 -1 0 664.676784796698 172.86293170604355 740.1265277489757 240.06809799746324 1.6361506 1.8149447 4.1638412 2.4240003 1.636421 19.708832 1.6430353 62.98427295210136 
Car -1 -1 0 739.2583843308643 179.9917186337247 825.0350494223625 217.9691952376276 1.4390037 1.6673796 4.0813804 7.2692966 1.757732 30.165722 2.3303053 41.970884189310546 
Car -1 -1 0 1041.186728864283 184.14108363393603 1163.703233118863 222.10053608920856 1.5832763 1.6423888 4.225465 21.403042 2.0880828 31.431946 -0.0081138 17.205936053398187 
Car -1 -1 0 542.3104450047207 175.89555896096314 567.448154887284 197.02471179657385 1.5849729 1.6765157 3.5457335 -4.244462 1.8302765 56.41474 1.57672 2.6025109744062096 
Car -1 -1 0 952.8370695920531 175.98929074952954 1040.7900000495588 205.8208922479194 1.6101973 1.6510133 4.0439777 21.477776 1.7885619 40.096825 -0.0629309 9.847655410195323 
Car -1 -1 0 633.7199674822484 179.25699320857177 656.3204237906729 197.3176562662636 1.5071626 1.7115271 3.7013206 3.0878303 2.0864992 63.41193 1.544965 3.1878426541302485 
Car -1 -1 0 0.0 176.8240921454812 109.3065376867507 214.25129157496565 1.5328012 1.6144276 3.9636028 -23.72734 1.7054359 30.550142 -0.009039746 1.6114324470229946 
Car -1 -1 0 437.05694729252684 178.8951012201252 469.01554593090674 193.95811607494988 1.4678856 1.6302202 4.12529 -16.069036 2.1079915 74.26206 1.7914033 0.2719782888889313 

