Car -1 -1 0 574.8059339761126 167.81602994082587 659.8855620974662 241.17485927901063 1.745411 1.6902671 3.8343039 0.10235438 1.6255436 19.186138 1.4265178 105.75364142642995 
Car -1 -1 0 301.18349778520667 180.13514935767756 409.2692011836798 213.01213391511058 1.4219539 1.6745064 4.456811 -11.535175 1.7672826 32.98722 -0.18541735 81.62701963666414 
Car -1 -1 0 718.2196928119473 170.95097672900997 795.2147813864623 218.39331417887368 1.6291219 1.6442096 4.32429 5.39691 1.5637739 27.005371 1.4788492 20.00413465568386 
Car -1 -1 0 936.4267523360121 176.4569790247251 1095.7085889435175 234.3382907014666 1.385172 1.5954013 4.23951 10.900741 1.4947405 19.74181 1.4497764 44.561950496868405 
Car -1 -1 0 340.032269090594 179.29108765122527 422.8838573500381 209.6465785024047 1.5136988 1.6309377 3.978766 -11.84535 1.8606161 37.687347 -0.20248346 6.5562156519483015 
Car -1 -1 0 563.4338780246003 162.66214159258533 628.8206966015101 224.5902439189542 1.9102521 1.8084843 4.7428327 -0.5623102 1.595871 24.713873 1.4595991 28.368311695295162 
Car -1 -1 0 853.0089935151235 168.79447726419963 994.1928995773923 229.17628354404334 1.5669637 1.6562631 4.184141 8.929304 1.4616152 20.939636 1.3703594 2.0970812178326335 
Car -1 -1 0 769.7788421998279 172.6192977309767 831.9578874524211 201.4667387812027 1.4676479 1.5890334 3.9197307 10.211975 1.455707 38.79691 1.3455238 1.4000102520962705 
Car -1 -1 0 484.2446380947382 173.32749946264676 510.83362762548416 202.35026316800597 1.8215972 1.6559831 4.0583105 -7.3409805 1.8541503 47.481174 1.4306225 10.673670288343171 
Car -1 -1 0 526.2774560237355 175.59901511411712 546.4728506815454 190.83461056170745 1.4432461 1.6423857 3.8308294 -7.237764 1.7215648 71.12066 1.379601 0.36948102712631226 

