Car -1 -1 0 644.7899790258004 161.46073994725487 816.6614348576101 222.69970667078692 1.5512792 1.6756009 4.281656 3.2456007 1.2626699 19.569729 -0.22380579 72.63947119963548 
Car -1 -1 0 857.3603396377629 159.2897468598316 1242.0 352.1863985368015 1.5985935 1.6866571 4.1993084 4.814155 1.4861823 7.0680304 -0.11990362 106.97053184124384 
Car -1 -1 0 724.50079220061 164.50748688171421 936.2509888814659 244.7881778897427 1.5123185 1.6081587 3.798443 4.418856 1.3550878 14.679529 -0.1547959 53.22379660665534 
Car -1 -1 0 616.7682461542079 162.64347174512235 751.1380898073062 215.78340952217434 1.5271153 1.6308526 3.7495131 2.2060628 1.233689 21.84615 -0.16417705 21.904885386691173 
Car -1 -1 0 803.3621482209652 166.10788783423266 1154.1148529984093 289.55053664203297 1.483126 1.6127237 4.0436807 4.875879 1.4020735 9.76611 -0.14872609 47.00431578787086 
Car -1 -1 0 766.3791716162352 164.48801211782276 1013.3430314920912 263.2169343891348 1.5331416 1.5711392 3.5932267 4.6619124 1.4032278 12.232856 -0.13979204 43.76639577911126 
Car -1 -1 0 604.2100748819652 158.23185231622014 735.2091342342517 210.46078124593956 1.660432 1.6811814 4.066776 2.0053067 1.195573 24.314419 -0.28344008 21.7486558125528 
Car -1 -1 0 579.493031074081 162.48287192488698 680.7695496188561 201.89147354573444 1.5028472 1.5990207 3.7284987 0.815921 1.107344 28.903048 -0.34791565 13.405099593307208 
Car -1 -1 0 304.9795424248585 156.55114418728206 389.75584409091823 220.27099274439405 1.8383493 1.6352314 4.1623125 -8.223511 1.3680037 22.980486 1.4513377 62.920276538273946 
Car -1 -1 0 552.3330922395702 161.95014176735643 643.4926713794729 196.02298972586837 1.5442139 1.6401342 3.9979463 -0.55607986 1.0500405 34.16534 -0.35550824 9.955675773300085 
Car -1 -1 0 537.0918649108037 161.86298623327255 615.0030951982791 191.46297079262453 1.5332812 1.6269896 3.899366 -1.8100798 0.96394575 38.7093 -0.28789598 4.843718751520414 
Car -1 -1 0 511.99804094870655 162.75416052499622 538.9895096877982 187.74154047526812 1.5491734 1.6282862 3.810135 -5.4782906 0.92300093 46.736557 1.4262074 9.668081073289006 
Car -1 -1 0 929.5812602126339 148.02457906431675 1001.678548888733 184.20503972375823 1.5731483 1.657578 4.0465193 16.409407 0.49354988 33.463505 1.6624295 0.2696523070335388 

