Car -1 -1 0 709.5259423595988 171.15312609387533 912.1204882187048 240.93661772915718 1.521342 1.6984148 4.3845696 4.621212 1.4842614 17.005732 0.20391905 149.1723253317769 
Car -1 -1 0 947.6989353024095 168.739881519455 1180.6881432916375 240.12134044213823 1.5172037 1.6610593 4.17279 10.162549 1.4297585 16.401743 0.11555699 119.08495627340398 
Car -1 -1 0 599.0398060673234 171.737945372953 691.172434482633 214.05595066450752 1.4389205 1.5515397 3.4720259 1.3498163 1.4009717 26.35471 2.283761 65.69308403075095 
Car -1 -1 0 674.7692567466678 170.03124596182968 771.9740745575821 212.07747241711067 1.4035468 1.6006541 4.0372725 4.191426 1.3093202 26.139729 2.2786577 63.97150461678646 
Car -1 -1 0 261.02719919724984 176.0988844524535 378.0757673471703 225.50233538382258 1.6163383 1.57746 3.420147 -9.93889 1.7328163 24.82414 0.17611495 51.69723121093624 
Car -1 -1 0 1118.7855848125957 161.40771515749788 1179.4743693143128 207.2298512601491 1.4645299 1.5868948 3.922875 18.804092 1.0986929 25.093431 2.2372649 12.55649732989756 
Car -1 -1 0 947.7958393477103 162.92324335688022 1035.6059476127798 207.41999412790713 1.4556116 1.5858513 3.6923199 13.51082 1.130749 25.434456 -0.7406892 32.69107743737847 
Car -1 -1 0 755.671899636925 169.39209740884263 841.4079025055427 213.00279491422114 1.4250984 1.5675347 3.6819801 6.7362704 1.3119712 25.504826 2.246601 5.546203515509298 
Car -1 -1 0 846.7495698055632 164.84742325659 938.0135743897204 211.78597134372984 1.485982 1.6480484 4.0264654 9.819389 1.2325094 24.89616 2.2953024 15.360043560471604 

