Car -1 -1 0 258.65660655003063 183.52130077847426 332.64790826468 228.56991386629122 1.5774289 1.6566746 3.828029 -12.174291 2.0242724 28.219751 1.4415412 47.31048135522131 
Car -1 -1 0 979.5772135664291 157.74109138285354 1242.0 278.7173546984004 1.6559498 1.6454153 3.867159 7.846191 1.449081 10.705838 0.0033965681 111.29692266718207 
Car -1 -1 0 157.75890583405052 188.2765039321222 262.3935691333853 231.55379965565365 1.4984286 1.7042067 4.2038317 -15.7041235 2.1560798 28.635284 1.6087801 32.19522393739628 
Car -1 -1 0 503.3727645348964 177.58890391600312 559.1217386500972 220.28189243788862 1.5833554 1.6713879 3.9575613 -3.0961618 1.7882953 29.218088 1.6127661 38.96591233836262 
Car -1 -1 0 675.850312974638 176.68864144574 717.0082739680415 209.23968578087297 1.5199265 1.657768 3.459564 4.265171 1.7196212 35.837864 1.5799785 30.39811012865289 
Car -1 -1 0 356.86949306911237 182.92440844589174 401.5480206056253 207.443521698366 1.478163 1.5842884 3.8812382 -14.968204 2.1625128 47.07162 1.59818 6.51591718453451 
Car -1 -1 0 523.127877000503 174.3932107377759 568.3360184638958 209.22863981752405 1.675221 1.6757879 3.7689357 -3.2003949 1.7579205 36.81894 1.6550915 19.407933092985143 
Car -1 -1 0 542.0956915110996 175.68346033888312 579.2298156651284 202.73472139120332 1.5422262 1.6321784 3.9407437 -2.9060318 1.7211852 43.599068 1.6630057 1.9808570713435372 
Car -1 -1 0 726.8880492089562 172.2423024137811 777.7033912073667 190.06181068323107 1.4837563 1.6099037 3.9626741 12.020618 1.4328225 60.90438 -0.010107782 3.414650437335885 
Car -1 -1 0 665.7427995793709 175.7689912332905 701.2348840394103 203.9389982183574 1.4798006 1.5708851 3.6171021 4.0638027 1.6491148 40.094353 1.5618842 0.25829407572746277 

