Car -1 -1 0 734.1661885830905 180.35371903520456 919.4999639102317 305.9709229562369 1.4903284 1.6183699 3.9435766 2.9909708 1.6229331 10.77728 1.5816385 108.10105197966703 
Car -1 -1 0 667.9646490220892 173.06695010751133 731.4338946602948 224.50487298192493 1.5768117 1.6512802 3.6072052 2.911223 1.584409 23.937943 1.569692 75.70809935558388 
Car -1 -1 0 381.3759052971674 186.5248771515075 535.792411401609 251.79009724460212 1.3872089 1.5731363 3.8917794 -3.8010595 1.7602262 17.8887 0.6454082 80.44276627505369 
Car -1 -1 0 217.6568986952152 186.89252197158532 332.69228056715866 245.7496312485039 1.6978457 1.7511089 4.389096 -10.983068 2.209197 24.074533 1.5857466 35.540584052984386 
Car -1 -1 0 0.0 205.04745211731432 323.5474054779694 375.0 1.4410596 1.5524547 3.4734907 -4.193261 1.8012133 6.3880615 0.666585 90.17156547419835 
Car -1 -1 0 280.3658439781377 196.03178043771388 495.6740090760258 305.2749208423451 1.413934 1.596296 4.067501 -3.8369586 1.8661456 12.1229515 0.73373044 93.63913870133868 
Car -1 -1 0 436.7345183849205 182.75435134588818 551.2884572604713 229.18886121316112 1.3941674 1.5375599 3.5920281 -3.8484793 1.7438134 23.9085 0.53212035 11.68705548908097 
Car -1 -1 0 646.7372442596429 167.63023909600813 680.8396999757796 205.22333062581927 1.8498824 1.6534784 4.114669 2.7763638 1.5928311 37.59865 1.6168236 28.533192432485894 
Car -1 -1 0 488.38343317154767 178.14082731796154 573.2433733273197 210.74120344594598 1.4655507 1.5715021 3.7527246 -3.7621768 1.7320738 34.68046 -0.5876568 8.415473317827308 

