Car -1 -1 0 340.352351358814 185.157096835085 422.21552295102254 224.23747494348441 1.4976552 1.7041479 4.241762 -9.09645 1.589505 29.530128 1.6814895 40.56086519094527 
Car -1 -1 0 676.5135808273365 181.59096356542582 713.1931848740762 213.37461800368305 1.3966203 1.602864 4.0218267 4.312583 1.3298541 33.156662 1.6795858 27.56880446015345 
Car -1 -1 0 613.8517924890609 180.31379521822802 648.3751450179221 210.26246221942094 1.3852172 1.5768099 3.5348196 1.4686549 1.2558658 34.52461 1.6427021 33.35294292807382 
Car -1 -1 0 766.9232779105374 160.71121726280458 1013.3160985016447 255.86315932873353 1.6584451 1.6630728 4.079295 5.2919927 1.26804 13.473572 0.16186142 77.28014782449172 
Car -1 -1 0 429.9586701808789 183.26830822500534 478.25098312867345 210.17020091171779 1.4350212 1.6096303 3.9099782 -8.244979 1.4443499 39.75694 1.6539619 24.974350199740208 
Car -1 -1 0 751.6678897078215 171.0536717811837 910.0848773553101 236.72946691941956 1.6569103 1.6290674 3.7055244 5.9714456 1.3527356 18.756512 0.056339692 8.106153013582212 
Car -1 -1 0 731.654294074229 179.71997482094937 855.6828274517597 224.62932612539996 1.5145202 1.6256778 4.031962 6.6625786 1.4001818 24.908224 0.12736407 3.8151747063299646 
Car -1 -1 0 386.1527370933945 184.7336185505389 449.9450171295833 216.61142915787104 1.4401121 1.6633447 4.1404104 -8.829694 1.5237811 34.30439 1.6703746 3.185083956608183 
Car -1 -1 0 461.58221717432707 180.86992538703095 502.0660728720799 204.8964506487816 1.4795641 1.6161418 3.8391955 -7.6789646 1.3415948 45.532623 1.6690938 1.52266008213344 

