Car -1 -1 0 741.0516960364457 200.17761470245017 934.7479715500623 332.91126918861573 1.5136046 1.6284442 3.5259624 3.1778054 1.9897134 10.771141 1.5207325 101.20834819615114 
Car -1 -1 0 689.5857694004735 193.09054355300032 814.8698985136493 279.0664143254692 1.5204052 1.6310314 4.184455 2.9734418 2.0273762 15.924409 1.4891934 84.91121615796281 
Car -1 -1 0 32.439347856290894 192.56890337522057 366.80896212968184 309.40576943134937 1.4741881 1.5904828 3.8552349 -5.6569405 1.7815385 10.33111 -0.0643138 47.06892940169427 
Car -1 -1 0 510.28912186479215 181.81845498220983 544.2371775188979 203.50522167091208 1.5654205 1.5954355 3.666684 -6.388948 2.28272 55.7352 1.157999 15.287328722649601 
Car -1 -1 0 235.70376545682487 177.76331262735033 425.36738411032184 254.66929652141857 1.6325419 1.6190395 3.7106183 -6.2134595 1.7505555 16.391598 -0.07891684 34.62580191951849 
Car -1 -1 0 165.08253843513063 189.41036210439276 421.1878944644934 275.72331986723344 1.4577141 1.61555 4.116424 -5.7764626 1.7924268 13.579657 -0.09905579 35.76370761202715 
Car -1 -1 0 286.9390352256424 183.57812830087013 443.31716740908513 246.12765782194307 1.545968 1.5989976 3.621367 -6.3578625 1.8428285 19.059961 -0.06380596 11.820467712668213 
Car -1 -1 0 618.4946084178389 176.49475195198514 657.2225304318989 213.32941434606465 2.0177672 1.7895572 4.4245358 1.5993319 2.2423787 42.244156 1.4997071 26.33465703388938 
Car -1 -1 0 337.5145349081688 184.68637900064704 466.5964443394544 231.83592331951866 1.47528 1.5944828 3.8492026 -6.7979445 1.8820796 23.91524 -0.049439527 2.6780581754146797 
Car -1 -1 0 380.93129676131264 180.86494054682615 480.0605131762978 221.84555733707685 1.5902768 1.6191165 3.724144 -7.222701 1.9274555 29.378277 -0.09982471 2.802741945501247 
Car -1 -1 0 607.1441430233857 182.4631436090626 636.7282659252393 207.41772313561464 1.5769168 1.6332982 3.8742142 0.8046159 2.2578583 49.132553 1.4873258 1.8906057097733318 
Car -1 -1 0 491.63388032094844 184.92090193202648 530.454825180006 212.08796239992506 1.5047807 1.5870783 3.7801692 -5.9079447 2.2669234 43.631176 1.6408548 1.4241504175307491 
Car -1 -1 0 399.7764933882815 179.9356078383984 491.466623598051 217.1885408374206 1.6004716 1.6315064 3.8251245 -7.2887897 1.9276628 32.354805 -0.08893059 0.8834187822311391 

