Car -1 -1 0 542.7731336896492 175.30042045422505 629.3936890427591 222.53002641443746 1.4697872 1.6508803 4.3595676 -0.91828895 1.5625436 25.026497 1.2003474 53.58043778721669 
Car -1 -1 0 0.0 181.87602644110643 124.29465825145465 278.21481495786645 1.6890886 1.7066374 4.276 -12.01218 1.8964906 14.78733 0.51778305 48.37916570499451 
Car -1 -1 0 238.8281467967737 185.26423433187264 346.6456582976126 231.40324225536847 1.3781662 1.6249521 4.1276674 -10.749221 1.8415791 24.818989 1.6538081 26.985014170688522 
Car -1 -1 0 599.7012177955437 173.80264415402638 691.8529902545474 216.01512364332896 1.4688604 1.63708 4.221483 1.2813871 1.5079296 27.462309 1.1063001 38.65853097805139 
Car -1 -1 0 369.4574425746592 182.78834569182996 442.5280171626016 232.02248706172443 1.4050425 1.6552888 3.8485389 -6.5003285 1.7547586 23.399368 1.4652762 34.301338022835694 
Car -1 -1 0 458.30915355417693 188.40242089326094 531.738260376169 221.77402320108473 1.5215639 1.6230038 4.1792026 -5.829892 2.3715563 37.211754 2.0296917 20.930840650824603 
Car -1 -1 0 192.69871404481967 188.04508429979688 291.2519099547425 230.64761114538362 1.3531011 1.6284997 4.0136003 -13.302998 1.9511943 26.384022 1.549242 22.468391277481356 
Car -1 -1 0 500.3610859126442 185.73108526831092 572.2372005320312 219.34850078496368 1.4981818 1.6028291 3.9561586 -3.5777166 2.1767278 35.90046 2.0701401 8.357668449339695 
Car -1 -1 0 100.29808585397055 189.940709316393 170.17405321642033 233.29266818031584 1.4817803 1.6261526 4.0344753 -18.663397 2.2093835 28.550814 1.1660641 3.7966776688046004 
Car -1 -1 0 984.7471048540789 165.29728928628157 1028.36884464437 191.651054520103 1.5685197 1.6443142 3.9475372 24.780441 1.1187602 44.984085 2.2701197 3.4936801665797677 
Car -1 -1 0 654.9973178614774 172.55303018138588 740.7969118382249 210.92697213056184 1.4407381 1.6216072 3.8102882 3.4893394 1.4294381 29.157347 1.1139573 4.504349739786241 
Car -1 -1 0 415.5253404126661 189.27184165147517 488.411008131977 220.91754724543298 1.4942342 1.5889355 3.9023979 -8.305009 2.4139001 38.327854 2.0836422 7.0863347389437985 
Car -1 -1 0 720.2054732773723 172.32500831672579 786.4467836784496 205.51347849165228 1.4285097 1.6104763 3.9322777 6.5218425 1.4057405 33.1408 1.3776989 4.892794523440994 
Car -1 -1 0 346.6604368020549 192.4664472967962 409.9210805933907 223.0531769998362 1.5110039 1.6388918 4.1158247 -12.931811 2.6736891 40.602608 1.7530313 3.678736266958222 
Car -1 -1 0 144.0303194543033 188.91358070131724 242.7094219926416 230.14085671391024 1.3773689 1.6015018 3.8612866 -15.768436 2.0342762 27.568062 1.5511465 6.434763345046351 

