Car -1 -1 0 670.321200106563 181.35930732597606 764.0356085048327 246.32987603222836 1.4283158 1.586388 4.2318215 2.636354 1.6726902 18.578573 1.5211744 95.6377816180797 
Car -1 -1 0 749.4665980810752 175.88600723271537 997.0476841735262 329.6202606967203 1.5139853 1.6259158 3.8416104 3.0111833 1.5605204 9.128326 1.5388098 125.32411898836018 
Car -1 -1 0 0.0 205.23457775249236 130.68569350117465 263.2748722698111 1.5417922 1.7130154 4.497389 -18.276848 2.7184238 23.955666 1.5882115 45.43724266356951 
Car -1 -1 0 220.535411616597 196.83023631166074 294.33561207785186 230.1655207080015 1.464766 1.6976017 4.21666 -17.877996 2.75959 36.85441 1.5749753 33.53932895674482 
Car -1 -1 0 651.788135459842 181.8128585173926 721.3433658899204 231.24362564880505 1.4522729 1.6179068 4.442058 2.4872465 1.781924 24.284775 1.5115732 32.83630234391446 
Car -1 -1 0 122.42159838691047 201.07531468134638 225.88817056771006 243.78133750898783 1.499753 1.7209485 4.248603 -18.138405 2.7689347 30.308731 1.5901966 24.48565572279096 
Car -1 -1 0 634.1050686945808 182.28188992964385 673.2461186700389 214.79067686654406 1.4320359 1.5738833 3.6888487 2.073774 1.9101292 34.727066 1.547161 16.55209947346711 
Car -1 -1 0 612.5637123189722 182.3048466384163 636.058330507231 205.41710515192403 1.4742118 1.5462183 3.5331037 1.0057935 2.1427855 49.261665 1.5906146 10.063035226963397 
Car -1 -1 0 294.8850633591723 193.12260973411557 344.5653716647711 219.8076522000396 1.4894598 1.5860451 3.8408859 -18.05987 2.8111517 45.12483 1.5639858 4.05543288135139 

