Car -1 -1 0 414.865386535175 180.04303301358766 470.8613664581615 213.45708576946186 1.5133463 1.711782 4.097782 -8.156347 1.889143 35.644222 1.6002103 59.69448857089793 
Car -1 -1 0 701.6340692870855 181.91702397159415 810.6984218179194 254.9791828049978 1.6178155 1.684406 3.823491 3.6120868 1.8745453 18.454283 1.4729917 81.68488643895563 
Car -1 -1 0 150.24330380792867 181.03877642537626 319.9494822253622 252.85075018403455 1.4424145 1.6781423 4.304822 -8.663132 1.6619728 17.172855 1.6085467 96.7014705423408 
Car -1 -1 0 673.8613020767316 185.90492767839353 740.1000344137083 235.14300363917627 1.4701747 1.6060789 4.131884 3.2462974 1.9553775 24.737804 1.5432469 61.468381037678824 
Car -1 -1 0 265.7830501484125 180.69952535627698 378.01856330202156 237.51291278614488 1.504246 1.6425171 4.268445 -8.543264 1.76509 21.843105 1.585696 49.527928542371754 
Car -1 -1 0 667.283176980681 184.17325302867246 713.8746268790444 222.4381931429701 1.4610546 1.5525756 3.3931222 3.3429985 1.9624269 30.25821 1.5644882 16.46659582894205 
Car -1 -1 0 454.51358122826235 179.7405574122317 499.54193041898543 208.05113846905277 1.4975088 1.609668 3.8646863 -7.493797 1.9088709 41.11604 1.6415067 6.967061373941012 
Car -1 -1 0 859.171858438752 146.46972102321539 904.6581784129628 170.81156570923244 1.5685363 1.6530188 3.8991022 18.352917 -0.14364803 48.785236 1.5857537 25.577166255300572 
Car -1 -1 0 131.2706410132008 160.91916094136138 254.95025390706593 211.781135415718 1.7479596 1.60936 3.4642663 -14.769268 1.3377981 25.727343 -0.0739483 21.640596895694575 
Car -1 -1 0 653.9327611989539 184.39255175408613 697.5746513077664 218.36390295407878 1.5013565 1.5602069 3.4880495 3.1509757 2.0881932 34.901924 1.5003357 1.871993294647784 

