Car -1 -1 0 437.0390356502164 176.3084806016885 518.8964528014646 229.20967468183653 1.7249718 1.8734741 4.4907913 -4.642239 1.8611068 26.13142 1.6378825 72.40239729339032 
Car -1 -1 0 145.39550180790354 182.8041762151526 336.9400316407124 254.36227282324182 1.5541987 1.5863147 3.6199172 -8.414834 1.7953061 16.688278 -0.0013745812 54.08123222305194 
Car -1 -1 0 373.1092262908986 178.85465984030589 445.3423199759073 210.23390493580317 1.5221639 1.6236813 3.8520775 -10.440704 1.8492026 37.509502 0.65265536 13.783641004436317 
Car -1 -1 0 287.64631085709505 183.69188663796237 414.7494070374308 233.9192420338042 1.5324972 1.5819889 3.5540583 -8.340986 1.8994405 23.436476 0.11696744 16.33397856135331 
Car -1 -1 0 196.54219237483355 175.13540717871328 371.9791855217579 248.30168018096168 1.8198464 1.6547232 3.834872 -8.393816 1.8820629 18.838064 0.0061345366 51.43129799127768 
Car -1 -1 0 52.996690787622796 190.82209103428875 287.9768007664961 270.28460239784914 1.4426348 1.5681945 3.7304316 -8.59304 1.820015 14.31636 0.029054519 5.883635242162009 
Car -1 -1 0 322.72390826591817 185.52413617609662 432.73738411309085 229.47201958871565 1.5009538 1.5617952 3.4976544 -8.424974 1.9821669 26.33237 0.17390333 8.011778890630197 
Car -1 -1 0 248.78795159164414 183.37122328306657 391.9444374291382 239.28580880865312 1.542995 1.5831097 3.5573974 -8.404165 1.8641192 21.138828 0.0572401 9.980761769670599 
Car -1 -1 0 358.76883449099023 164.51070885097212 413.18871793571583 182.98920779168375 1.528773 1.6433967 4.048848 -18.75627 0.83851105 60.617542 0.050530877 7.942345014292236 

