Car -1 -1 0 706.5042382923841 202.67635699106722 838.228504592352 287.6537133984915 1.3965411 1.5759842 3.6102042 3.523462 2.1039844 15.170095 2.1368334 116.74768979996514 
Car -1 -1 0 243.02560009249692 188.61317176607093 414.49796940832783 260.8097627651674 1.4690447 1.6539761 3.8906808 -6.7235975 1.9021899 17.718061 1.9871765 88.7918023105008 
Car -1 -1 0 101.50482314310194 190.480499316505 261.8733512995399 249.76789070053604 1.3864716 1.535277 3.5979643 -11.707176 1.9226391 19.99221 1.9882882 44.59527146568454 
Car -1 -1 0 790.819640812964 198.12357569522038 885.0740012802805 265.5623846553785 1.4991394 1.5877991 3.7960608 6.282636 2.2567737 19.598694 2.1161985 64.12119839579975 
Car -1 -1 0 169.50391071712858 189.43581850895666 348.6043031163555 253.57450238492655 1.383997 1.6147647 4.2450037 -9.030905 1.8731096 19.013172 1.9624634 55.08611556957329 
Car -1 -1 0 1128.8764068785433 197.4743357555529 1242.0 248.92573219288963 1.5109172 1.6509192 4.180745 20.217518 2.3938956 24.291548 0.4070085 30.29357243060056 
Car -1 -1 0 868.5503242207186 187.20323037739956 916.6780945998553 229.2504947030881 1.7476455 1.6362867 4.124996 13.268596 2.4617133 33.700726 2.058063 25.776098138029358 
Car -1 -1 0 1050.2074085199124 197.07570884495246 1148.465866646652 228.69091416470474 1.5285778 1.636873 3.991773 25.854626 2.8558528 38.221027 0.2675819 4.473646161640189 
Car -1 -1 0 1096.556027645873 194.30868545042782 1225.3948361327493 238.44228855538935 1.5811653 1.6177542 3.804166 21.871061 2.4816785 28.792973 0.4043653 3.092890683331627 
Car -1 -1 0 57.94988012780681 191.15478533535267 225.33612440337663 247.56725900496136 1.3960915 1.5897408 3.859248 -13.64655 1.9886193 21.283154 2.0529814 2.5477593156890688 
Car -1 -1 0 1105.3492992726094 197.92019682092953 1242.0 244.6618580051889 1.5175002 1.6479555 3.9938617 20.92156 2.5016518 26.73306 0.43997592 0.3370484709739685 

