Car -1 -1 0 294.94954004549766 188.2951768858561 501.31947498875957 328.41695521518824 1.4372401 1.5986724 4.2681427 -2.6279583 1.6971593 10.008686 1.5743018 108.29227578885094 
Car -1 -1 0 120.45592925471351 176.40388273986926 234.56383468483614 222.9517505298218 1.4898975 1.6536969 3.927217 -15.029971 1.6243321 25.359686 1.5725842 69.33275705128455 
Car -1 -1 0 425.84880241790995 182.11819020333988 525.4597268304212 257.4909468728373 1.4638181 1.5748941 3.492793 -2.884712 1.6941833 16.192492 1.5746559 77.06143351902817 
Car -1 -1 0 223.5061063279486 179.58115856960387 330.15131786865396 228.0019996428517 1.4741338 1.7020781 4.329682 -11.250416 1.725118 24.745398 1.5592331 57.97402428428007 
Car -1 -1 0 1031.153838834912 194.7682790554602 1242.0 263.13041286451084 1.4993346 1.6911247 4.40336 12.868443 2.060842 17.479628 -0.07505192 99.50829199506082 
Car -1 -1 0 758.8565341732717 178.41535606256517 929.0770163527616 284.3090904507509 1.7141733 1.7938231 4.43494 4.340621 1.8405651 14.156847 1.5431683 131.69181308878998 
Car -1 -1 0 515.2275273827477 178.2702911294774 564.3565741218963 221.9849753597231 1.6212498 1.64239 3.929812 -2.758252 1.8553975 29.220331 1.5621239 35.13789868251826 
Car -1 -1 0 667.765569998785 184.45098791047351 708.5295113073543 213.3611307673158 1.4450376 1.5383794 3.5020514 4.23722 2.106451 39.33651 1.477423 21.644066302333496 
Car -1 -1 0 470.0692792447948 171.52839567372126 544.2911419762864 237.6552832746535 1.7694044 1.6449383 3.6933894 -2.9068062 1.7339342 21.155092 1.5728643 50.63625024780553 
Car -1 -1 0 365.7845391237952 179.07755335303338 407.4762141754835 202.07486056155673 1.4709696 1.5986116 3.9726758 -15.149693 1.9126735 49.219246 1.5759664 4.561787868471327 
Car -1 -1 0 734.3862170379099 183.40660557493007 773.9137711699163 211.94560368376193 1.4712383 1.5788525 3.6825867 8.052634 2.0899284 40.43912 1.6006362 12.196681666310578 
Car -1 -1 0 325.01102386715485 177.87841750126984 375.8502600498018 206.0408670320035 1.5709786 1.6341606 4.1134114 -15.392431 1.885291 43.06331 1.5491097 9.679997906900676 
Car -1 -1 0 417.6463122870748 175.92331788517242 456.6293531817262 201.4319966921923 1.6898017 1.7589412 4.174749 -11.986477 1.9130957 50.39704 1.5618447 2.1223931812905406 
Car -1 -1 0 561.8214609265888 181.28222383139007 584.8974760376273 200.46276287482598 1.5059094 1.5796735 3.6704545 -2.989564 2.2304783 60.161156 1.6159307 2.260889679711703 

