Car -1 -1 0 729.6399322511312 186.2273817232555 983.9389593762332 347.2311053148723 1.4111308 1.6067924 4.131569 2.6361117 1.6118209 8.748644 1.5536573 121.95177579699094 
Car -1 -1 0 672.9978314925226 177.7536938757083 752.918072088775 239.98062626447725 1.5325052 1.6159736 3.8009286 2.7590787 1.6811888 19.98319 1.5559491 72.85719483128034 
Car -1 -1 0 702.7376109782792 182.49609533818693 818.0977801428564 268.2005779263293 1.4500856 1.5469551 3.5357742 2.8649433 1.6658802 14.377474 1.5669079 75.55065456658787 
Car -1 -1 0 412.3650793147313 180.20926386820992 526.6863549803936 221.5042060204423 1.4575372 1.6038073 4.0311537 -5.376813 1.7600324 27.888758 -0.58817637 71.66604658738484 
Car -1 -1 0 655.2061342829405 177.11330418174495 698.452317469025 214.23030284103453 1.5346432 1.5458661 3.354544 2.9252152 1.7329919 31.910755 1.5538949 30.145994838371987 
Car -1 -1 0 0.0 184.38109130251914 350.3733045947943 323.4117582325215 1.5026407 1.6084511 3.879724 -5.552413 1.6797273 9.567354 -0.41450626 57.186872471515215 
Car -1 -1 0 137.6883447435099 181.79069930681482 411.6587112957458 286.7266456623706 1.5410117 1.6380359 3.9907415 -5.521484 1.711934 12.323739 -0.36436632 45.367835335241345 
Car -1 -1 0 458.04135132628795 178.83953959065252 543.9348673765672 213.66137319043338 1.5202622 1.5767589 3.6357546 -5.049392 1.8127131 33.652817 -0.53172326 26.58270799291536 
Car -1 -1 0 640.938792074726 172.49484953491407 673.4505756119936 203.4149499283442 1.755704 1.7156157 4.3880053 2.800757 1.7353106 43.176086 1.5847487 5.315984458921172 
Car -1 -1 0 479.9513299078806 174.76315728431882 555.0100887676863 206.12921406077973 1.6254603 1.6293762 3.7155938 -4.9972687 1.7339115 39.29283 -0.5756998 10.851693878576105 

