Car -1 -1 0 18.007040537767153 194.29940135977867 333.0473130654648 344.2709561084953 1.4824252 1.646881 4.2662477 -5.5031605 1.8412465 9.91147 1.606548 117.60516769138395 
Car -1 -1 0 784.6907506026873 182.9048797958128 1113.6455874219232 286.52619037540825 1.4597738 1.6657498 4.3683715 5.129231 1.6293924 11.259645 -0.038824968 170.3015808525521 
Car -1 -1 0 748.9098284968659 180.39674713348973 992.6425481002335 264.296002222438 1.4866989 1.6122863 4.1003 4.9028573 1.6412311 13.866462 -0.054221142 34.04227791478211 
Car -1 -1 0 696.4806400018844 174.79373325590996 872.3452921745545 243.99969289388324 1.7283865 1.701613 4.2040925 4.552647 1.7825696 19.116617 -0.091017395 40.668092736779 
Car -1 -1 0 722.2506259019092 180.64500349179124 909.6885088930061 251.48040391643377 1.4937534 1.5876967 3.7641656 4.5853634 1.6799933 16.332464 -0.065603815 26.608570355392267 
Car -1 -1 0 681.7813161914644 179.42077564313158 790.5105787756931 220.99514026799037 1.5052798 1.591157 3.807746 4.7156143 1.7604004 27.208366 -0.014734991 25.600511050997284 
Car -1 -1 0 495.07406977127584 183.97568949478827 527.5070167968378 210.89748536320363 1.4798961 1.5669229 3.6320772 -5.818976 2.1715734 43.03003 1.5339321 3.8794023619614943 
Car -1 -1 0 656.065591354919 176.81602614126453 746.3343690151372 209.42245461380094 1.5177321 1.6340061 4.049148 4.4053864 1.7156179 34.944393 -0.14092472 6.2582746338214585 
Car -1 -1 0 625.5300039890533 176.340301641617 666.1245175199819 192.26859961119536 1.5384836 1.5974824 3.7449071 3.6147473 1.8948321 72.086075 0.5547185 7.704647970214924 
Car -1 -1 0 509.2122434538235 184.16122286504344 538.3988223326626 208.85851223556915 1.5168593 1.6130359 3.9567897 -5.6829395 2.3029761 48.15795 1.5352088 0.9489880465017265 

