Car -1 -1 0 766.2242340323135 180.71571471616127 898.134668211498 268.58651264833287 1.4973807 1.5912733 3.2520673 4.2369423 1.6699805 14.213831 1.5693833 76.81153510168708 
Car -1 -1 0 136.5272028820995 179.29128838124615 457.12588131655133 375.0 1.6657705 1.6980543 3.9074814 -2.9562569 1.7530718 7.8108287 1.5960188 112.84870606513793 
Car -1 -1 0 729.4409644223674 181.44816024696928 821.6698048131605 244.04091443722345 1.4227039 1.5399048 3.4515343 4.1727753 1.6651025 18.614094 1.5560749 67.15680323962762 
Car -1 -1 0 226.2523082068272 178.57682176798167 311.46455301115435 214.24666746740078 1.44414 1.6064422 4.363731 -15.04469 1.7165062 32.130756 1.6068709 20.886984242178375 
Car -1 -1 0 133.78095144449975 183.1364462320689 238.76742582022578 228.40572085174057 1.4317741 1.5646117 3.7141082 -14.842943 1.82221 25.532753 1.5607235 39.90043799522967 
Car -1 -1 0 703.1754538857814 177.41237362885644 775.7357107319192 227.65844745599725 1.522209 1.5966638 3.5540583 4.2350283 1.685368 24.007599 1.5152855 19.624013474211964 
Car -1 -1 0 514.6588729342781 179.67041663550052 563.2195293917079 218.88121845260446 1.4041066 1.5760043 3.6279275 -2.7076726 1.6885629 28.290506 1.5630147 13.241554096010715 
Car -1 -1 0 393.63858167115404 167.91580545825025 517.1565239460488 263.76271004468964 1.7627134 1.6467588 4.0296044 -3.1007292 1.6718954 15.309151 1.6018598 99.56453047941683 
Car -1 -1 0 668.8233949150828 171.3087067158142 698.1717733677211 198.19463091416972 1.6232696 1.6939867 3.888976 4.710335 1.5299704 45.608147 1.7122028 15.605520231965627 
Car -1 -1 0 373.361614202869 176.97703175115632 415.8220885744128 200.50953502062316 1.4905629 1.5755832 3.8492894 -14.345877 1.7779384 48.33899 1.6075064 7.693287145163534 
Car -1 -1 0 337.95608390521164 177.39391070438566 386.3110693464527 203.87155804088655 1.4917219 1.5441203 3.5028024 -14.705017 1.7738311 43.049774 1.6188896 14.672585243188253 
Car -1 -1 0 530.8211711483711 174.9526530186992 575.201237300234 209.36261437706887 1.5597618 1.6399095 3.732355 -2.6755676 1.6666899 34.851315 1.6303879 8.98668681928599 
Car -1 -1 0 686.253992751143 176.77731841007719 742.6718620814952 214.75778111749747 1.4219539 1.6239433 4.2356586 4.2193947 1.5944254 29.58678 1.5522814 13.008039835441254 
Car -1 -1 0 295.540897762217 177.2613451879296 357.67778410135924 207.51482737796726 1.478659 1.6006341 3.9429095 -14.75744 1.7220331 37.84558 1.6052462 4.868478535372236 
Car -1 -1 0 793.9309925935936 173.90225988133506 879.094760267819 202.81981314151247 1.5415547 1.6297776 4.1299586 12.338793 1.5999911 39.374382 -0.016416574 5.43079777008174 
Car -1 -1 0 470.0306390273132 166.71408862530447 554.9445707970866 232.56015986162578 1.8284554 1.7308679 4.507469 -2.8773925 1.6579584 22.344707 1.6405762 12.59788591575286 
Car -1 -1 0 757.6031113749632 173.15788612248534 795.8864896957375 196.0391675505802 1.528405 1.6768883 3.8457825 11.579898 1.5503639 50.193832 1.5429679 1.2266029292725142 
Car -1 -1 0 548.9699575072466 175.47025556533072 580.6678372572537 203.28626403824765 1.5134883 1.6230859 3.9926128 -2.5380168 1.6717463 41.641277 1.5602082 0.2527206838130951 

