Car -1 -1 0 701.6454555370543 168.9933878750031 901.4083095646939 237.71453869325092 1.5256386 1.7015725 4.4076567 4.4745827 1.4399313 17.268372 0.1891223 155.2692657276986 
Car -1 -1 0 589.6706719413442 168.01427089687547 685.5068848902439 210.54002698955142 1.4599755 1.6005137 3.6876063 1.095396 1.2938199 26.692665 2.2786946 77.55507424634581 
Car -1 -1 0 933.3888080288718 166.45465246921668 1157.1547025322845 235.53582778029042 1.5075705 1.6472677 4.14276 9.951929 1.3679163 16.73398 0.08060226 139.91841682456027 
Car -1 -1 0 664.0892205685562 166.8621453295549 759.2798478894794 209.5330750224527 1.4383525 1.6008894 3.9053788 3.790455 1.2363788 26.328178 2.2747793 69.70293831722611 
Car -1 -1 0 254.93712689106886 175.29044976683087 370.413270825449 221.0948363819609 1.50762 1.550415 3.420129 -10.247509 1.5957484 24.983133 0.21058318 50.181720522504456 
Car -1 -1 0 1105.2705051705689 158.55241587715122 1163.826654433329 204.85153768735503 1.5017964 1.5663345 3.5519829 18.400326 1.0378983 25.299042 2.205101 9.35820034377744 
Car -1 -1 0 836.6639971810815 161.16116330514708 927.5430410110699 207.434264543343 1.4855998 1.6625173 4.111148 9.606495 1.1102006 25.263733 2.2835696 13.011559621015683 
Car -1 -1 0 742.3670500307106 166.67835551455948 832.3279237514536 210.00932921845742 1.4195521 1.5933157 3.7816799 6.36576 1.2172337 25.598251 2.2695272 7.8722785698643385 
Car -1 -1 0 932.7559642766788 160.7814033244108 1019.3250965284655 203.51209586406358 1.4222844 1.586078 3.8640757 13.213965 1.0204498 25.925713 -0.7642325 20.30958880401823 

