Car -1 -1 0 0.0 193.96278500166463 161.38890814952595 336.26628181864055 1.4587109 1.6393483 4.417787 -7.859145 1.8332705 10.448927 1.1758549 75.97486114436458 
Car -1 -1 0 1025.0415353449807 153.35319888038674 1234.625344190435 239.6539192371862 1.4781544 1.6977882 4.3956614 10.241257 1.1441456 14.668224 1.7407877 81.5594060138011 
Car -1 -1 0 599.4445618412719 176.28459911644367 725.962589086581 235.1844327469865 1.3946173 1.6498702 3.894477 1.5282155 1.4966915 19.397198 2.1742013 74.44789093333594 
Car -1 -1 0 763.605427728523 172.9019848712941 848.6664766093342 243.82342262816667 1.37536 1.6147976 4.3177176 4.5462036 1.376597 16.299114 1.8927765 51.118929196102954 
Car -1 -1 0 205.43531546981419 181.26858686316885 289.09988636268747 244.68930963506648 1.7004585 1.8001487 4.4133706 -11.276691 1.9878161 22.303381 0.9865107 81.98665099897853 
Car -1 -1 0 553.6263710212843 180.4810213705413 669.6077854588979 230.52183660599005 1.340908 1.6114964 3.9135504 0.155548 1.595675 22.033354 2.1744628 35.28307257908535 
Car -1 -1 0 867.3523681270003 177.17046958067283 968.4268399799365 222.17549875832407 1.5871521 1.6710545 4.204295 11.8915205 1.7645482 27.733738 -0.63505936 35.97385123799674 
Car -1 -1 0 447.21917915408073 181.24718785645368 523.3512164245963 220.19840139822165 1.4140812 1.5986761 3.903806 -4.936247 1.7778039 29.18113 1.8143396 15.275568224105013 
Car -1 -1 0 514.8870714111531 181.25854877177093 624.8524610576733 226.8412594235714 1.3640873 1.6035008 3.959859 -1.2564821 1.6729612 24.438084 2.1872551 17.16888467625914 
Car -1 -1 0 472.54987231346774 181.64732222159972 564.3502423727435 224.50717616134617 1.4008932 1.5953847 4.164892 -3.2695804 1.7538117 26.72881 1.9372846 13.35538223589073 
Car -1 -1 0 818.6116550035708 183.09550981304454 911.8794283111804 221.21489689946313 1.4530996 1.6027164 3.8935537 10.703762 1.9052477 30.140451 -0.56111884 25.751771770617456 
Car -1 -1 0 365.53610793132606 181.57212553348305 445.860152368582 211.4658304604315 1.4994516 1.5992897 3.8664596 -10.983802 1.9913051 38.95935 -0.59681684 8.186021182339921 
Car -1 -1 0 736.7069210248939 182.0556408846162 827.809043410538 216.82324199230933 1.5071609 1.6594619 4.155178 8.145365 1.9624202 33.95108 -0.51661515 7.428111546133905 
Car -1 -1 0 989.4964549630545 169.69366500304147 1105.634576600091 221.49138147595517 1.5696807 1.664472 3.994309 14.382626 1.4739096 23.64304 -0.5692979 4.757067608247893 
Car -1 -1 0 707.7364445301353 183.04320650525733 792.2856731777437 215.40268040285153 1.4867092 1.6262451 3.9387155 6.971503 2.01451 35.76879 -0.4628318 2.0336995901834403 
Car -1 -1 0 935.0450242901454 175.09669293986127 1031.9105091636993 220.3969456733155 1.4879186 1.6171227 3.8340993 13.354061 1.5734469 25.698198 -0.6645085 3.1430386970211157 

