Car -1 -1 0 785.8696581969172 177.229092491289 898.3487114147756 246.56273511444593 1.4515525 1.5859838 3.812274 5.419681 1.5680743 17.283337 1.6067281 71.53714170840264 
Car -1 -1 0 331.8044609286729 188.20494458350427 424.94598787358933 218.58840562675826 1.430589 1.6686727 4.401417 -11.9832945 2.2640703 37.447765 -0.46225625 52.053682666837744 
Car -1 -1 0 197.8912357744844 189.87029332429108 300.2788401407621 225.1919185206403 1.423829 1.6580338 3.9330628 -16.511435 2.257117 33.225323 2.1252081 47.22833599217063 
Car -1 -1 0 56.479844024401146 190.41238688050385 202.57110614689125 236.10308773763637 1.5225241 1.7456126 4.5361013 -18.67782 2.2710187 28.332932 2.000777 60.19400751847957 
Car -1 -1 0 518.0754329622373 178.02009413321292 591.2353321772242 208.568705401842 1.5617344 1.6170413 3.6968722 -2.9872465 1.8533584 39.086807 0.539929 64.53909520450608 
Car -1 -1 0 631.1209100415946 175.78048173835145 660.8733871787787 197.3972849673031 1.4771142 1.7004097 3.9806046 2.580865 1.6958675 51.895416 1.5085837 6.534548050622724 
Car -1 -1 0 446.3974743721148 182.75870906194527 486.32212961227754 205.65888886584406 1.46454 1.7241793 4.2127867 -9.897724 2.1826072 50.1579 1.6274629 15.98343578575703 
Car -1 -1 0 259.8385417012863 186.17264226163564 349.19969492099193 219.45188725411919 1.6074297 1.6602058 4.073174 -16.154873 2.3498418 38.302982 -0.67173755 8.698701651997526 
Car -1 -1 0 0.0 186.5606579875336 113.68087323133635 230.75919912419516 1.6171685 1.6229541 3.7329633 -22.85339 2.219982 29.69771 1.9841719 2.4291258699159695 

