Car -1 -1 0 202.9888686948485 193.3403605624412 384.43892108623 299.2108713553281 1.4342182 1.5986924 3.597207 -5.1548023 1.8350797 12.298695 1.5434217 90.99412489138598 
Car -1 -1 0 307.34246395474383 186.8671184529645 418.1575126026407 259.913235496615 1.4476581 1.6073592 3.9540691 -5.7015285 1.8199644 17.126896 1.4776382 50.0949142779312 
Car -1 -1 0 402.7599394712435 183.89529177599613 483.908265645515 237.25533486361553 1.4948347 1.6096307 3.9916234 -5.199844 1.8783816 23.054693 1.5884879 47.87876140073993 
Car -1 -1 0 0.0 185.88288303219366 128.38840212468935 281.1924084548607 1.4602005 1.5888133 3.7537892 -10.560738 1.7299995 13.2316475 0.5948963 66.76044252381519 
Car -1 -1 0 127.09030292765874 180.91845999712802 259.3870430274723 246.21262611250958 1.4620048 1.5482962 3.4177775 -10.502802 1.6827735 18.151913 0.5966346 50.39656016489623 
Car -1 -1 0 38.94670001503415 183.03469128594057 209.68970794950928 260.5462533776079 1.4655856 1.5862244 3.8599646 -10.624609 1.7112496 15.745633 0.53427005 55.27780667922625 
Car -1 -1 0 338.63719830580624 178.87619407923935 424.2609378678925 211.83325530904148 1.3963418 1.5642829 3.7070382 -10.454504 1.6909815 33.301582 2.0777678 10.606681914377889 
Car -1 -1 0 173.20772342652643 178.70520884979817 302.4828147261216 236.16821340198263 1.4871857 1.5928327 3.7665744 -10.686573 1.6685183 20.687794 0.5582779 18.433403855597962 
Car -1 -1 0 229.02721754112713 177.3045768938782 338.73940759112674 229.1680474407008 1.5440993 1.6011469 3.747951 -10.652138 1.6999633 23.525127 0.6233187 2.0532394828455427 
Car -1 -1 0 432.3306617653901 181.50806658847281 496.4264689201 224.09760812550567 1.4809754 1.6452136 4.159119 -5.544985 1.8419671 28.0169 1.5725561 0.42679792642593384 
Car -1 -1 0 365.2272837149615 169.75042636161638 429.4077284229872 201.6908209891914 1.6881509 1.6276028 3.6600902 -11.767476 1.524117 39.92463 0.68614835 1.3803141419557807 

