Car -1 -1 0 496.55277549520315 179.1637919092575 552.1348816394581 228.6087778124602 1.6423994 1.6364336 3.8391895 -3.0425797 1.8900932 26.392262 1.5552908 69.18921747387333 
Car -1 -1 0 700.346376809103 180.2610990352122 845.3675515286494 234.98891066918276 1.5542412 1.6186727 3.998511 4.800415 1.784889 21.597353 0.030760193 39.721810087495484 
Car -1 -1 0 715.0361090566877 163.67875539800832 971.5723325550757 265.829423857992 1.7699859 1.7004433 4.22583 4.231745 1.6110045 13.4657955 -0.054260112 123.37747376187659 
Car -1 -1 0 69.36351345811777 174.26549024478376 429.8616298328608 375.0 1.7700675 1.7245812 4.350214 -3.2656567 1.7893116 7.64442 1.5494466 117.15934529605549 
Car -1 -1 0 533.5766745171362 174.4613664969006 575.3363119932867 211.92920953185998 1.8016808 1.6470319 4.190123 -2.766673 1.8888644 37.00744 1.6142788 18.92235042410328 
Car -1 -1 0 242.87909190051073 196.55694032459414 376.5602474090537 278.6644442631702 1.4855785 1.6414629 4.4664764 -6.7226286 2.1096334 16.691341 1.4684143 21.688556864183454 
Car -1 -1 0 554.9551448424464 179.01190393318205 584.2066515604671 204.35093700225983 1.517369 1.5835311 3.723763 -2.511235 1.9259634 45.99822 1.5915129 3.030467047237678 
Car -1 -1 0 566.9687865256411 178.75187687420214 604.9547521376779 199.25604471649518 1.5125992 1.6038892 3.8106623 -1.8081746 1.991187 56.483322 1.9418545 2.609176109713118 
Car -1 -1 0 679.1906116396437 165.26431021708635 808.7955438160484 225.90715787626385 1.9683814 1.6953907 4.0243573 4.4659386 1.7220306 24.342024 -0.037190527 29.76065339267953 

