Car -1 -1 0 0.024803206768410458 188.31381401216342 169.11188423097383 252.0201335067629 1.4973294 1.6837451 4.0864177 -14.319059 1.969987 20.00735 1.5819247 100.31578484088604 
Car -1 -1 0 676.497363427648 179.8167569006666 762.6487628052994 242.32290535464867 1.4127431 1.587544 3.8931246 2.7359624 1.6121045 18.701786 1.5565325 94.80350686267397 
Car -1 -1 0 712.5173674651588 186.55830281385013 868.6320945529208 296.81032348525554 1.3774987 1.5623083 3.8238735 2.6560314 1.6308655 11.416492 1.5857222 70.01372586535312 
Car -1 -1 0 752.9239739931143 193.49226679623197 1126.0367716092428 375.0 1.3729664 1.5860734 4.057561 2.5470734 1.6232278 6.7135077 1.5616828 102.66758466914712 
Car -1 -1 0 575.3144824956884 171.45832816296434 636.2278465603431 228.3958807546953 1.6341214 1.7491455 3.9142888 -0.13216886 1.5940652 22.675959 1.5586143 50.9688878544747 
Car -1 -1 0 205.9024424005076 185.9469254986449 294.224366332103 226.12253718077685 1.4328544 1.7006397 4.0584154 -14.395838 1.9992665 29.147522 1.5238485 36.905754558766596 
Car -1 -1 0 360.97949976773276 177.23538211711747 405.66361375331235 204.38722041644468 1.6046007 1.5817919 3.6471233 -14.077189 1.8894787 45.074623 1.5919621 32.37253431476787 
Car -1 -1 0 642.4002747532116 173.19405591948853 683.2012673658982 210.7917622469294 1.599672 1.666608 3.8851895 2.357317 1.6160089 32.69963 1.5983043 37.71832663741203 
Car -1 -1 0 628.8996959756298 174.60593400436161 660.5348956578043 200.06805018907787 1.6200008 1.6688251 4.157918 2.3103957 1.742502 48.326084 1.5092015 6.026674592429773 
Car -1 -1 0 667.2796483427558 178.2493406242742 731.7501493001683 228.46166575470002 1.4742777 1.5912614 3.5368476 2.8325355 1.6621888 23.34888 1.5545247 13.459548360189295 
Car -1 -1 0 313.43052634212603 181.53674860869654 373.76751183049146 210.9322218123573 1.4717638 1.6167516 4.0572844 -14.446733 1.9710137 39.41808 1.6253101 2.462325236449617 
Car -1 -1 0 680.262524401559 162.9170796424274 712.1064613352917 185.2647418583384 1.6453109 1.6195679 3.2808423 6.5527606 0.9137207 54.85874 1.4319977 0.6107840416610639 
Car -1 -1 0 406.2783881989981 177.44548169990372 437.93018161986953 198.5565580110849 1.5192794 1.6337795 4.131213 -14.235198 1.8826011 54.972256 1.4931737 0.31960329413414 

