Car -1 -1 0 751.1437344156657 162.24595410036008 860.7369475343604 199.74395681888032 1.5358086 1.6573384 4.1674433 8.207739 1.1013339 30.390633 0.0047498085 86.48258173939541 
Car -1 -1 0 868.8664988671184 154.73936667547108 990.3603110460161 193.7509169475084 1.578516 1.6950504 4.3140817 13.268393 0.8455473 30.068565 -0.011902665 110.42272286840691 
Car -1 -1 0 620.0030360024192 165.80391061498554 727.5249539395243 205.65444405772172 1.6252265 1.7116883 4.402382 2.7109265 1.3377022 30.506979 0.10435003 73.64195110488971 
Car -1 -1 0 1107.0209804509875 146.13068420722277 1242.0 185.05441948702097 1.5321699 1.7198708 4.5364428 23.064632 0.48024964 29.343685 -0.03622467 67.67402835426293 
Car -1 -1 0 994.4984094779413 153.0283689051356 1120.2159377181072 191.76572870276638 1.5422214 1.6546786 4.1005325 18.32883 0.7529183 29.665108 0.05513593 25.877166449593503 
Car -1 -1 0 550.2020322734415 167.30430966745388 616.8767298195245 196.437508441147 1.5187819 1.6266294 3.7413523 -1.3828266 1.2294633 39.58947 2.235624 43.58267536171386 
Car -1 -1 0 599.0880516977315 165.4468492930647 667.677830620624 194.50161294287616 1.5045294 1.6690911 4.3401117 1.3700658 1.1209681 39.620262 2.180003 22.13296864345379 
Car -1 -1 0 317.5169782928714 177.3726878362169 398.58097866114286 210.35856023349936 1.6309853 1.5826247 3.572276 -12.796763 1.8672099 36.821342 0.06099012 15.60131474236917 
Car -1 -1 0 712.3316279797137 160.1085643355954 770.3510687653305 190.07973304318165 1.5279347 1.6154578 4.156423 7.1697674 0.87817025 38.96822 2.1439567 6.603968303736982 
Car -1 -1 0 870.4317616644837 156.0825940944318 923.5645888629383 183.75149621842442 1.4503344 1.6465164 3.8480065 15.903935 0.5712192 39.832756 2.2545497 0.30278798937797546 

