Car -1 -1 0 640.6541847307448 162.59910742837388 725.0594478002884 237.81626145820954 1.6662345 1.683171 4.0333014 1.7110751 1.4390647 18.003235 1.5673966 82.1111111581634 
Car -1 -1 0 599.4831487923973 178.1955001117423 645.1345897872817 201.10686585207407 1.5404558 1.659436 4.3940363 0.86404455 1.9424448 51.954285 1.1745354 16.573957323291605 
Car -1 -1 0 420.2064497289851 177.9513975477067 457.80835398408595 200.9689225721939 1.5462637 1.6212957 3.6057348 -12.157675 1.9226204 51.30765 1.0428342 9.81590569237384 
Car -1 -1 0 381.85260129023555 177.55485164477346 418.23270608572847 199.5979898239075 1.4749808 1.6224055 3.5862203 -14.857943 1.8204477 51.07035 1.0337523 12.965223213887704 
Car -1 -1 0 983.9007660345557 184.87314250820694 1050.45279447511 230.82202664953365 1.4913049 1.6006975 4.078556 15.013537 1.97347 26.75482 1.9464852 4.467026950918789 
Car -1 -1 0 34.327757790614015 189.61484623058846 99.61352577768297 231.07209028201152 1.3797973 1.6095947 3.7482862 -20.717018 2.069549 27.671255 1.0331314 2.199013782218732 
Car -1 -1 0 481.77710159173563 176.7016583052258 518.5880611187657 201.5520464934253 1.4493735 1.6117657 3.767143 -6.709794 1.6972345 44.57655 1.5969442 2.130461386264813 
Car -1 -1 0 325.4076204627554 176.69949640028167 353.4079258747038 199.43051715635968 1.5300735 1.6298759 3.6562073 -19.14101 1.8136696 51.22592 1.2769114 2.58910192701641 
Car -1 -1 0 237.5154380283273 183.15081136741992 329.2725751624625 224.85143066897479 1.4432049 1.5698961 3.7106614 -12.485094 1.861097 27.554344 0.6316204 1.8045772680638812 
Car -1 -1 0 498.9703513933588 178.5337270590571 584.3857653891426 208.49498122448807 1.4615765 1.6690091 4.2140436 -3.4219258 1.7574669 36.584206 -0.08233915 0.28101426362991333 

