Car -1 -1 0 1002.1499856919958 153.93692019787326 1099.5989023719703 234.14903902156385 1.6190481 1.6909366 3.9965978 10.0837 1.2372147 16.725182 2.059866 52.32856854933591 
Car -1 -1 0 879.7528161102092 146.66116231985296 969.0922806113887 222.85939738856703 1.7386217 1.7732302 4.366006 8.299025 1.1409774 18.805363 2.0664573 83.02067989586561 
Car -1 -1 0 590.9138582405469 151.05123168509428 651.2028992606708 185.3334932433159 1.5744996 1.60297 3.5452533 0.6115879 0.5731521 35.083466 2.0152125 59.49125008348657 
Car -1 -1 0 631.0083915556597 146.5663135987616 686.6944917370631 177.4220992700032 1.5669799 1.6653557 3.9773922 2.706345 0.2319861 38.79678 2.0078192 28.99497206910001 
Car -1 -1 0 355.91219596110284 161.69206360280813 460.64370996517596 200.88777498663606 1.4456168 1.6008446 3.9091754 -7.888216 1.033942 28.226196 0.48137373 34.27156061534232 
Car -1 -1 0 202.5445367285822 167.03763277416817 361.4585445245208 239.36789425503844 1.7328129 1.6065471 3.5993176 -8.60952 1.5934703 19.2466 2.091591 65.26145116420528 
Car -1 -1 0 679.1985136944503 146.9448076834695 727.7820636895693 171.65769310376493 1.4572515 1.6188836 4.209984 5.9080095 -0.078323156 45.001633 2.0622041 4.68122509814217 
Car -1 -1 0 469.825846987035 151.96825313386316 557.771160809372 189.93600245905347 1.6491041 1.6650083 3.7639637 -4.3961034 0.7419453 33.013397 0.5334898 11.47826693240131 
Car -1 -1 0 407.22512155015136 145.4498715463917 514.7677276746657 195.0301839681301 1.9793 1.7668256 4.4907713 -6.3584795 0.88529724 30.730217 0.54922974 22.39259907580077 
Car -1 -1 0 984.6659674449123 130.54265869238242 1014.7021579521262 155.2621578052913 1.4933894 1.6119804 3.8075306 26.231054 -1.2351108 48.593952 2.0220509 0.9965633292703329 
Car -1 -1 0 996.2817309300643 148.60601323625755 1053.702085162273 193.14569385434604 1.4402653 1.6150647 3.7813976 14.531863 0.65616584 25.381042 2.057117 2.2022855277089755 

