Car -1 -1 0 110.0499679811402 182.1964013594596 422.2315740806314 375.0 1.490693 1.5829401 3.4116106 -3.0747485 1.6068509 7.2448397 1.5440829 85.06536053697084 
Car -1 -1 0 782.8812511114279 195.85890951031524 991.8742151788753 313.86821549526917 1.3712995 1.534338 3.4216273 3.9496744 1.7746439 10.865576 1.460041 120.38695102201692 
Car -1 -1 0 507.7797483124204 179.0768737941766 551.0798339512685 215.98098817949554 1.4897027 1.6115799 3.9079232 -3.4694796 1.7808583 31.77701 1.5339897 36.20639902103481 
Car -1 -1 0 740.7596268248493 191.31189610130818 866.537243479383 272.253241250798 1.4029868 1.5898057 3.5827522 3.9200957 1.8368212 15.146244 1.5429904 65.85980059044984 
Car -1 -1 0 0.0 173.88735041258886 143.58884608018954 231.4517925287572 1.477454 1.5989695 3.889413 -15.302989 1.5096786 20.545122 1.5566089 52.62122858077455 
Car -1 -1 0 199.15142046781577 174.92841319681844 278.18620686934383 213.3626823538036 1.513269 1.5958778 3.4782023 -15.506987 1.605587 30.354706 1.5489676 31.41366529064597 
Car -1 -1 0 537.5098332304416 177.13408443559982 575.1056720421474 205.6698956841644 1.6082972 1.6475272 3.660112 -3.1382308 1.8754547 43.136986 1.6666942 14.40175380113163 
Car -1 -1 0 666.6744412231474 184.46917587436357 705.8011989149146 214.60631820191892 1.4337239 1.6383104 4.068527 3.975977 2.0771604 37.933327 1.5743032 30.5456690943896 
Car -1 -1 0 714.2042965094056 185.59368979040033 801.3518344094713 246.3069772300352 1.4685969 1.6338674 3.925381 4.039482 1.8606524 20.241137 1.5695398 11.9747325036759 

