Car -1 -1 0 208.05699113576694 182.69831274545422 305.2516343843876 234.29333585351296 1.5842175 1.6814896 3.830956 -12.03228 1.9503831 24.871592 1.5051886 73.3846770359188 
Car -1 -1 0 495.6179205677428 175.32605778331578 555.0311312114809 221.903781015394 1.6044068 1.688378 4.1637745 -3.0869327 1.7046764 27.171394 1.5867208 41.38146236865399 
Car -1 -1 0 682.3268119077019 173.79717853068607 728.3675313226832 206.22814460968033 1.427404 1.5422933 3.5365224 4.413287 1.4737556 33.660744 1.529425 12.38472354738153 
Car -1 -1 0 121.23076661204384 186.15863671488373 229.87265896302455 232.83751840331095 1.5007392 1.6442254 4.070719 -15.746692 2.0262663 26.437122 1.5352389 34.98490858282683 
Car -1 -1 0 521.0473559302977 170.31607596362116 565.1211271197981 207.8437913626107 1.7007201 1.668757 3.9145517 -3.135528 1.5857036 34.67593 1.5945387 19.02790630464463 
Car -1 -1 0 345.36632055849594 180.9304062198826 393.91797905159365 206.26049141303238 1.4615119 1.5959667 4.0032196 -14.878194 1.9872502 44.94551 1.5991516 10.972813981394253 
Car -1 -1 0 734.246931172885 168.31661563997991 787.701837267469 187.3648130198149 1.5247933 1.6273583 3.9864588 12.2705 1.1615789 58.609562 -0.01881377 12.293773527219546 
Car -1 -1 0 536.8069475806745 169.63486474880273 574.8271106252007 201.00006118249075 1.7094703 1.695283 4.326628 -3.0366178 1.5340203 41.52157 1.61177 2.8926405080709476 
Car -1 -1 0 664.5060484400495 170.65861383117362 696.9490611356684 196.7518213729702 1.4973425 1.5506188 3.3843696 4.2143655 1.3713614 43.109947 1.554018 3.6633309184932905 
Car -1 -1 0 176.603303981494 165.22602689613356 234.19662418316946 193.64699525505947 1.7232805 1.614264 3.687613 -25.470875 1.2607648 45.60482 1.5566854 0.5172445032446777 

