Car -1 -1 0 478.22144099352585 184.77384348821093 614.7122844143917 244.3893377792152 1.4555756 1.6651601 3.97148 -1.691958 1.8296008 20.547432 2.2043734 100.31241303007309 
Car -1 -1 0 371.69070010207895 185.32007566209475 488.7619868265494 233.0991148842779 1.3959485 1.533761 3.5726795 -5.874114 1.841847 23.933952 2.2441072 46.075679254092314 
Car -1 -1 0 0.0 188.43597571842196 95.76507781168604 290.62743294887946 1.5877643 1.5474561 2.568582 -10.360938 1.9040956 13.156721 0.92487526 48.00135811348204 
Car -1 -1 0 234.06219741533823 182.2871667769658 339.11417358348797 221.51017602351794 1.4765599 1.602939 3.6747375 -13.378544 1.8948662 30.047802 2.219749 38.46497132691253 
Car -1 -1 0 420.4242794447443 184.99356024914601 559.6588753720876 238.7269065928412 1.423743 1.6349006 4.2934093 -3.5796685 1.8362403 22.315395 2.2230978 47.025055493083556 
Car -1 -1 0 886.9194409371895 200.07707459749182 1031.286865448256 281.1634230197695 1.4058878 1.5582747 3.634924 7.5836344 2.059393 15.52011 -0.7399346 88.05844260659723 
Car -1 -1 0 982.2695156439461 197.30155989171155 1097.8117328632643 264.7608209743352 1.4944589 1.5848927 3.689413 11.45612 2.203742 19.1173 -0.72480094 49.12727412166589 
Car -1 -1 0 0.0 189.61985659206331 83.4633724187842 263.6555223672733 1.4090074 1.5559967 3.6040697 -13.023994 1.8369043 16.505829 0.9289942 4.78477834588437 
Car -1 -1 0 205.53382686335158 182.5536316140045 308.37041830423345 219.15490013263855 1.4502473 1.5865754 3.711041 -15.338936 1.8995359 31.51175 2.3034017 16.52290846384296 
Car -1 -1 0 1079.8501652852042 187.17794288506403 1140.322593288852 232.22300712184025 1.7276363 1.6406926 3.9988487 21.544827 2.3834624 31.001553 2.3045201 10.593156278879759 

