Car -1 -1 0 418.0747453014767 186.13421808350162 495.8780634251323 249.626238676735 1.4498051 1.6150584 4.0108824 -3.9945338 1.8453926 19.418373 1.4731777 87.6409875921038 
Car -1 -1 0 474.1133848944139 185.3315995630166 518.4800745894773 221.66139842226644 1.404986 1.58008 4.089198 -4.8710747 1.9849788 31.44186 1.4971522 26.324150978861887 
Car -1 -1 0 928.7314197126609 199.32324821296493 1242.0 359.87450728579944 1.5145159 1.562927 3.5759854 5.6966996 1.8461871 8.081949 -0.10186685 41.9374043348371 
Car -1 -1 0 789.3318210990526 188.78599323532953 1010.6087948736708 283.3055988668084 1.5954583 1.5945383 3.5008287 5.3387833 1.9151154 13.493769 -0.10906206 36.58009289840288 
Car -1 -1 0 578.6326234403429 184.97877796382863 605.9591747047958 205.34338387176334 1.5078232 1.607514 3.8955057 -1.4197569 2.5160213 57.937042 1.3907717 5.77285984528784 
Car -1 -1 0 712.3766393209235 189.70893349365917 851.327456902809 245.0763657851223 1.5161405 1.5821991 3.67066 4.996298 2.0322828 21.199457 -0.057871707 30.987873499196095 
Car -1 -1 0 788.920255613236 194.7813920493256 1110.6683527582616 315.5638589011954 1.5436143 1.6429257 4.017673 4.8762016 1.8978586 10.626107 -0.10662171 56.93315714241022 
Car -1 -1 0 726.7270419634573 196.36799817974588 890.3274149850738 258.4449372411764 1.4363543 1.5564926 3.6872206 4.964122 2.0610366 18.271675 -0.0653552 16.45886744986322 
Car -1 -1 0 689.445698667595 190.23823591279006 819.4662397694926 239.31186519784833 1.4888175 1.6037499 3.865422 4.678829 2.080508 23.573257 -0.09686446 7.414714561173064 
Car -1 -1 0 664.0836185339768 189.17631530573743 774.3388197485118 228.28285620587252 1.4431596 1.5869458 4.032314 4.252135 2.104469 28.314117 -0.06332538 6.684604551423844 
Car -1 -1 0 656.651203471327 181.3916801494771 751.2729911390157 219.12768617453452 1.5512903 1.6145298 3.7707949 4.035029 1.931717 31.135818 -0.11309394 2.518532405475881 

