Car -1 -1 0 685.441666201823 173.4470860471317 755.5698388814887 225.34195291916652 1.447233 1.5726937 3.986594 3.311388 1.4670978 22.167555 1.5790983 71.42472263673938 
Car -1 -1 0 731.9630029709863 158.4124077704399 869.2762739896667 263.4054532519512 1.6466455 1.6378391 3.7675424 3.3207023 1.4201525 13.227407 1.6057769 135.81514782653989 
Car -1 -1 0 46.02019651689087 204.94663654095186 326.83884650626936 301.4520250000362 1.461494 1.6134379 3.9861166 -7.205247 2.059914 12.506014 0.072126225 129.98887303134663 
Car -1 -1 0 266.07635883922023 187.37459825548999 448.02052667856697 249.7533904074285 1.5825853 1.7169299 4.3840985 -6.8302617 2.0006726 19.773548 0.06614604 96.21746749048553 
Car -1 -1 0 612.0201295362981 173.02302675918878 646.367087138785 205.0119445098068 1.5656358 1.6838152 3.7452965 1.0550195 1.574809 37.246773 1.6206739 27.25420184936923 
Car -1 -1 0 358.03884727243485 185.76842938454726 473.0207444378427 230.63396391093295 1.4641287 1.5681809 3.5269024 -6.6811814 1.9289565 25.029219 0.09095603 15.057728681953389 
Car -1 -1 0 676.4380007702172 172.77236549467642 727.8355810741174 214.43758018054976 1.5169845 1.6166216 3.9679804 3.5566602 1.5140121 28.277283 1.6001928 18.666766070225787 
Car -1 -1 0 419.14431353229804 181.88360402388895 516.4650928953546 216.0266562060108 1.461093 1.6297219 3.9902782 -6.3209934 1.8788458 32.391335 0.08978999 6.174954671073475 
Car -1 -1 0 400.6833081884684 182.196454379112 497.8313102606256 220.0257925920624 1.4903208 1.5828326 3.612069 -6.606845 1.8905222 29.912888 0.116240785 6.425550268876379 
Car -1 -1 0 1042.0654565476964 136.62438695759138 1242.0 201.24032006694034 1.4574869 1.6388397 3.8267589 13.397631 0.6402861 18.352253 1.1017251 6.7351936462586846 
Car -1 -1 0 449.5496247015533 179.50045165434778 530.7671086573208 210.46120766405613 1.4867431 1.6199853 3.7482615 -6.0515504 1.8367841 36.620625 0.33411846 0.5301240473355627 

