Car -1 -1 0 668.3925206936102 176.27667167843444 722.7720161430568 214.89012973761524 1.4544076 1.5913558 3.731207 3.4387665 1.6029937 29.419292 1.518884 34.576017472458496 
Car -1 -1 0 104.60597366266579 179.9417587096885 452.4200783313791 309.7644661741622 1.4217002 1.6132128 4.1370153 -4.4386663 1.5375949 9.950747 -0.6110445 151.84506814822166 
Car -1 -1 0 281.2834501642161 177.41187580918097 493.1435608885554 256.5171319679042 1.5054843 1.634598 4.1500273 -4.77727 1.6148862 15.623122 -0.48871464 65.42070605339147 
Car -1 -1 0 632.3394320234598 173.82047869643282 671.8933686388875 202.94116650132383 1.4991853 1.569603 3.6540546 2.2627969 1.5541973 39.17111 1.4661663 23.433252303962043 
Car -1 -1 0 743.0083235749452 184.24607327981377 941.2294327495445 318.1956821484017 1.4235203 1.5979472 4.1324234 2.974269 1.6164341 10.121607 1.611402 28.579647246415316 
Car -1 -1 0 179.7107777336069 175.11098654394746 448.99375437282 278.95975717801645 1.5082157 1.6258354 4.0390363 -4.966788 1.5522027 12.308762 -0.5537902 32.38033652248032 
Car -1 -1 0 398.2829745302526 175.67437163922114 530.231477585677 224.0010920372541 1.4964734 1.6109353 4.0473166 -4.8502226 1.5974644 24.186125 -0.48111483 11.328911681405927 
Car -1 -1 0 366.7508121269537 176.78083155261692 515.4091847827241 230.99026097027507 1.4466374 1.5837873 3.9600797 -4.911041 1.5708029 21.155176 -0.5114747 8.855078196223571 
Car -1 -1 0 571.795306567652 169.00831081440515 597.4195204259578 188.8211074091982 1.6483903 1.7213724 3.93608 -2.1799486 1.3284353 62.11132 1.4096587 2.9602132087475304 
Car -1 -1 0 430.0260293781452 173.2979898365677 530.7413375542028 213.15791655717385 1.556613 1.6286993 3.8923788 -5.3062162 1.5756332 29.559036 -0.2989301 1.1680257532040517 
Car -1 -1 0 617.669918358111 173.13560112549783 652.2313193438254 198.66676427285088 1.4963933 1.6313759 3.6144164 1.5148616 1.5143831 44.2132 1.4669552 0.2812436819076538 

