Car -1 -1 0 250.05162593362604 184.27951228913975 998.7900494461577 375.0 1.4617026 1.6985643 4.493702 0.0585438 1.5602846 5.164333 0.096245766 142.88493281666874 
Car -1 -1 0 719.9812479998695 169.65206170600538 908.8166180868153 238.64643434685323 1.5346332 1.656937 4.1528287 4.7534976 1.4634128 17.222546 0.17296875 96.09340728402017 
Car -1 -1 0 936.5566710911844 168.09858780397903 1157.9291912938515 236.50154039668624 1.4888201 1.6293404 4.0792036 9.975291 1.3853164 16.695143 0.087892145 128.1564444621437 
Car -1 -1 0 589.6404490905155 170.70712303771236 684.6908311874823 213.3448752335097 1.462204 1.5896698 3.6566432 1.0776582 1.3885796 26.652382 2.2746344 41.71487871699441 
Car -1 -1 0 522.3454260592595 175.6203039913869 832.6912264560987 289.4727852024494 1.4513787 1.6223668 4.170583 0.8709184 1.4953918 10.366109 -0.15010342 90.11485420762918 
Car -1 -1 0 255.69504073735902 177.64841347532396 370.77426758408626 224.15430075291337 1.5310731 1.5557692 3.35138 -10.202664 1.703445 24.950068 0.13166586 56.00818216369169 
Car -1 -1 0 1102.4076682208993 160.68423279704777 1164.2862523453548 205.53821482928325 1.455479 1.5329261 3.4433012 18.270496 1.0605788 25.278484 2.1334147 18.388197918300722 
Car -1 -1 0 835.9033222541259 163.54807254086006 926.4465005110609 209.62552521772588 1.4844556 1.6717176 4.179609 9.620142 1.1846508 25.379995 2.2740211 17.931521413650366 
Car -1 -1 0 664.6821508442923 169.87017974934972 760.1442521867406 214.0334992442633 1.4823253 1.6202767 3.883685 3.8018215 1.3821744 26.224472 2.27203 13.304988786476207 
Car -1 -1 0 933.3624876072771 161.0220140932987 1021.031163351386 204.74510445389137 1.4532818 1.6087866 3.8863008 13.245907 1.0600064 25.906263 -0.76215386 22.1400447697507 
Car -1 -1 0 747.7044502289973 168.32903724819639 828.9325661128375 212.50079202521962 1.458064 1.6174356 3.705573 6.452439 1.3086995 25.80189 2.1737623 3.7994460291544256 

