Car -1 -1 0 300.92964681168195 186.97595656534787 427.27042945970805 264.60422906793974 1.482182 1.6535959 4.1017504 -5.470105 1.8481139 16.615265 1.5319791 100.92964981341375 
Car -1 -1 0 393.76503948710666 185.47640967400775 477.76772573229283 239.10918467273487 1.4544821 1.5954154 3.7902036 -5.283481 1.8796711 22.387669 1.5999064 74.90676850886177 
Car -1 -1 0 462.7749931131475 181.68686921417847 511.08022520145147 217.19718819727322 1.4362946 1.607762 3.9275517 -5.3998175 1.8543787 32.163116 1.5377343 29.419871569964027 
Car -1 -1 0 734.4433023741146 176.6838581425374 885.8909636617338 231.49695016982065 1.4848504 1.6152043 3.8859298 5.7304296 1.6010798 20.798481 -0.1555898 55.415436896100196 
Car -1 -1 0 832.2843266987666 172.9366524712982 1242.0 352.8504524408884 1.5690813 1.6505182 4.03069 4.4964113 1.5700355 7.3118 0.097809955 95.31244843324451 
Car -1 -1 0 809.7848124772626 146.06952759202667 1224.2599239787623 302.92773553698805 1.8849523 1.7729255 4.5213213 5.173826 1.5630854 9.670219 0.050550573 43.21463988796358 
Car -1 -1 0 707.9546414206793 173.13752440705923 837.4565856200732 224.95337635400952 1.6158533 1.6341879 3.795964 5.247017 1.6254534 23.471346 -0.076643534 26.421920513525848 
Car -1 -1 0 658.9559765242769 172.89215858581287 731.4978986733911 198.41389634476545 1.4616146 1.6249413 4.1452365 4.98133 1.4639027 42.297466 0.078512006 15.02683486724014 
Car -1 -1 0 483.0930144132057 179.28800141019923 525.5850044995192 208.42713299563718 1.4218235 1.6077216 3.9403965 -5.4933805 1.7789371 38.06546 1.5868927 10.567451873499 
Car -1 -1 0 664.408736864517 175.59774650392288 765.2139078818406 212.07664702908968 1.4945685 1.6248711 4.082842 4.3999796 1.6143045 30.592173 0.04104081 13.824986575324223 
Car -1 -1 0 787.1429388236623 172.32765980047714 1052.6264710907485 267.0633516478623 1.5510514 1.6322836 3.9705074 5.298638 1.5424339 12.698511 0.035045877 0.358527809381485 

