Car -1 -1 0 699.2989696989737 178.18401356265514 791.4097590597268 242.4784166302687 1.3873401 1.5712353 4.0235825 3.2444615 1.5346704 17.924362 1.5815644 84.34434364035793 
Car -1 -1 0 681.310163778065 173.27380580416937 747.148650950703 224.01529484916122 1.5359786 1.6365728 4.178109 3.3823218 1.5511503 23.976383 1.5846703 56.621679159591274 
Car -1 -1 0 776.1000223254683 150.39829041051658 1026.223113141858 325.57551944957686 1.6972475 1.6536603 3.8430781 3.274918 1.4796798 8.93894 1.6042838 125.90948411749805 
Car -1 -1 0 610.4513306983835 173.59004541159752 643.939954634176 205.6628916365298 1.580585 1.6552829 3.827057 0.93308055 1.6209052 37.58641 1.6030643 21.300123551333385 
Car -1 -1 0 150.49747200256772 188.79498830924413 398.54453703550126 273.1465342824991 1.6354487 1.7558203 4.540226 -7.0531435 2.0000572 15.446186 0.08027069 134.9367499015525 
Car -1 -1 0 305.02041704117875 189.05643623932642 442.7448851869515 243.89831549868643 1.4568126 1.5562551 3.4288836 -6.7249393 1.9450743 20.749048 0.13046378 23.32721491014731 
Car -1 -1 0 361.28832316398655 186.7914217760417 474.9486153310197 230.6380886273093 1.4467945 1.5646393 3.5678358 -6.751176 1.9618473 25.580685 0.17657085 22.628499901621996 
Car -1 -1 0 249.28669584509157 191.68899646740067 421.3982484907653 254.06351004081478 1.4492509 1.5780149 3.751996 -6.8550835 1.9494987 18.242378 0.071655095 6.724662546957156 
Car -1 -1 0 414.57016737180385 181.47422340295768 510.3406828146655 217.24067462812107 1.5122626 1.620935 3.854162 -6.470111 1.9055068 31.945553 0.08446125 9.774251463541697 
Car -1 -1 0 384.0920038662526 185.38889355924877 496.8877816729045 224.80335554775735 1.4467595 1.6092163 3.969015 -6.526344 1.9511019 28.065243 0.08275425 10.275138517975073 
Car -1 -1 0 456.65703960313584 177.84970860184907 531.1376545754773 207.45448530109346 1.5763819 1.641578 3.8014987 -6.3024044 1.8562865 39.56848 0.019976936 2.887223407730578 
Car -1 -1 0 476.7376528867396 177.39507016101302 547.4772608879123 203.05173232834747 1.6145159 1.7073188 4.3279896 -6.2504997 1.9131652 46.582817 0.007598871 2.9985056963911725 

