Car -1 -1 0 267.2880418732448 185.65546117237417 382.70080056895796 249.82630447431376 1.5325714 1.6427827 3.5730453 -7.658452 1.9156405 19.774197 1.6095409 96.11281701750961 
Car -1 -1 0 224.3157206591155 186.28479118964626 328.68725710260986 239.04835268868234 1.5684357 1.6151135 3.821162 -11.122524 2.0586753 24.38857 1.6205926 50.17992981918156 
Car -1 -1 0 450.021292637442 184.130570932289 500.39866372515604 216.75730079168497 1.462241 1.6400874 3.5919638 -6.538103 2.044836 35.44198 1.6221416 59.529024946985615 
Car -1 -1 0 497.76513550814167 180.5118542902966 536.4166905699525 207.31872127795333 1.6032058 1.63954 3.6706724 -5.8689637 2.1134062 46.1587 1.6794093 13.619822914695783 
Car -1 -1 0 428.44337868268644 185.90118328016015 472.4731827410182 211.3495294710164 1.4538952 1.5891769 3.986975 -9.94841 2.3116617 45.38241 1.656146 3.9660063446066207 
Car -1 -1 0 531.2169253793338 181.59785219299164 562.9144340802593 201.97106286767948 1.463975 1.5703305 3.6229954 -4.762704 2.158667 55.40933 1.7367163 2.550372439005589 
Car -1 -1 0 556.6268100940206 182.54207807861417 584.7988550665896 200.42572100181525 1.5147712 1.6880207 4.095896 -3.4962373 2.4248624 65.61909 1.7417507 2.789221988198009 
Car -1 -1 0 349.2123351568231 178.7205924740903 419.30532312511576 222.60697432573485 1.8895191 1.6798432 4.327346 -10.475777 2.182981 33.875828 1.6411355 17.46111105801383 
Car -1 -1 0 485.8716249932547 176.48689316708482 518.6617523782621 199.21042018065165 1.6990453 1.6433824 4.022976 -8.386279 1.9949476 56.691975 1.6619796 0.26392364501953125 
Car -1 -1 0 579.4747075183956 181.91359867828342 603.0327177836735 197.64393250885465 1.4857011 1.5978651 3.915094 -1.8128616 2.4232755 72.601875 1.752793 0.25518396496772766 

