Car -1 -1 0 241.09003599921536 188.86112874894215 401.45388449835934 278.1695715800324 1.4738227 1.6919241 4.404448 -5.720207 1.8546779 14.937103 1.5359769 103.35239105065008 
Car -1 -1 0 393.8539784781707 183.85403716694347 462.9614381618444 230.45382718114755 1.4367809 1.6492456 4.0353103 -6.2502384 1.8538327 25.289312 1.5059638 100.1560402792025 
Car -1 -1 0 696.5725160642899 172.6100465740035 898.0626945980937 245.58518263825272 1.5552744 1.6627946 4.192024 4.120373 1.550075 16.362778 0.074493445 74.88687694641577 
Car -1 -1 0 824.9954117578859 166.84279593758 1220.6845816306723 315.42540008611365 1.618726 1.6364708 3.9395013 4.8525553 1.5532372 8.80281 -0.06374581 76.23445827195894 
Car -1 -1 0 775.6346419223074 173.05466565658122 1062.5488376998826 276.9763129185433 1.5329165 1.6291541 3.931933 4.8450174 1.5364096 11.603615 -0.073495194 30.227216590558005 
Car -1 -1 0 698.203412949967 160.5219026601117 875.1736711041634 234.7557525948431 1.8329487 1.7012894 4.1854177 4.4832487 1.52845 18.708437 0.02010967 13.171869089257719 
Car -1 -1 0 428.90214722096397 182.08403318429362 488.2489439123215 218.64179040054313 1.4172773 1.6028228 4.1703033 -6.4305296 1.8424852 31.137074 1.5932741 2.1273342546241634 
Car -1 -1 0 471.49857497710985 178.20498297636635 506.36527428389115 206.03417304585017 1.4653678 1.5848869 3.8787584 -6.7645044 1.7823384 40.749916 1.4992112 0.5346395373344421 
Car -1 -1 0 678.2536312254406 172.15117080938109 775.281364912629 211.12692560192832 1.5500815 1.6062193 3.6436028 4.784292 1.5221295 29.698082 -0.11231534 2.162417208549756 
Car -1 -1 0 659.4844220402292 171.8067032741119 738.3286737348038 208.57074058392254 1.6074474 1.5718601 3.2269413 4.0035067 1.5616559 32.56705 -0.1505249 0.38854098320007324 
Car -1 -1 0 622.1787356842229 172.3304944094245 678.9911107925667 193.26330154208964 1.4663732 1.6113381 3.970352 2.8884075 1.4297006 51.37413 0.011971667 0.5638493701303005 

