Car -1 -1 0 314.9405908919397 177.3010850044627 680.3930372991447 311.31797537675754 1.4467183 1.6946683 4.505559 -1.4579566 1.515805 9.554088 -0.39856037 145.6188002648393 
Car -1 -1 0 703.8446628248 170.36321372184122 901.719022339904 239.10937726537594 1.5259588 1.6877742 4.363405 4.5036225 1.4706707 17.259293 0.1913032 155.24947164118714 
Car -1 -1 0 934.8014141789341 168.28045088703732 1156.7885632739806 237.22040027048553 1.5004377 1.6346185 4.095357 9.9451 1.400897 16.703676 0.09090838 126.73538894992684 
Car -1 -1 0 254.0109201203024 177.2496530666395 371.39625585933396 223.6510927560789 1.5260485 1.5659313 3.4464011 -10.233595 1.6845511 24.972898 0.15841869 71.54331234224554 
Car -1 -1 0 663.5415463200309 169.14732211333583 759.8532114497169 210.03543474877824 1.377988 1.5955026 3.997946 3.7982695 1.2530675 26.357105 2.2745736 54.37678550946144 
Car -1 -1 0 1109.3321258523106 160.3280222365396 1168.476586769989 205.23899429109358 1.4505794 1.5064927 3.2173104 18.314219 1.0460027 25.061829 2.1566176 20.264397293178547 
Car -1 -1 0 591.2097370778754 170.92663265312802 684.7162753389929 212.49710622905934 1.4289138 1.5692075 3.5686526 1.1038485 1.3626637 26.664455 2.2838862 41.092442912085 
Car -1 -1 0 835.953300684151 162.6981524913526 924.9222933033648 210.1858615874937 1.5303555 1.7016554 4.103923 9.592447 1.2030694 25.379164 2.2569451 14.868326079567028 
Car -1 -1 0 933.6613646691452 161.73685537201675 1022.0630280036852 205.32560514351835 1.4510784 1.6053885 3.9333558 13.294894 1.0809863 25.953892 -0.7566258 21.60030762871246 
Car -1 -1 0 745.2656382886245 169.16102470219278 828.226105949302 212.24942940937456 1.4289573 1.6248393 3.731769 6.4248767 1.3064857 25.918797 2.1919377 2.692978277670419 

