Car -1 -1 0 22.38691233476886 206.8731836447364 331.7822434454439 360.6794114752712 1.4610565 1.699481 4.413844 -5.5486755 2.0393562 10.04992 1.5603678 129.36968297524157 
Car -1 -1 0 344.0119993702585 198.81892165467718 438.5114128563304 260.2900542972065 1.418936 1.5931379 3.936493 -6.021569 2.2224689 20.334768 1.5362803 60.85824487134272 
Car -1 -1 0 410.2798124653881 197.08117394285833 477.31362421331664 243.33467895139296 1.4343284 1.569373 3.778684 -5.941393 2.3789678 26.243908 1.5710002 35.54709475067839 
Car -1 -1 0 746.9042666321428 183.53816390185287 1045.6069501128684 291.4635832945274 1.5243233 1.6406605 4.06398 4.3105345 1.7068348 11.354404 0.07547584 93.23910345531573 
Car -1 -1 0 636.9372261471092 183.8539708329862 702.7004299890365 208.52897113908566 1.5292151 1.6518868 4.1472683 3.8430297 2.2513652 46.451843 0.044443067 15.682164800754675 
Car -1 -1 0 737.0668395738618 163.49598868395498 994.1740269076901 269.07322095385365 1.8845215 1.7407413 4.3098745 4.7346773 1.7174838 13.807634 0.02708254 41.725595628057974 
Car -1 -1 0 700.3881602609011 186.5165385552106 813.9519483694008 233.8159829189628 1.5198846 1.5766399 3.4975772 5.0242443 2.0080342 24.773346 -0.12886932 23.389761337017923 
Car -1 -1 0 678.4456675663647 184.51376689611786 786.9695923448966 228.78362307932358 1.5984733 1.6299839 3.7977471 4.6444445 2.058404 27.508423 -0.07409941 22.177292358204152 
Car -1 -1 0 461.1225927657875 193.13631238681424 503.08737265291876 226.47874004417437 1.4560921 1.6189916 3.889372 -6.28703 2.5216906 35.919262 1.5116731 9.286305780431256 
Car -1 -1 0 642.3906954217002 187.3741566196089 730.3292270838012 220.86047160998962 1.5200567 1.6440388 4.0889177 3.632915 2.2340908 34.53015 0.06432718 1.386867323318248 
Car -1 -1 0 497.5527556827712 189.1964995097279 531.0080434172188 212.8467586690947 1.5233077 1.6146429 4.02772 -6.739659 2.7337759 51.382694 1.6338084 0.32388734817504883 

