Car -1 -1 0 572.6787711804312 172.23268589409506 606.317582751963 203.32211974211026 1.5751722 1.7052549 3.7257495 -1.0865554 1.5436926 38.45091 1.533213 29.478963186087928 
Car -1 -1 0 394.45781388173265 177.82771821820552 477.605256111526 207.90861686303623 1.4576955 1.5929735 3.8141725 -8.639553 1.7128323 36.1342 -0.043439362 32.72850468707519 
Car -1 -1 0 256.0549684611809 181.83281024427208 412.95007782270386 236.02261757233646 1.5387142 1.6430026 4.08546 -8.15873 1.8190196 21.651476 -0.0257835 62.1447928469464 
Car -1 -1 0 514.2600762622002 177.17327356904303 554.218689092549 205.73341069276884 1.3992736 1.6371658 4.125167 -3.9148653 1.6394314 38.047916 1.5807616 8.66922001465649 
Car -1 -1 0 63.45777752082953 179.23462573799134 337.0456355624407 271.46155960893134 1.6591241 1.7164713 4.335219 -7.7725687 1.7905402 13.98137 0.009834332 93.18592959387878 
Car -1 -1 0 0.0 191.8449546526744 241.08918474475263 294.2407404267643 1.4841276 1.5535669 3.449822 -8.042428 1.8109127 11.590042 -0.028577767 48.23916221354097 
Car -1 -1 0 156.21767269950695 182.6485505283923 349.76927517398366 254.97143821344318 1.5503254 1.6054952 3.6422372 -8.061083 1.7858847 16.522488 0.01530859 15.3772149659874 
Car -1 -1 0 320.2889251812364 181.8949092148128 440.0228400167404 226.2994754324255 1.442474 1.5572186 3.5763526 -7.7432866 1.760072 24.554329 0.007821445 18.345722302775226 
Car -1 -1 0 211.7921553503911 183.33198347884675 373.0326635188791 243.88542599105176 1.5252213 1.5795214 3.648399 -8.446701 1.8198751 19.38842 0.06247626 2.5386702325143884 

