Car -1 -1 0 354.81372954012807 190.02980733742135 424.7032467935641 239.12550599795875 1.485982 1.6450996 4.2502337 -7.6885977 2.1476798 25.590162 1.4529636 28.1286812662305 
Car -1 -1 0 771.3570471576612 178.65763532032042 1075.7992978501634 286.3654756796147 1.5112563 1.6367245 4.119739 4.8072214 1.6108797 11.312638 -0.12719615 127.75940499903547 
Car -1 -1 0 722.0907179355984 183.13123830596496 965.6256583512222 269.43204800700545 1.4980823 1.6380194 4.088554 4.342334 1.707249 13.719982 -0.07256583 39.61160705923786 
Car -1 -1 0 698.1550670729083 175.41370820585175 893.180495010673 256.61592217603396 1.6813945 1.6594398 3.8963902 4.1083145 1.7428968 16.175026 -0.17793852 52.63456803960839 
Car -1 -1 0 403.8535962701671 189.20974816800276 446.86841119929 225.51185140198044 1.5903056 1.6662326 4.2764745 -9.089758 2.4541357 35.867786 1.4176687 17.816378826839465 
Car -1 -1 0 666.1008406852233 184.0145361303289 806.929659471536 239.8360778601547 1.4961613 1.5825385 3.6892233 3.608539 1.8340099 20.799166 -0.14122076 20.24280086934918 
Car -1 -1 0 625.9277791020493 185.55191239860258 741.9597017047039 230.26149561507208 1.5051038 1.6140288 3.8776107 2.670971 1.9873664 26.191198 -0.22111443 13.467668112229074 
Car -1 -1 0 243.82432609133338 179.20129420741964 396.1149777363593 276.0376013077547 1.7943115 1.7370275 4.3862333 -6.1411276 1.9536326 15.8861685 1.5323328 77.90165532356245 
Car -1 -1 0 651.6030082440961 183.5074756399681 775.7588638338423 233.21436439157932 1.5131989 1.5950463 3.697132 3.3409479 1.8752023 23.466803 -0.14190377 16.646982770486748 
Car -1 -1 0 580.7674873877173 183.37404223897605 660.8393658599238 213.70053658585329 1.5448275 1.6620814 4.1609325 0.5590352 2.1161466 38.28297 -0.034391157 15.505852624364666 
Car -1 -1 0 609.2981377105424 180.93761691369747 710.6043544603136 221.25499836695587 1.6399655 1.6775291 4.0647526 2.1241066 1.9993138 30.939974 -0.15113965 8.624829916853209 
Car -1 -1 0 553.9033748630995 183.0154034956997 577.5649710491607 201.79342178888692 1.5160621 1.6776512 3.8338392 -3.7534416 2.4209146 62.305717 1.6066908 3.1096407581109893 
Car -1 -1 0 129.51202628899907 206.99161427123101 234.99113625295644 255.4340418339003 1.4223425 1.6361458 4.155486 -15.433952 2.7687292 26.324512 1.4962192 2.8700158205224677 
Car -1 -1 0 628.883227105944 184.40369261390262 728.806957139077 225.1538153542985 1.5169927 1.5932068 3.6435616 2.7218387 1.9938345 28.648397 -0.19904006 2.3001463313254162 

