Car -1 -1 0 660.7766523399523 187.93613849725742 738.2220558192754 245.08662237563848 1.4346113 1.6474628 4.119937 2.545791 1.9233992 21.29844 1.5385649 78.4449878659376 
Car -1 -1 0 315.3239009748433 195.79760267444752 473.57421658509844 258.89328395139773 1.4181749 1.549691 3.7316775 -5.6361504 2.0739963 19.008657 -0.5333252 93.32961454729568 
Car -1 -1 0 648.0046288372654 184.98241040775574 690.9522145692328 222.0289065833575 1.5067427 1.6214554 3.808333 2.6420848 2.08503 32.49831 1.571705 26.849709662431557 
Car -1 -1 0 367.02107445613336 190.74855097908116 493.8491819644155 247.82670733914574 1.550736 1.5846624 3.504468 -5.4574637 2.132841 21.998959 -0.44746566 21.70473004994144 
Car -1 -1 0 398.513461758106 191.10675046060805 511.23818533014435 239.5726574866134 1.519623 1.5899245 3.6690428 -5.3606052 2.183704 24.933657 -0.310662 11.178684077440085 
Car -1 -1 0 471.1440295381057 189.8038148867787 550.6508505430744 218.92852021089143 1.4804065 1.6154271 4.1063232 -5.508017 2.4703705 40.414215 -0.5247293 19.955189903204595 
Car -1 -1 0 640.2934264456866 186.62664917093022 670.6406212449305 213.31330921537003 1.5159714 1.5418501 3.3652248 2.7939892 2.3972423 44.460342 1.535563 5.248026970092343 
Car -1 -1 0 514.0708724887 185.64024042046753 570.2261220006696 209.93791520334275 1.6387936 1.6290853 3.6906464 -4.852398 2.5901227 52.04001 -0.53732383 1.3805263049418972 
Car -1 -1 0 502.4074850644607 188.46910568862418 562.648137507068 213.82328016053813 1.5093741 1.552224 3.5209553 -4.9396462 2.544509 46.32213 -0.48642218 0.8731227370434217 
Car -1 -1 0 658.5336042082373 186.95058955072355 711.409202193879 231.9345924235509 1.5125446 1.6006123 3.7461686 2.7859182 2.0827587 27.31141 1.5682003 1.1185793386857514 

