Car -1 -1 0 412.8679713742657 187.13059119377436 475.3952832915998 231.826980801064 1.4824162 1.6176393 3.9435527 -6.1534815 2.0606637 27.218464 1.5258496 89.60655778334197 
Car -1 -1 0 290.32395668056375 191.4713001977306 425.1051998087341 268.2841166424712 1.4509146 1.6764324 4.415399 -5.700078 1.9448832 16.924736 1.5562422 95.48350240518954 
Car -1 -1 0 691.7636680656879 179.32242154058525 871.8325273909783 243.46278330491876 1.5239239 1.6617577 4.226704 4.249543 1.6967628 18.30935 0.06697497 54.48634251789569 
Car -1 -1 0 790.3084605730535 175.19027521288422 1100.7444250088308 292.47095573063393 1.5864961 1.6326228 3.8967295 4.8671618 1.6244525 10.760655 -0.07597745 75.83104773225337 
Car -1 -1 0 881.0907282498263 179.70910998418378 1242.0 330.51669186847056 1.54885 1.5619956 3.3263922 5.113559 1.6367662 8.37213 -0.061366223 74.91862095960325 
Car -1 -1 0 756.7941835163928 180.95330695098585 1000.4058876765542 268.5056089517789 1.5026411 1.6184504 3.9573112 4.9226775 1.6648517 13.504694 -0.07022228 23.409688954577987 
Car -1 -1 0 660.7340224536227 178.09621160721431 742.405234645068 213.09664845528988 1.6114973 1.6157032 3.6235173 4.350376 1.8682861 34.4211 -0.064716324 10.465158880117002 
Car -1 -1 0 688.9123616078472 168.1278106636185 841.2562002860814 234.4931625258627 1.8280301 1.6907179 4.048387 4.383334 1.6978474 20.778606 0.029095639 18.204928653060055 
Car -1 -1 0 480.40853220113166 184.21368471396033 513.2630467323963 210.9638176292071 1.4490855 1.5824286 3.774149 -6.621013 2.1511965 42.662575 1.5069503 1.3057473540503335 
Car -1 -1 0 450.0449422564838 186.11950092612418 493.55534939721167 221.78004349787096 1.455748 1.6063116 3.987991 -6.2485137 2.1013756 33.053547 1.4720368 0.9416436421928286 
Car -1 -1 0 619.2721324168037 177.66905016788428 672.0715129140544 196.2551859571079 1.507025 1.6871753 4.1214867 3.0079813 1.9183877 60.39667 -0.20546468 0.30816635489463806 

