Car -1 -1 0 931.4822295327326 181.14644572857347 1069.2149490955842 237.69390092205845 1.3965209 1.648785 4.056034 10.890536 1.6551757 20.46236 1.5514544 94.70573542905385 
Car -1 -1 0 537.432377492379 176.7858680455639 569.4175596690601 204.46485719680734 1.5104517 1.7166348 4.0457063 -3.2232244 1.7506257 42.01678 1.5281054 17.091704630389142 
Car -1 -1 0 1023.5151731300011 176.334595013951 1151.5042930639675 225.6939009437581 1.5363135 1.6240786 4.0391197 16.246086 1.6657782 24.792458 1.536825 33.95375907725608 
Car -1 -1 0 1125.3155439136385 180.90888417608974 1242.0 242.75355787476363 1.435434 1.6355497 4.1323156 16.179998 1.6750174 19.375843 1.5464066 29.100568427830126 
Car -1 -1 0 866.2815916478797 177.09978814725616 938.7295982012872 219.87315836183063 1.4831498 1.5861193 3.5016594 10.950583 1.6538725 27.196337 1.6633797 34.374633751217075 
Car -1 -1 0 958.090098197222 173.6320312777511 1049.2127680737574 213.6119944233833 1.5408437 1.6303037 3.8688688 16.167976 1.575096 29.824621 1.5629951 10.304986076286486 
Car -1 -1 0 907.8999102153886 173.757258712447 974.7970476482234 205.93386046427042 1.4724041 1.610747 3.948155 16.066813 1.5189174 35.14319 1.6217954 2.6718857457760588 
Car -1 -1 0 866.5828175493233 177.32047659046225 917.1944687251173 205.112837962349 1.4792998 1.5302107 3.381473 15.842758 1.7413425 40.640312 1.5717523 6.741872729341565 
Car -1 -1 0 172.3981592944429 175.18150805820196 237.36415584456338 202.20570005026508 1.4681458 1.6105161 3.7750773 -23.141176 1.6078204 41.41201 1.5711019 0.5298942725334391 

