Car -1 -1 0 451.1208174110477 173.4694386935837 826.8787000935537 375.0 1.5849824 1.6072133 3.488716 0.03058827 1.592231 6.6191564 0.9310991 118.82192288955868 
Car -1 -1 0 304.579280622865 181.0323684629441 516.5688954332442 312.6534747528634 1.4545294 1.5872126 3.7447667 -2.9556513 1.5922797 10.185585 0.9141104 113.97782140669702 
Car -1 -1 0 240.59172929627266 171.60606776963056 357.71006900120113 220.26657096718398 1.6353517 1.6028577 3.5987089 -11.135635 1.5934118 25.965765 -0.6393671 21.87090121924921 
Car -1 -1 0 256.73584883443846 180.48274315504665 381.51867803302895 229.21979801829193 1.4398392 1.5477855 3.5115974 -9.411638 1.7051029 23.45802 -0.6008913 15.859417190603052 
Car -1 -1 0 307.3929142506595 176.18739565602993 460.72620160952835 240.36430776936018 1.6080632 1.6168175 3.74752 -6.2200375 1.709551 20.119577 -0.72564757 19.69146519623479 
Car -1 -1 0 376.0911253881612 176.48385985337487 559.3812454882711 255.3256355402118 1.5056585 1.5847752 3.622568 -3.0160532 1.5939031 15.743031 -0.72968686 20.38212863437937 
Car -1 -1 0 298.5584841702327 177.37369032854812 494.0081600272246 251.89530274015462 1.5629239 1.6693809 4.226658 -5.040409 1.6849505 17.430996 -0.7484354 15.340316871870792 
Car -1 -1 0 193.23596727835874 175.72883891003175 298.8644952223112 211.98998257548658 1.4742746 1.5922619 3.892049 -15.791806 1.606641 31.421497 -0.63966084 3.640839768443588 
Car -1 -1 0 81.79677423286466 174.3303135607179 110.48125173130843 197.27388047740214 1.5972681 1.6515685 4.039741 -37.451534 1.7092853 52.626118 0.94659364 5.349918609011666 
Car -1 -1 0 173.6577817021713 172.70156060221782 230.8305690410317 206.38696640966245 1.4683381 1.6026796 3.5799813 -18.845322 1.4616932 33.32608 0.8513527 1.4768478284206088 
Car -1 -1 0 225.5606625853238 176.8206437922814 338.2580828630753 218.78071045878355 1.4820914 1.6112037 3.7022593 -12.460551 1.6425909 27.500618 -0.5855826 2.1443731478198065 

