Car -1 -1 0 266.93718071282416 143.50031281144666 353.97930799640477 185.3791803382532 1.4687829 1.5684919 3.3767028 -11.127529 0.43928516 27.074215 1.6877322 60.269467071269986 
Car -1 -1 0 778.5318486726576 171.06885707414438 922.0277489358988 276.5989582822525 1.6337793 1.6876388 3.9469821 4.20722 1.6061423 13.222275 1.6767868 129.04833413172264 
Car -1 -1 0 666.8267748098251 150.90877836944838 728.3164881088552 208.19776932198977 1.6608996 1.778756 4.0966334 2.810321 1.0246724 23.060114 1.6931946 41.33993402711913 
Car -1 -1 0 745.0166958615699 163.62452059475194 812.5010641629408 211.57820850859616 1.3895557 1.6187148 3.9072816 5.2837515 1.1221126 22.93669 1.6773968 53.746104083904854 
Car -1 -1 0 765.9675774214949 168.8478206887643 854.8202832988088 232.11164655723093 1.4215314 1.5580269 3.5748038 4.9151716 1.3315129 18.069397 1.6712613 27.404366176993907 
Car -1 -1 0 329.3544874315727 143.2449952420171 406.4755411232719 179.1192184049727 1.4575226 1.6230272 4.083861 -10.423414 0.25454745 31.433525 1.680313 35.81243527631064 
Car -1 -1 0 398.47039888228403 145.06073651650894 458.80549837066616 174.94402703572902 1.4971657 1.6056567 3.8733492 -9.506407 0.104711056 38.204037 1.7637597 11.505415413264902 
Car -1 -1 0 0.0 136.60605670671958 135.7389930972035 193.35453039665845 1.5312945 1.6123028 3.8572905 -15.861671 0.5531839 20.564672 0.15530774 36.96915157949446 
Car -1 -1 0 719.6156899082237 147.82852998582769 751.1198283185502 172.86031419089596 1.6231681 1.6522988 3.7579837 8.450644 0.0004091859 48.706467 1.622079 6.432628544303053 
Car -1 -1 0 74.61505851183152 137.12144929718218 216.40538139090947 186.1471509891154 1.5186992 1.6176851 3.763805 -15.037142 0.41178995 23.455967 0.1635428 9.018919331706174 
Car -1 -1 0 735.2291477629061 154.09955818062292 781.4103581037912 185.77811393751327 1.4354281 1.5936359 3.8866973 7.0854907 0.5856211 34.674294 1.6193929 3.679054619862843 

