Car -1 -1 0 588.0791489838034 187.2973428943981 1242.0 375.0 1.4060172 1.5814918 3.9423985 1.8932601 1.5226057 4.9035225 0.06693658 120.20299126358636 
Car -1 -1 0 950.1397361576877 169.07132349026506 1164.0728265051716 237.71373491960503 1.4961406 1.6150507 3.8979113 10.210524 1.4136927 16.692217 0.0825448 87.56157343477432 
Car -1 -1 0 255.66821294469287 177.55021263167936 370.9991813322049 223.62739743869295 1.5140866 1.549497 3.370586 -10.196986 1.6830304 24.937202 0.15120041 66.70191462029372 
Car -1 -1 0 665.2337436962857 169.2185821113805 759.1009588767818 210.97588063352995 1.4064713 1.6074327 3.8650274 3.804381 1.2840228 26.30478 2.2610035 52.01531204133691 
Car -1 -1 0 590.5161548837806 170.52919437437322 683.9145433104121 212.98167986643006 1.4562776 1.5738184 3.5467355 1.073556 1.376528 26.60838 2.2822723 61.06455273854487 
Car -1 -1 0 649.7052496031333 170.3293992293836 1090.129382044249 331.102922108833 1.4989011 1.6314418 4.1000605 2.4902315 1.4753641 7.679473 0.06770023 59.14351273454108 
Car -1 -1 0 1106.1033274076267 160.58113077938364 1167.0744029257405 205.22861401240394 1.4448116 1.5167559 3.3634286 18.310837 1.0476562 25.174294 2.1410065 17.82352446718145 
Car -1 -1 0 762.9972703197842 171.37859112680235 1068.0397411909014 282.0589855131292 1.4794576 1.5802469 3.7774997 4.274398 1.4597359 10.513113 0.04180287 42.54261000570545 
Car -1 -1 0 746.0486382112103 166.42903940331865 930.669495884932 240.28220376835296 1.6476612 1.6231347 4.0011854 5.315524 1.5043205 17.212967 0.15759422 16.352495112114426 
Car -1 -1 0 744.5697361436083 169.3001898599744 825.3414185130221 212.92065683158498 1.439993 1.6198974 3.7174952 6.3359365 1.322675 25.813574 2.1631782 5.9009709570433655 
Car -1 -1 0 933.1489111102603 157.44449437085242 1019.9424261231428 201.35158398412906 1.4643196 1.5826411 3.737524 13.2216215 0.9504061 25.913788 -0.74685335 14.764412148368221 

