Car -1 -1 0 726.2565358544978 173.49326488596537 810.0752624583549 232.7066513878112 1.49844 1.5963831 3.3771095 4.2955003 1.5176492 19.988548 1.5763113 86.1095777322692 
Car -1 -1 0 369.1668801822185 173.58124672446684 513.9247365775173 276.75785709965265 1.6370094 1.6864225 3.9352756 -2.9408753 1.652589 13.466703 1.5990316 112.81801781835092 
Car -1 -1 0 227.12814843974633 178.56366660774881 305.4367822602566 214.8196209862681 1.4470117 1.5912457 3.865626 -14.808864 1.7104266 31.348192 1.561795 38.958810741870586 
Car -1 -1 0 700.8499373664245 173.08628849061435 772.7895363935985 219.6340957083503 1.455819 1.6113296 3.7978516 4.232183 1.4643359 24.520874 1.5234802 25.59379093436254 
Car -1 -1 0 459.8813505740041 164.02924435485613 543.8331778317763 231.753548888192 1.7784953 1.666286 4.1581926 -3.0248797 1.54675 21.060673 1.6131467 86.37079513749829 
Car -1 -1 0 660.7200311699086 167.1509223263781 694.2860159791404 190.51502243491245 1.5936917 1.6420879 3.8257608 4.8663535 1.204678 51.286003 1.8664103 9.179510693564417 
Car -1 -1 0 290.010590793186 173.78999384957143 359.0554724933834 205.54560331120624 1.5675478 1.6563554 4.40788 -14.909779 1.6197699 38.003555 1.6364747 15.4176983005816 
Car -1 -1 0 770.8128992571213 164.50192043113864 847.038637463085 188.8352948197707 1.4881185 1.6518633 4.286364 12.418758 0.9773431 45.078514 -0.059803285 9.277356464593593 
Car -1 -1 0 499.16821760537476 160.60742687971114 566.0397396054627 213.07534663657827 1.8736405 1.740073 4.5767937 -2.8973055 1.4363127 28.122406 1.658999 20.365017364486047 
Car -1 -1 0 342.89872678700743 173.09875549540618 393.3724423273567 199.4866545412844 1.5205455 1.6259731 4.1825237 -14.553799 1.5360856 43.714447 1.5797695 6.650989558881462 
Car -1 -1 0 811.6113957298068 168.22911791420168 898.3501419088618 205.32523813560996 1.4943893 1.6545329 4.2663164 10.536846 1.3080792 31.319714 1.3755878 2.775048965317444 
Car -1 -1 0 675.6991740151346 169.13538109200303 720.430285550302 200.98004661186687 1.4626524 1.6236465 4.1721907 4.257881 1.291853 35.23683 1.5584064 5.557851652603156 
Car -1 -1 0 374.1575372381615 173.09727769487515 417.1542541505559 196.46626266609684 1.5209615 1.5807114 3.5851524 -14.432406 1.5380595 48.85565 1.6602274 3.2622190906071418 
Car -1 -1 0 401.36259806030233 172.5939851660541 433.2405444668501 193.46132831410682 1.5050025 1.610529 3.956364 -14.363043 1.4862493 54.072678 1.4947267 1.306068960693684 
Car -1 -1 0 529.9497613071484 171.6861078124419 571.6939948564251 204.7607895206475 1.4740295 1.5864223 3.7002566 -2.716794 1.4219803 34.024265 1.593565 0.3589022159576416 

