Car -1 -1 0 696.4891310562685 182.0871377661219 823.7746821582308 280.9524010860273 1.461818 1.55222 3.5328948 2.5093913 1.6480079 12.775131 1.581918 91.04408627780943 
Car -1 -1 0 738.1581901653888 176.9860035703337 1013.2074659017097 366.2466738477154 1.5700166 1.6364354 3.97514 2.595167 1.6276321 8.066771 1.5789332 112.2705751145181 
Car -1 -1 0 275.2990382898527 188.44202856598682 355.74787734427497 231.44393493880904 1.4878542 1.6645365 3.9767275 -11.4780035 2.1458485 28.441715 1.536816 48.14468430386404 
Car -1 -1 0 431.2625850975955 181.57409949253355 552.2523914542643 226.53764962364278 1.4709005 1.6056563 3.8474007 -4.03929 1.7858417 25.031132 0.12060222 49.16834413907197 
Car -1 -1 0 362.6706701501529 183.23509862081818 480.1166294720033 246.37587829571186 1.5053291 1.6167008 3.614478 -5.203375 1.815901 19.7037 0.83556527 84.5693444256097 
Car -1 -1 0 326.4711054902529 185.62578367749288 385.3012695060831 220.89745439134478 1.4692379 1.5520822 3.4030752 -11.537232 2.084013 33.015076 1.5511563 14.788671681460846 
Car -1 -1 0 632.1676210052515 177.71282324486253 662.8675054148683 206.17628728409767 1.4715265 1.6130114 3.59051 2.0727727 1.7515433 39.75469 1.6134049 9.580565562765932 
Car -1 -1 0 656.2796590219899 162.1951326256888 729.6691493484587 229.2354198506201 1.964157 1.8268743 4.5670137 2.59275 1.6518717 23.429106 1.5643152 41.49839583367974 
Car -1 -1 0 646.1311027797922 176.30904409702308 694.660850389041 217.49567980768032 1.5297365 1.5899737 3.636128 2.3789182 1.6770495 28.935118 1.5565821 4.722213612485853 

