Car -1 -1 0 317.2811565316813 189.07243422367878 485.94607858491355 305.4469010202287 1.4656398 1.6279202 3.6209836 -3.074878 1.7627063 11.404163 1.5689986 104.82705021190289 
Car -1 -1 0 662.0562343557674 177.81231592980245 737.4817921115099 237.86584442222278 1.4776208 1.5708206 3.498086 2.3859096 1.6258613 19.808395 1.5517571 38.19468156858138 
Car -1 -1 0 717.6274637535886 179.09998759101978 932.5326712134927 325.19201645017733 1.4870437 1.6020536 3.686208 2.5271678 1.5842793 9.36825 1.543302 94.75521974475382 
Car -1 -1 0 685.4701204570017 178.87137622916384 805.3734167898178 269.0048887003437 1.471567 1.5500939 3.4740155 2.4506457 1.601074 13.771939 1.5440379 65.65369390861441 
Car -1 -1 0 0.0 198.99254083088314 265.43667174882773 324.2915420873454 1.438984 1.5757406 3.8027732 -6.8356075 1.8173325 9.551456 -0.055760376 95.10887628579134 
Car -1 -1 0 44.418740456660295 175.8009066987814 351.4495362755075 290.096056593867 1.8201425 1.7385857 4.3077145 -6.937346 1.8753448 12.528705 -0.055461496 95.91412225441043 
Car -1 -1 0 644.6143566408825 174.5906311305499 702.1337761899056 222.75936930587596 1.5726943 1.6031302 3.582069 2.1855032 1.6384549 25.50567 1.5375429 38.950544194208256 
Car -1 -1 0 320.55488360835756 178.75641417987248 453.2985221608865 234.82814391089747 1.5828128 1.5752474 3.503554 -6.5385137 1.7657404 21.459826 -0.06637893 12.856563881279556 
Car -1 -1 0 213.4403382983623 178.88634711011488 397.59957360761337 243.74601086467248 1.5548468 1.6169994 3.9921618 -7.6069937 1.7150944 18.311836 -0.023728788 6.899914655166228 
Car -1 -1 0 368.8279404228384 179.1403612298573 480.2145897118731 220.5697623806158 1.5634041 1.6399778 4.0170956 -7.2244253 1.819499 28.453928 -0.060650397 2.7246963177536663 

