Car -1 -1 0 681.4273467719493 175.6428391835744 743.874090209499 215.65834845380837 1.3948215 1.53333 3.3693776 3.8110201 1.5065774 27.154863 1.460188 72.84510319861744 
Car -1 -1 0 426.1345999621775 165.52496681347557 523.6038596883675 244.00630827540635 1.6443912 1.6587762 3.9186933 -3.057668 1.4908285 17.095444 1.5485327 111.13940716021652 
Car -1 -1 0 0.0 170.57230458363105 127.57190542844577 231.37849542698555 1.4641433 1.6208308 4.182449 -15.190878 1.4092026 19.479548 1.5524402 49.3587027500476 
Car -1 -1 0 479.36220553733693 173.07154918573374 542.3213817375733 220.1459671795951 1.424509 1.5546963 3.5341218 -3.155151 1.4321659 23.62311 1.5777545 23.986396572008896 
Car -1 -1 0 539.8539669540041 170.27880122401703 565.8845490611416 194.32852965899096 1.5352712 1.6276896 3.7424934 -3.7346253 1.370877 47.972195 1.5186378 10.568115349297367 
Car -1 -1 0 86.65284062327736 170.337717874702 205.66582080254065 217.80155004429741 1.4920429 1.5914316 3.727307 -15.624487 1.4129425 24.564814 1.595863 36.210146904076176 
Car -1 -1 0 219.2170430108205 144.00795646436927 455.3034636467201 328.52365409954683 1.8088492 1.6571078 3.7976496 -3.0827866 1.5260649 9.006985 1.5265877 87.28844391524129 
Car -1 -1 0 910.4594971057347 181.72483313256956 1012.1495097648384 216.17505956958365 1.5247321 1.6062369 3.8906605 16.117718 1.9427934 33.18137 0.010242451 6.463817501989166 
Car -1 -1 0 670.8086277656793 172.47373970255754 718.8676757204996 207.10416277269857 1.4343798 1.5665151 3.4974744 3.6852303 1.4186294 31.664116 1.5313298 4.727668128138183 
Car -1 -1 0 566.9135539534733 167.77729145328198 592.0109680656733 181.0951441226463 1.4396814 1.6993871 4.027048 -3.372754 0.8908806 80.180145 1.2371703 0.7119612710632195 

