Car -1 -1 0 801.6467736508337 184.4575606579021 1129.3068196120437 372.85174441855895 1.497492 1.6098975 4.1602125 3.509972 1.660781 8.072682 1.5696422 86.28592814744431 
Car -1 -1 0 738.4486621165751 184.95965874058084 867.0485631438029 275.76887568984745 1.4416633 1.5825273 3.9007802 3.562036 1.7091424 13.962741 1.6100187 86.68141802238256 
Car -1 -1 0 719.1682023486718 181.50492252515713 801.5232829692933 246.1720509737805 1.5061533 1.604967 3.7956314 3.9151497 1.760387 19.264454 1.6273347 56.70244448125097 
Car -1 -1 0 0.0 178.22178393490663 402.53618633665434 355.162710899377 1.5458539 1.6114199 3.7965484 -4.185769 1.6053333 7.1743975 -0.0079849 118.34983360716193 
Car -1 -1 0 689.518804043778 180.30402502240037 754.7193337496415 225.65643123581012 1.4804016 1.6200798 4.1172566 4.013872 1.773648 26.318844 1.5405364 24.76496216717125 
Car -1 -1 0 452.23894635805925 175.14813056760087 567.6625246756627 216.07549776673264 1.504951 1.6316905 4.2236114 -3.728805 1.5953422 27.530983 -0.039407376 34.25885993476664 
Car -1 -1 0 248.76038021878355 181.40188221408678 513.0518330862507 279.6243623886868 1.5391771 1.6510053 4.0220037 -3.8226435 1.698226 12.45094 0.07537229 33.05130843661346 
Car -1 -1 0 100.60505892981017 158.0357619911564 469.0813325343443 308.84446374427006 1.8425329 1.7261686 4.2108727 -4.185808 1.6614883 9.749825 0.034071818 91.18056930584751 
Car -1 -1 0 518.110542648056 179.0533957903885 593.7342776739342 209.2615095408727 1.5259497 1.6169933 3.8580654 -2.7716064 1.8574868 37.699738 -0.041250862 7.057509754012674 
Car -1 -1 0 486.9893673325837 172.15772762062883 585.7083416382097 212.59104518763982 1.810358 1.7456248 4.337278 -3.3164673 1.779183 33.235718 0.02635028 21.774494571038485 
Car -1 -1 0 677.7994708767758 180.04613278486772 711.6277734093514 209.81909661413803 1.4695399 1.5892272 3.7501888 4.494341 1.8720884 38.463543 1.6338446 5.670460557648775 
Car -1 -1 0 300.60801558902006 180.3287939536694 506.5542741801722 259.60674732270184 1.5249565 1.6090379 3.8323789 -4.2464705 1.6928113 15.141172 0.13872722 4.728433751484762 
Car -1 -1 0 530.3174097548912 174.9064173193174 602.9788608001923 204.78077113557168 1.824185 1.7535098 4.297973 -2.6715937 1.9566578 45.39579 0.14385054 0.2716064453125 

