Car -1 -1 0 412.3507562391831 172.43677384943592 503.11954142647846 234.45787216162125 1.7985516 1.8670121 4.36775 -4.732831 1.7864523 23.136229 1.6024628 105.48355920963286 
Car -1 -1 0 115.85920686798663 170.8181720405952 324.2543517869825 257.4975246386246 1.8126495 1.6355224 3.7121146 -8.472119 1.7700759 15.915349 -0.004692538 53.82923823818993 
Car -1 -1 0 32.5604527504203 182.04731095248837 275.55876946442453 270.6710800406608 1.5597196 1.5833614 3.5993204 -8.493064 1.7440861 13.667553 -0.006008041 51.6444039722784 
Car -1 -1 0 350.67506855647986 178.22108488889467 428.2790794725537 212.59470065873722 1.5251366 1.6241126 3.9022589 -10.538097 1.7951428 34.44593 0.6748332 12.608370398818534 
Car -1 -1 0 0.0 188.91867550794643 201.6475409663463 291.6968211575697 1.4448829 1.5852568 3.803359 -8.733165 1.7171612 11.327384 0.05818698 7.693119359965953 
Car -1 -1 0 179.5046696420654 179.9080621889732 356.82602840481815 246.10532979094094 1.5718836 1.61942 3.7003827 -8.497747 1.7577083 18.160578 0.02016889 26.06920262741981 
Car -1 -1 0 275.3971350642156 183.60967307568578 407.90310350265946 232.91387144276172 1.4992445 1.5886557 3.7050996 -8.624201 1.8624718 23.370981 0.11171996 15.215769695464303 
Car -1 -1 0 238.69797929584013 181.92924880950287 387.60716258265614 238.7980144950652 1.51616 1.5832888 3.5823698 -8.347838 1.7856135 20.480404 0.08613741 5.461960268329792 
Car -1 -1 0 301.1423164545001 184.04010870261288 420.68985369179677 226.4823347033593 1.4417552 1.5682057 3.7520907 -8.892575 1.8587708 25.953724 0.08750293 3.7745014896262945 
Car -1 -1 0 344.91760405723113 158.98961503378615 400.3008153405365 178.24022891316605 1.5150266 1.6212683 3.8840895 -18.911415 0.42389682 57.672806 0.040009618 10.00439679314264 

