Car -1 -1 0 683.9958190223916 174.75577024402878 741.494341463391 222.16266240229666 1.4564012 1.5600023 3.910048 3.3981938 1.52574 24.316849 1.6193359 53.77309005915179 
Car -1 -1 0 719.1266114515805 161.0235026252736 830.2812063912677 251.64022019591053 1.6927832 1.6433299 3.7616372 3.3752537 1.4717813 15.390142 1.6096511 126.38586248742111 
Car -1 -1 0 132.6827989011633 201.7585929929858 366.78933678539227 282.2322789401804 1.460863 1.6128354 3.9917696 -7.2125497 2.0862026 14.686141 0.059691988 127.49948231815087 
Car -1 -1 0 301.2807651664881 186.80777522074206 467.03340388374284 242.39052502484753 1.5704074 1.737431 4.493863 -6.7852926 2.0156598 21.969444 0.08400418 90.08021201378199 
Car -1 -1 0 612.8410505283981 173.77910739713883 647.059546834437 206.544402062969 1.5935812 1.67026 3.7824292 1.0647155 1.6436391 37.12209 1.6076962 20.41682768573751 
Car -1 -1 0 418.65509536973866 183.3697425376709 510.267953931761 218.41121924844893 1.4766868 1.578396 3.6770802 -6.421836 1.9597986 32.094063 0.14975262 11.796864841328318 
Car -1 -1 0 375.40109092663135 186.51682724341254 485.69628446284094 227.90367123080327 1.4706608 1.5763466 3.7272725 -6.7021437 2.0037303 27.207256 0.08542138 8.35111611472574 
Car -1 -1 0 429.794621174985 181.7884174932657 524.4717072908956 214.88661181052927 1.5170071 1.6584076 4.18048 -6.2993803 1.9570622 34.566895 0.06916921 6.801146465116782 
Car -1 -1 0 458.9588567828301 179.31304869388177 541.787722549543 209.2189599505886 1.5299568 1.6758859 4.068886 -5.8478184 1.8886251 38.77 0.23954955 4.13410856868024 
Car -1 -1 0 674.7265095569699 173.4670187227883 721.0234580344297 211.4250966640307 1.4918642 1.603497 4.090172 3.6665497 1.5195379 30.499187 1.6082222 6.14052284640761 
Car -1 -1 0 999.0350792796868 138.83869869203173 1181.980603368839 195.80345260342153 1.4487278 1.5963858 4.0694604 13.497621 0.58365047 20.525333 1.0988699 0.8670838370149007 
Car -1 -1 0 352.28391333852625 188.12091154737024 478.01401235758834 233.342482009494 1.4596956 1.594458 3.8784316 -6.6554914 2.0070014 24.903534 0.08714754 0.500650737268 

