Car -1 -1 0 457.9466731817736 181.64152072711443 551.1263390401978 249.45461012779404 1.4291598 1.5956807 4.228538 -2.469214 1.6730611 17.892979 1.5958823 82.95947698561633 
Car -1 -1 0 119.2221917780862 173.69946197039775 247.14972472859657 221.18636988736134 1.4801047 1.7625462 4.5025234 -14.470451 1.5118392 24.826414 1.5646068 89.44323366677024 
Car -1 -1 0 254.78216297720562 176.4358717880958 328.7426553107023 210.3960967100727 1.4638801 1.6463578 3.979187 -14.663534 1.6402187 33.52302 1.5823214 62.71889531015316 
Car -1 -1 0 323.85386009147675 171.1135387876434 511.41503587800077 305.2498806209117 1.6443005 1.6591899 3.9168432 -2.629865 1.6229651 10.829855 1.6040725 133.83801154791513 
Car -1 -1 0 0.0 170.82330216818846 130.9953110406523 235.57185334127666 1.5649148 1.5480479 3.3604105 -14.62365 1.5158346 19.144001 1.6041422 90.04925213328325 
Car -1 -1 0 718.5213239616502 175.22601418180184 810.239521102281 238.73898097252268 1.7263563 1.776906 4.3633294 4.5778756 1.8058301 21.97576 1.5504899 93.338570653442 
Car -1 -1 0 914.1929102841871 186.09585943110602 1058.0083382344856 232.407014247328 1.5152404 1.6710457 4.205512 13.075242 1.9957654 25.181942 -0.08028376 71.65739689055368 
Car -1 -1 0 321.0756095412053 176.66427669128421 372.7379101235923 204.73289109159597 1.4447312 1.5654675 4.102361 -14.412893 1.665957 39.799763 1.5130091 6.934895534360663 
Car -1 -1 0 1061.955384901949 181.81131438838435 1242.0 259.25861308557825 1.5398052 1.6416636 4.0478306 12.187822 1.741715 15.40447 -0.01940885 48.704147652582336 
Car -1 -1 0 667.5645196031953 180.75645744235308 700.4930757920472 204.811285852099 1.4739525 1.5534549 3.396953 4.825775 2.0092096 47.11813 1.4928453 14.25126454823381 
Car -1 -1 0 498.1107619831122 179.148205994934 559.2166139281117 226.80172502223482 1.4466774 1.5633357 3.548645 -2.6358314 1.6731877 24.172277 1.5964596 32.43850173111139 
Car -1 -1 0 516.1716952680388 172.45466172976654 563.686599253615 219.64966058793712 1.7802775 1.6972413 4.052168 -2.757476 1.7652136 29.276672 1.5299938 16.208182702151408 
Car -1 -1 0 547.5046710747268 178.48222401334004 585.329982569878 209.3467084200551 1.4803665 1.5870996 3.703864 -2.1750898 1.7850232 37.17533 1.6100652 6.224831322041849 

