Car -1 -1 0 720.3711726859914 175.72727635263544 930.2113584531264 325.89544316874884 1.5523422 1.6165725 3.8805902 2.5510736 1.5978318 9.478309 1.5767605 110.98681064309979 
Car -1 -1 0 687.0293753405412 180.0034633840812 800.150093456207 267.44702564359994 1.474536 1.5679141 3.6082602 2.5086718 1.6337789 14.266639 1.5712447 75.83192184383563 
Car -1 -1 0 336.6908576080044 186.86073160259636 393.0058387419401 221.50504173287533 1.5016917 1.5314726 3.3025775 -11.559881 2.1992083 34.27391 1.5792674 25.34859051386885 
Car -1 -1 0 437.3921697773913 180.62540427722897 554.7838610593022 223.58061740508867 1.496878 1.635232 3.9769034 -4.1261287 1.7938755 26.545486 0.109128274 39.73758363842919 
Car -1 -1 0 0.0 191.59923893152055 397.2278547690378 375.0 1.5179455 1.6034975 3.8753452 -4.3884897 1.767092 7.6012754 2.285714 112.74148427770322 
Car -1 -1 0 379.54067248882507 183.05391626418998 489.0283584907414 241.77460603761605 1.5172732 1.629794 3.5930774 -5.2065973 1.8433619 21.182875 0.84478635 82.90876457261811 
Car -1 -1 0 296.3964001030531 189.51475771892646 367.67055953046787 228.79461101725244 1.4394245 1.6125445 3.7175615 -11.414015 2.1736407 29.916697 1.5430073 20.295980502436787 
Car -1 -1 0 651.1422718516234 163.26726497295303 721.6212213370723 224.80741249379616 1.9308279 1.8220348 4.552861 2.5456796 1.630043 24.94099 1.5408621 53.681777051260696 
Car -1 -1 0 615.7777208914126 175.89521820216325 661.3124610453946 204.86600946602232 1.5583973 1.5704793 3.3877282 1.6049677 1.7392051 41.049107 1.2791182 7.044573936153521 
Car -1 -1 0 732.6795410495424 177.09372585566007 788.9526293399509 218.24743454148603 1.4891539 1.5707788 3.5939684 5.8631744 1.6662066 28.308218 1.6060207 4.194565420372532 
Car -1 -1 0 647.3012007418898 176.26772068029325 689.2965070070272 214.8215070522565 1.5091305 1.6055956 3.7715137 2.4270136 1.6624749 30.497038 1.6082379 0.26108518242836 

