Car -1 -1 0 150.07678424547314 181.16431958160118 415.96449681210686 351.2345354344784 1.4771984 1.616164 3.8494508 -3.4553103 1.5972363 8.441465 1.4944576 115.45311033730788 
Car -1 -1 0 421.23455587782547 178.41835563244516 497.5281136539288 234.93720893925772 1.4134973 1.6093752 4.129134 -4.171754 1.5885627 20.581718 1.4954681 91.75122098630693 
Car -1 -1 0 590.0337081564377 175.98924409989957 620.65196202904 201.36657885597012 1.5707932 1.6139693 3.8321018 -0.31405747 1.7843122 47.14628 1.4616288 20.548280912855635 
Car -1 -1 0 704.5352810688399 170.78155696578165 878.6625344632316 233.0388629837766 1.6388209 1.7152629 4.3722806 4.9854474 1.5842671 20.064447 -0.099789634 62.68906325475902 
Car -1 -1 0 941.2177646270598 201.66407491013905 1242.0 369.8243775989444 1.4179542 1.543298 3.587654 5.4530134 1.7382743 7.1949553 -0.031264268 78.34230000548824 
Car -1 -1 0 853.1762160852481 185.25306306439313 1175.4614557039868 305.69953337758136 1.5124469 1.5826858 3.676983 5.535922 1.7021067 10.140846 -0.057682805 56.8228440557327 
Car -1 -1 0 786.0025042733977 185.3482549819931 1043.9512225436504 280.13823843168984 1.4903258 1.5941286 3.8399456 5.2093267 1.7247307 12.568212 -0.09117983 35.590439581048976 
Car -1 -1 0 721.7207894840436 185.4321926223905 911.4003979826181 248.1969536836699 1.3886436 1.5752101 4.073719 4.8758006 1.706358 17.283363 -0.07705599 34.662634850062474 
Car -1 -1 0 647.6904094038341 177.49572284258613 744.5037776238069 211.47527907669058 1.4748263 1.6147728 4.073715 3.9036129 1.6932051 32.78964 -0.17866713 7.868480207109726 

