Car -1 -1 0 494.1304589002533 180.12893325980917 546.7321291915525 228.66067798200365 1.682153 1.6279204 3.8234804 -3.3290374 1.9791086 27.520418 1.5450585 66.8664176249739 
Car -1 -1 0 698.0331752764585 166.49876822742485 933.6081145921829 259.4267617625067 1.7700489 1.7115417 4.295187 4.084831 1.6489973 14.712249 -0.053189702 115.83316459580348 
Car -1 -1 0 267.4203741398401 197.81262101968628 382.5002609842668 270.71034267208034 1.4245472 1.5825143 4.366563 -6.8827724 2.1221025 17.906536 1.4563767 28.48114721707906 
Car -1 -1 0 689.3807862341615 179.62991381914017 817.8109357988145 230.77681617224763 1.5449241 1.5872741 3.7503357 4.482695 1.7667625 22.815487 0.007207985 32.32795816849699 
Car -1 -1 0 528.836884086204 174.99132119469087 565.0717219108063 211.47058949017895 1.8119671 1.6129597 4.0445356 -3.2556386 1.9308763 38.11017 1.558022 26.744869828299052 
Car -1 -1 0 152.79952769832704 175.1758047553639 440.84709204708207 374.08841334732745 1.8087255 1.7336205 4.336693 -3.3782365 1.8441038 8.80327 1.5435842 86.28371301018055 
Car -1 -1 0 670.9915850245649 165.6855662903779 794.2832440672552 224.64213694969106 2.0188365 1.7082022 4.0598044 4.3013344 1.7733693 25.616343 -0.027149197 45.66132369117808 
Car -1 -1 0 548.4220494306728 179.76920391158532 578.4056988257762 204.55047493426662 1.5141976 1.6019742 3.979813 -2.9791355 1.9860406 47.221336 1.5982649 3.2561598704774575 
Car -1 -1 0 560.1819886261842 179.4566192738145 597.8379068132316 199.81908712676588 1.5353131 1.6002371 3.7805758 -2.40863 2.0828836 57.786545 1.9521909 2.0360102111996916 

