Car -1 -1 0 1070.4794850139538 153.21628347583948 1177.2843099677098 191.97063315335512 1.6512067 1.721423 4.257721 22.972342 0.8145023 32.24131 -0.3269136 42.973093717212095 
Car -1 -1 0 0.0 183.11385586949243 174.30411157091535 289.70131803652623 1.7170112 1.7222362 4.322801 -10.441965 1.9380767 13.757221 0.49836573 80.71475916887906 
Car -1 -1 0 392.01835117185703 178.54833002716924 483.88251890565414 220.94505168403313 1.483894 1.7006704 4.3043594 -6.7362294 1.7224009 28.031895 0.86519426 32.27297789693002 
Car -1 -1 0 309.07477677550185 190.82074663355178 384.3703303039796 223.9717155069885 1.5703629 1.6462611 4.192252 -14.060335 2.593687 38.85339 1.8554306 11.110997078593284 
Car -1 -1 0 1026.6695294168921 160.04494870762724 1108.1468068510685 192.11634648244757 1.4755998 1.6771889 4.185837 22.237675 0.88625723 35.010704 -0.55298346 8.112162672543983 
Car -1 -1 0 447.340925799833 176.55911195906722 532.5710499554511 214.12627267626416 1.4780118 1.671921 4.146286 -5.1842966 1.6476036 30.915287 0.8527306 14.615066837330398 
Car -1 -1 0 172.43180548617894 195.24322013133983 247.73728770983936 225.56346911794893 1.5263256 1.6102262 3.8869095 -22.174427 2.8157501 40.0495 0.40436846 4.24439502165254 
Car -1 -1 0 233.42490184373935 185.7327686320477 306.95636498860574 231.0457975836503 1.3800371 1.6533552 3.965581 -11.797593 1.8698585 25.313688 1.3105423 8.969074200501693 
Car -1 -1 0 814.312621204756 164.4992538713381 837.1991756055443 182.21918710709625 1.5465865 1.6390169 3.8761349 19.52361 0.8173883 65.07923 1.9510103 2.297233814214802 
Car -1 -1 0 502.9398052934424 172.86591695749544 594.3440230682979 208.1380006362202 1.5452346 1.6622772 3.9413223 -2.8245447 1.5458119 33.289078 0.5029533 3.5783803592240444 
Car -1 -1 0 944.3093983777487 159.997690548192 1004.5149827485907 181.01594686327456 1.524245 1.6744713 4.188697 27.518387 0.5919045 54.568485 1.2977587 1.3738076143451496 
Car -1 -1 0 355.67514704251903 191.07263297689948 410.1702736662279 222.87048143777218 1.49467 1.6788554 4.068465 -11.956715 2.5137844 38.31263 1.5530914 0.9382410521076598 
Car -1 -1 0 982.5016013048064 162.3948644678407 1056.3675636644089 186.04789935318595 1.5051036 1.6597193 4.086709 26.735592 0.8395616 47.104565 -0.1848342 0.9276602801917546 
Car -1 -1 0 85.70861265464654 191.03399535971795 193.90072653268157 239.31304456539033 1.4404051 1.5889723 3.7992365 -16.119238 2.1196764 24.986183 1.4646252 0.2533325254917145 

