Car -1 -1 0 669.636142843335 167.29771793746932 853.8915967649333 231.85307426556864 1.5202622 1.684151 4.3350897 3.7411747 1.3894131 18.156515 0.15394592 152.08588897466225 
Car -1 -1 0 561.8480352275399 166.83223184569297 652.7576612569557 208.43476890986827 1.4721363 1.5702199 3.535674 -0.030347213 1.2590514 27.399708 2.2522426 72.85192230319163 
Car -1 -1 0 886.4493737695497 162.1006670824564 1092.0318367324785 226.38996598825875 1.502934 1.6558095 4.184143 9.245433 1.251546 17.830397 0.06523652 125.00964397067125 
Car -1 -1 0 1087.6660940469947 158.31080148274862 1242.0 224.62976483265876 1.5067196 1.6252563 4.0511904 14.0083065 1.1763084 17.25328 0.023727806 89.93006811777491 
Car -1 -1 0 632.0491716358404 165.41535853701328 724.2240628736828 205.77126062546694 1.4073281 1.6024113 3.9384933 2.65419 1.1479208 27.20959 2.2298515 53.35482053172684 
Car -1 -1 0 226.38384856598944 177.54420612883547 345.19417612218655 221.46299004539583 1.4702666 1.5540342 3.5020843 -11.318876 1.6412165 25.330286 0.11241585 52.90606730078013 
Car -1 -1 0 1047.411108346747 154.41239289233977 1109.9744010276884 196.5563067802832 1.4504116 1.5865932 3.7066815 17.365799 0.8157309 26.843071 2.046563 17.121972640231217 
Car -1 -1 0 889.7983724841004 157.8270143073981 968.7263357014933 199.36351003525195 1.4534067 1.6186645 4.015662 12.147078 0.92759615 27.293343 2.2868593 13.7596511442439 
Car -1 -1 0 798.5285758228034 160.1090510138945 885.1350388512304 203.6144258718463 1.459597 1.6424909 4.082586 8.533846 1.0320063 26.310478 2.2517579 16.065916256513685 
Car -1 -1 0 1137.525004810394 153.3968415325385 1242.0 205.95671018070442 1.5221546 1.5993853 3.7149847 18.57435 0.95866746 21.968761 0.15259409 2.2045748647482677 
Car -1 -1 0 709.1184622979483 167.17574240823066 792.2611316020055 208.62241206124017 1.4172997 1.6313183 3.7044835 5.2734528 1.2231274 26.655586 2.1892385 2.4556638330902323 

