Car -1 -1 0 662.4983265045624 183.25425598899224 727.5155727526427 233.34200390383754 1.44751 1.6080813 3.843827 2.707826 1.8154526 23.591278 1.5536021 70.55212695803885 
Car -1 -1 0 787.9144306009437 196.66264925906597 1155.418079018622 375.0 1.4334786 1.5438997 3.4928222 2.8181858 1.705707 6.4997625 1.5657176 84.4171378874256 
Car -1 -1 0 267.06232662886856 188.48856366274535 339.3593128764257 222.9411185463651 1.4331199 1.6972365 4.083063 -14.300349 2.2125888 33.92321 1.5613964 37.38869039511369 
Car -1 -1 0 700.802911491054 191.49682919099612 862.5870349791475 303.9434483758986 1.3877971 1.5736607 3.9194064 2.5347319 1.7369664 11.537264 1.5485551 91.23328207641455 
Car -1 -1 0 579.4855574908536 176.33196750200273 636.8073913777033 231.76861980225473 1.658852 1.73843 4.1500154 -0.09537235 1.7844056 23.95063 1.5450466 45.03772874337909 
Car -1 -1 0 638.4950441578272 178.7844637183708 671.7862751603897 211.06435706999542 1.5580678 1.6398479 3.7509108 2.4017007 1.8819959 37.474735 1.6529801 23.08072474597473 
Car -1 -1 0 685.2681813520866 189.69334390225097 785.4818946789684 263.1881101434476 1.3725588 1.588242 3.8338003 2.7042189 1.7970586 16.271498 1.5699005 25.070136053560148 
Car -1 -1 0 675.2880081268152 167.47389389112314 702.8041760999331 187.4468046556618 1.6044389 1.5693588 3.1778047 6.541339 1.1722506 59.634964 1.4475784 3.9268685536301597 
Car -1 -1 0 0.0 192.41560663983688 116.15806022320463 268.6504483013823 1.5567789 1.6441834 3.8721101 -14.200026 2.0903447 17.712622 1.5297353 5.861408573147728 

