Car -1 -1 0 330.02762686222076 182.00036900951687 420.52776777026537 236.7276319805257 1.5870284 1.6503179 3.5373669 -7.466311 1.905604 23.329052 1.6140592 94.73650725251724 
Car -1 -1 0 0.0 186.54133882081956 189.20783900757633 270.1754369427696 1.5596355 1.6120358 3.6399965 -11.143684 1.8957909 15.888001 1.5868123 87.42877982403924 
Car -1 -1 0 276.11912122559704 186.07888922887096 364.5509804715189 229.8683472018757 1.4775126 1.7050922 3.7746491 -10.884107 2.015661 27.434914 1.6186869 54.8417093703192 
Car -1 -1 0 467.4615807776839 183.896957595239 514.0832401798095 213.15174201624268 1.4266744 1.6927606 3.637791 -6.27483 2.0438652 38.46125 1.6296133 33.87138269554143 
Car -1 -1 0 508.89229369096466 182.61465462682352 546.6827080697337 205.72113310143382 1.4516801 1.6055267 3.8856144 -5.516719 2.143414 49.094933 1.7192957 14.97268317853885 
Car -1 -1 0 445.7568736410494 183.1101808423435 485.7544342723446 207.54860289770784 1.5060014 1.7180651 4.085888 -9.566771 2.2217722 48.280697 1.6097851 6.220437704967667 
Car -1 -1 0 376.7991805665132 177.13943696012203 441.6676696743904 216.7871919031664 1.8765857 1.7402765 4.3936872 -10.153478 2.1092954 36.911674 1.6660047 31.77893090277132 
Car -1 -1 0 539.8968128765243 180.93561359352793 569.1723812672714 200.6085074213817 1.4799125 1.5695506 3.6827378 -4.3734746 2.1490235 57.80383 1.7156466 6.48369236264265 
Car -1 -1 0 566.782627922275 181.23205097326507 592.1780422272565 198.11641187806336 1.4810927 1.5999801 4.159096 -2.785395 2.291679 67.631966 1.7248693 0.3334044814109802 

