Car -1 -1 0 592.9653365435412 167.8817442084478 681.8336374662201 244.14366464499585 1.7265954 1.6626499 3.722597 0.59832376 1.6140218 18.286974 1.4446177 106.08176591707054 
Car -1 -1 0 976.3619851368783 177.9439141448672 1150.356758942446 240.46958683569042 1.3902116 1.5907818 4.077645 11.400526 1.5356088 18.499014 1.463522 46.719028597071606 
Car -1 -1 0 317.9140500943238 179.56162405494973 426.07209719752603 212.87984398856966 1.4193637 1.6700649 4.4191456 -10.584347 1.7318969 32.41985 -0.17121768 89.60460083898444 
Car -1 -1 0 742.2612953680301 170.45480368714374 822.0875645978232 219.55914067904453 1.6144134 1.6189461 3.838906 6.04856 1.5355344 25.707935 1.4786545 24.37624648231987 
Car -1 -1 0 581.932917836499 160.49563143478295 650.9893984444429 227.5522026217516 1.9781148 1.8048042 4.7362013 0.11800364 1.6135528 23.724995 1.4799347 24.48058996384988 
Car -1 -1 0 353.4393042436155 178.95363272466372 440.98127367053723 209.44557171799852 1.5116954 1.6419153 4.100121 -10.888453 1.8349321 37.209396 -0.10277118 5.6841344952440105 
Car -1 -1 0 502.666521267827 173.85568416103158 530.0936055445404 202.17167253931703 1.7789083 1.6633656 3.8480647 -6.091732 1.847571 47.465137 1.4753573 8.609513267012785 
Car -1 -1 0 791.6188321289683 172.28313234706778 853.8688330064665 203.24243418132485 1.5299222 1.586823 3.795317 11.053484 1.5017114 37.663742 1.3945761 1.9777639802704063 
Car -1 -1 0 546.8064931779136 176.03431515724745 566.8913866869941 190.72855881331884 1.3753957 1.6495566 3.76945 -5.166147 1.6944112 70.38749 1.4154994 0.31176072359085083 

