Car -1 -1 0 175.94198880766746 184.30037600952664 284.9093450405219 237.58849143864106 1.5350742 1.7324501 3.9326968 -12.288399 1.94277 23.676994 1.5000426 68.2085891222186 
Car -1 -1 0 673.5340777469182 173.9241183305623 752.7924059833894 248.15345367393195 1.6978607 1.8130419 4.3085885 2.6079512 1.7290652 18.804157 1.6734273 60.15774768432758 
Car -1 -1 0 764.003528123192 182.62333358323818 858.8274411998302 223.31307563314667 1.4572402 1.6415285 4.191928 8.111306 1.8744929 28.81073 -0.72718656 72.63012826549766 
Car -1 -1 0 1074.7265795131261 180.86003080548568 1209.5642738956676 219.8058228500128 1.5120258 1.6591414 4.3378167 21.582022 1.8478312 29.330502 -0.048493758 26.06284354646621 
Car -1 -1 0 632.0285260007159 182.7269911444387 654.6442605376413 200.6451689334608 1.4178674 1.5865808 3.9247024 2.8385694 2.2836747 61.282814 1.5313338 4.7491392023675765 
Car -1 -1 0 968.7639816194747 180.79272777499787 1061.4931663450632 211.0056825761307 1.5253503 1.6364415 4.0074496 21.256496 1.9528459 37.89364 -0.07225661 14.466578074084312 
Car -1 -1 0 538.8198372438487 179.37872495954005 567.2604168909676 201.1194894807478 1.5425159 1.7101109 3.7507267 -4.212684 2.0502663 54.243587 1.6082962 3.269292356702175 
Car -1 -1 0 362.57450827182026 182.84994326385245 396.6930102195596 205.24566009710136 1.5379229 1.6569568 3.9336731 -16.973967 2.3062897 53.418327 1.4626669 4.8052355699492235 
Car -1 -1 0 431.5450090380317 182.74109453699396 461.65331454808614 198.80024231904778 1.4960884 1.6225455 4.1132693 -16.220911 2.5120537 72.00023 1.6974642 1.2188239970173347 

