Car -1 -1 0 712.7178236371299 190.4516065435504 841.9578543453673 279.07541804119546 1.411631 1.6109862 4.256665 3.173706 1.816472 14.469095 1.5731429 85.14698229964476 
Car -1 -1 0 72.33331789790297 192.89686804121567 181.54096884380607 244.3511505513894 1.5337608 1.6103764 3.6233428 -16.483734 2.2765226 24.856764 1.4716693 83.93857060422 
Car -1 -1 0 160.38097976530804 191.37667144415175 257.53484145579927 232.87342489674293 1.4873434 1.6597652 4.3935547 -16.531395 2.3152995 30.04319 1.5554332 34.7863069896215 
Car -1 -1 0 667.453840559427 186.7637418593083 723.6638325245106 230.8635433057296 1.4858041 1.5895288 3.4348261 3.1709757 2.042958 27.156002 1.5344496 41.72753113710271 
Car -1 -1 0 687.0670910349087 187.69802427822458 772.734928381324 249.74676155843392 1.4341018 1.6025199 4.2858906 3.185042 1.8868551 19.85654 1.5607598 50.92254939869701 
Car -1 -1 0 232.2650797382136 190.70618089323608 299.95000247226517 224.56406828670262 1.4796356 1.6036779 3.596389 -16.686277 2.3959215 35.2327 1.5670973 32.27614601794216 
Car -1 -1 0 327.24771846684587 187.92075374647982 375.54547500557123 214.37511508927992 1.5095212 1.6122744 3.994436 -16.192924 2.5001717 45.444336 1.5709294 11.14857782343733 
Car -1 -1 0 431.4624851854248 185.2631703006488 455.8185482086023 201.84879804806684 1.5325838 1.6326976 4.120963 -16.497091 2.8050265 71.89509 1.5303801 2.9047147065800516 
Car -1 -1 0 277.5422309217515 188.49047284724315 334.67519220349527 218.55196952965937 1.5113943 1.6102884 3.9388776 -16.882717 2.4284525 40.330368 1.5485451 2.706038823533001 
Car -1 -1 0 603.7294572657914 184.42901879370405 622.0855327203324 200.83209369521575 1.4484396 1.5953907 3.6159785 0.29353267 2.5709105 68.136154 1.5369393 2.6415443791295603 

