Car -1 -1 0 716.1753841024062 180.30687040897132 789.786139278083 234.31903677340932 1.5056071 1.590319 3.1635962 4.3218203 1.7508056 22.145605 1.5566261 75.03974787903363 
Car -1 -1 0 409.5405971413293 178.82367666224357 528.200584698021 265.63420838000434 1.6190174 1.6599519 3.9539046 -2.9106874 1.7659302 15.745158 1.6151175 116.6155970440776 
Car -1 -1 0 255.7651823251237 182.10037932592516 327.5954367274047 215.88824078547572 1.433635 1.5881846 3.8674462 -14.71982 1.8895371 33.628635 1.5885661 26.33234651864674 
Car -1 -1 0 703.3587197737816 180.0760165081113 760.3764751678327 222.9110260151227 1.4290076 1.5992842 3.705779 4.4322987 1.7139374 26.586016 1.6072212 12.600133306637884 
Car -1 -1 0 477.0598501050832 171.28192227915946 547.8013895767964 231.3799569167321 1.775109 1.6717923 4.0700207 -3.0458732 1.7286747 23.36212 1.5893137 79.30462544412595 
Car -1 -1 0 309.7480678318104 178.1717874631203 372.7048204519326 207.611699074907 1.5179584 1.63813 4.261998 -14.85441 1.8302605 40.18445 1.6512421 10.17700985300242 
Car -1 -1 0 766.060582346269 174.99315897135554 836.7612410447763 199.0192425508883 1.5431373 1.6590577 4.189239 12.56087 1.6862339 47.383217 -0.025807174 14.856642206997412 
Car -1 -1 0 512.2457243213762 173.30967990965252 568.7475199608033 217.6020095825881 1.7214029 1.7070656 4.557459 -2.8236876 1.7420758 30.412231 1.6257745 6.305222347350771 
Car -1 -1 0 659.630067110729 172.66158872011167 699.4715764889118 193.46157325898469 1.4762475 1.6201756 3.5748954 5.1893225 1.4625912 53.16535 2.0817075 6.791313607741107 
Car -1 -1 0 356.23640431583794 178.97112000775567 404.3844784617093 203.88994501709035 1.4802197 1.6045728 4.2148967 -14.559531 1.8886611 46.04286 1.6060301 3.6833587044049594 
Car -1 -1 0 411.3874753437802 177.68254455523456 443.1057587289487 197.87232530056465 1.4970336 1.6138659 3.9793262 -14.227787 1.8885394 56.48481 1.5331445 0.703104231589788 
Car -1 -1 0 675.5163307409427 177.05080644871654 713.3583641076289 206.72489378664935 1.4288646 1.6015605 3.8921475 4.3323975 1.6570776 37.267845 1.5988897 0.5473540814257072 

