Car -1 -1 0 744.6850655674821 174.60930008556022 860.3781369336552 231.69094819866265 1.4441862 1.6993469 4.2790837 5.353912 1.4997802 20.622478 1.4433972 62.402125208160136 
Car -1 -1 0 417.3846390946502 184.30827259730043 527.7483277148663 235.82295683800268 1.4149641 1.679723 3.9469004 -4.2293425 1.812663 22.911419 1.9125307 46.712246424104755 
Car -1 -1 0 373.4672218534439 186.63002873703525 476.676387201351 231.9175050031699 1.3639722 1.6350213 3.9397116 -6.314568 1.884747 25.150461 1.8834794 38.3651935385345 
Car -1 -1 0 551.9658098083581 181.4505340111966 624.8252426490044 236.03522936687975 1.351199 1.6197102 3.8996563 -0.5071844 1.6195567 20.509884 1.6601843 54.18085993797994 
Car -1 -1 0 812.6570475153724 172.72815883504177 939.9601323343339 224.7336536786637 1.4555322 1.6926824 4.075674 8.116959 1.45201 22.37764 1.3228867 34.35953442018269 
Car -1 -1 0 36.937126732071846 184.68291069599437 171.59719691966095 265.8180428098202 1.7054898 1.7503806 4.4531918 -12.625877 2.0342107 17.919867 0.7248018 78.86349535066576 
Car -1 -1 0 335.22637817470417 187.42573336770826 439.4175756104066 230.91558580850025 1.4084212 1.6306088 4.036042 -8.198662 1.9976023 26.99924 1.9154627 16.24660712330463 
Car -1 -1 0 873.3645769331666 172.8269961743662 998.0122507178799 219.57097328216992 1.3924739 1.6367819 3.9240365 10.517441 1.3916694 23.59542 1.3278916 19.424237479228903 
Car -1 -1 0 603.9284290731956 189.2998601343192 681.1863005398376 222.45889321901467 1.4424776 1.6024671 4.082249 1.67753 2.2986557 35.499554 2.2892435 26.0099216137857 
Car -1 -1 0 694.1133917502668 184.63165749427972 769.0844049295222 222.77144916767193 1.5154555 1.6255643 3.9301932 5.4661903 2.071169 31.991394 2.2259693 5.2295100105908 
Car -1 -1 0 164.82459987577428 188.4638498852833 257.73130848615125 220.04012383071762 1.5108851 1.6131959 4.0773196 -21.321764 2.3957741 38.768486 2.179019 5.808263838620759 
Car -1 -1 0 648.7582507339359 188.0832309219545 726.840222769675 223.38275095328882 1.4588449 1.619411 4.017823 3.700797 2.2120261 33.63588 2.2844706 8.97746170427583 
Car -1 -1 0 287.49302277481655 188.88228661532062 390.78783411500933 230.1296104911922 1.4085722 1.6044583 4.0380363 -10.563122 2.0898476 28.497906 1.9082036 2.9649947239001664 
Car -1 -1 0 960.5777963788826 168.55906369875723 1072.0738450390818 207.9158986120652 1.3939307 1.6462363 3.8503582 15.420332 1.2418135 27.593588 1.3973557 3.601536877548802 
Car -1 -1 0 261.5705141822219 189.03676142542454 346.6672373942114 227.14062370842225 1.4061122 1.6000198 3.892013 -12.745643 2.1325197 30.366041 1.6809559 3.6168218103925733 
Car -1 -1 0 510.73762734188614 190.23306311888646 577.19977942534 220.44046839325145 1.5050179 1.5914313 3.8319316 -3.6126757 2.5244777 40.301697 2.186067 3.2556013405393793 
Car -1 -1 0 229.2736017372508 188.64849629881795 305.3939597026715 224.93061683514176 1.4535278 1.6065115 3.84805 -15.3162775 2.2072246 32.50641 1.5700511 2.320312357817809 
Car -1 -1 0 535.0587345407652 191.23730526199017 598.7222971790981 222.54458452112226 1.4775705 1.6024733 3.7868824 -2.2209249 2.5104642 38.497086 2.080933 2.1903910417853147 
Car -1 -1 0 42.002373408358466 191.7289926342691 81.71346469031809 212.53272390641385 1.5007442 1.6207584 3.836633 -43.438725 3.0451114 57.205322 0.6750721 0.2577785849571228 

