Car -1 -1 0 783.1886509148873 168.18168188867557 908.1086519795236 228.72867405909292 1.4648178 1.6888071 4.3478384 6.261484 1.3517799 19.691494 1.4895465 74.07747333493977 
Car -1 -1 0 584.488895675276 179.7101997625461 661.3923339244144 235.70036860310668 1.3412387 1.6236827 3.8446262 0.4621037 1.5486008 19.800991 1.7198128 46.757991153800134 
Car -1 -1 0 447.4225905992449 182.2627683059809 561.0461377360181 233.3112333349348 1.3764052 1.6888821 4.0363426 -3.1546035 1.6976578 22.448584 1.9559671 59.237214108920924 
Car -1 -1 0 855.8150116389049 166.25873790471732 994.960874897007 221.98787692370414 1.4722881 1.6822574 4.0902004 9.120079 1.2980502 21.23758 1.360745 42.30176160403803 
Car -1 -1 0 365.9277568242789 184.7432529655013 470.35416264961407 226.91233105688374 1.3652198 1.6022594 4.0915976 -6.993597 1.8429403 26.795235 1.9600086 30.124646048670755 
Car -1 -1 0 403.28513523796585 184.24703945289423 506.4359634267032 230.33216308940928 1.378227 1.6318697 3.7821224 -5.181281 1.80002 24.654436 1.9433843 27.27978933933833 
Car -1 -1 0 321.660260590137 181.8468315591205 422.0068662717315 223.47366681886578 1.461376 1.6931839 4.167085 -9.279864 1.8449366 28.536411 1.860214 20.87967412117729 
Car -1 -1 0 919.4480970185435 167.162139130568 1057.8620424351052 216.87538288097377 1.4080415 1.6343745 3.912618 11.675757 1.2468293 22.532696 1.3248888 22.86854616249746 
Car -1 -1 0 683.1761719400139 185.0452975502273 744.7550487516488 222.1041671383748 1.502383 1.6943129 4.01311 4.8172865 2.0943768 32.860275 2.0058074 17.401568625028602 
Car -1 -1 0 978.6004006785055 163.41291386553507 1099.804543652345 208.97753256575362 1.4248936 1.5867963 3.7261374 14.4474535 1.1296525 24.510012 1.4481567 7.578409003175556 
Car -1 -1 0 64.14811357853493 182.09411053868334 189.05513949714583 260.33889767073475 1.7208915 1.7565145 4.444304 -12.497649 1.9863195 18.554474 0.76468265 75.22923639899652 
Car -1 -1 0 204.27221070072787 183.11490662154458 292.6791157856927 216.40979108608937 1.6478424 1.6345981 3.9450946 -19.444597 2.2306786 38.968784 2.2996318 19.639492484440094 
Car -1 -1 0 294.4150090969275 184.16548912904352 385.7715239403866 222.59024298632244 1.4489098 1.6182476 4.131912 -11.348697 1.9645833 30.69729 1.8024143 11.162994933066802 
Car -1 -1 0 994.0166067769119 164.11641917609376 1129.0044392100604 206.2005697979339 1.4056909 1.5890622 3.8988976 16.280746 1.1138389 26.200197 1.1102896 11.574154526357745 
Car -1 -1 0 637.095488425775 185.23881817681175 719.1882733581341 220.84479825931047 1.5553172 1.6330485 3.9528406 3.3385463 2.1841102 34.73566 -0.6999831 20.592715764932176 
Car -1 -1 0 732.9020646941651 182.577238448109 807.1994471232622 221.2018772556946 1.4892471 1.6364356 4.1267304 6.970274 1.9368148 31.058851 2.1920621 4.894757828946767 
Car -1 -1 0 566.0971572841322 187.81369694466687 620.9164604686733 219.07086930537213 1.4725443 1.6152939 4.020003 -0.9103889 2.3101144 38.231644 1.1960226 1.7958560668682835 
Car -1 -1 0 262.86835895665877 184.14878247446885 349.956286339111 219.87089384977997 1.4399369 1.5875152 3.7376728 -13.509598 1.9783864 32.379234 1.8627735 0.2694292962551117 

