Car -1 -1 0 193.57486102266557 187.2526710285053 290.88187586154095 231.42282402237308 1.4458977 1.5747684 3.3966908 -12.716205 1.6038928 25.222109 1.6386883 74.72704889208407 
Car -1 -1 0 566.2324243851845 179.13537206847158 667.3340758069072 268.313857192181 1.443229 1.6375076 3.4474888 0.22734746 1.3788987 13.173783 1.5624695 74.13750389582076 
Car -1 -1 0 850.1978918555045 159.80932720006322 936.3886327655886 191.04972099634566 1.5551181 1.6072388 3.7311656 14.809433 0.39521223 36.046944 -0.024236646 32.666391344894976 
Car -1 -1 0 347.7715137934358 178.0767813173044 414.672429835841 207.32335014002263 1.4779317 1.6265179 3.9364734 -11.726149 1.2235655 37.835907 1.807636 6.871355218171244 
Car -1 -1 0 580.4222379356085 171.74663979900276 635.2861650615225 224.06268249884374 1.5770065 1.63148 3.8576968 0.1227828 1.2344592 23.272272 1.5336292 16.072944429944357 
Car -1 -1 0 549.3948787360904 170.35146158959842 579.9258757161472 193.46463339918913 1.4855675 1.633918 3.9041965 -2.5398238 0.66550434 47.505352 1.4093516 9.933111846229231 
Car -1 -1 0 608.0453875222343 162.61546055265455 668.4551081277291 186.60581437677914 1.6322173 1.6480875 4.1102867 2.492822 0.23781559 48.977715 0.022354804 4.748491470277756 
Car -1 -1 0 463.2398963575174 167.33012982743134 526.9189664025032 206.1794602036085 1.8128881 1.6044667 3.591027 -5.3171453 1.0765084 34.914818 0.9294763 29.35786895330269 
Car -1 -1 0 920.7620442732397 159.0762630558791 1040.1492611465465 195.6868561792128 1.5067377 1.6551068 4.165698 15.959717 0.51759404 29.942286 0.0066531524 1.393436549071866 
Car -1 -1 0 589.537726216027 167.02798851107892 607.5284985218083 182.41697311729885 1.4402968 1.6062453 4.20152 -0.29847598 -0.06924972 68.49222 1.5987287 1.1539751151908544 

