Car -1 -1 0 710.1249254817867 185.3429455098685 905.5882006344257 314.24211084827215 1.4181035 1.6214404 4.098836 2.5835838 1.6339037 10.40294 1.5514296 131.36965008132162 
Car -1 -1 0 691.2723523766665 181.37344411311662 789.8913820193892 258.6377148784553 1.4941223 1.5776482 3.586857 2.809404 1.7060263 16.148207 1.5774045 65.53268229953632 
Car -1 -1 0 664.2632206218598 178.42567864803397 738.3567270920089 234.63064021399563 1.504917 1.6135825 3.7893882 2.6537561 1.6867261 21.62253 1.5355675 61.96872154029439 
Car -1 -1 0 0.0 192.19250433473076 302.6246236103104 355.83268022729106 1.4327414 1.5353596 3.4643393 -5.4777484 1.6947088 8.228489 -0.53702426 109.20180359147437 
Car -1 -1 0 651.3087641322326 177.3505889271052 692.5403717775428 213.5112430075981 1.5747602 1.5731068 3.4682238 2.8550735 1.7950379 33.60139 1.5565617 23.05050674649518 
Car -1 -1 0 421.80124440592357 180.97146370828804 526.8905326594128 219.77882374177682 1.4534717 1.5983292 3.9044104 -5.495132 1.8044275 29.470585 -0.5688326 59.15238536061083 
Car -1 -1 0 86.08084224502369 184.57987568904946 379.80915182021556 303.7887127245426 1.5293975 1.6023052 3.746378 -5.599254 1.7347375 11.09746 -0.45129293 53.233847900021196 
Car -1 -1 0 206.1367424651078 183.58683023790093 434.17754373532887 276.02532058589816 1.5393958 1.6261139 3.8653665 -5.4891925 1.7690983 13.907298 -0.42313665 40.96323287932393 
Car -1 -1 0 637.9817784378303 174.3870554470113 668.1221034116382 203.41508092452455 1.7018447 1.6868756 4.3375354 2.6498203 1.8014961 44.717094 1.5896947 8.718280737581455 
Car -1 -1 0 458.4060718293445 180.20763288861792 545.2786126100591 212.12509167963853 1.4543486 1.5837307 3.8910468 -5.249399 1.8303527 35.26152 -0.5032624 14.500845210866489 
Car -1 -1 0 484.9593245649917 176.46412426927571 557.4945865372548 205.89548009934796 1.587607 1.6092838 3.762574 -5.004408 1.8010952 41.0 -0.5496465 10.452228975300965 

