Car -1 -1 0 111.99696409214542 199.646335071671 343.90955473439334 338.44276919996554 1.4961927 1.5908673 3.7212539 -5.2074823 1.9543364 10.426998 1.5016199 95.14223140770535 
Car -1 -1 0 642.7906998401925 181.807525265148 792.3127921573291 235.00681798822293 1.5299394 1.6744723 4.2852845 3.3216798 1.8242462 22.447575 -0.2122065 54.166367792800415 
Car -1 -1 0 914.1798259568012 190.92100225292862 1242.0 373.8533365353868 1.5344085 1.6481541 4.079612 5.472725 1.7468665 7.377853 -0.14335297 74.0859336376411 
Car -1 -1 0 706.6644802945726 185.4112483095919 883.8515997427376 251.55267767097752 1.4639276 1.5936066 3.8659358 4.4681125 1.7895322 17.558136 -0.19202659 40.571817685911135 
Car -1 -1 0 799.0267078156752 183.09935918917043 1149.9942796133423 314.880640041181 1.5873454 1.653662 4.084855 4.88643 1.7436488 9.933027 -0.124871075 80.6759446869685 
Car -1 -1 0 765.9418790901323 187.97104950255346 1022.6636048367513 281.75639716260304 1.447815 1.5893483 3.9727702 4.937731 1.7381461 12.686846 -0.198443 37.313280657188656 
Car -1 -1 0 737.864155624041 184.8051083015019 943.6899847338475 264.95285788508875 1.5220296 1.5957875 3.79566 4.775257 1.7904861 15.117592 -0.16010088 24.245718371101013 
Car -1 -1 0 620.9860254439736 182.22563884379485 744.2967679363312 229.6472605504842 1.5208921 1.6443624 3.9072008 2.466309 1.8572359 24.745586 -0.17517783 16.517738010171488 
Car -1 -1 0 609.2433280421862 178.15044928250543 723.1538703956331 223.77566631150404 1.6227939 1.6704319 3.964178 2.1134377 1.8323343 27.25459 -0.24509889 24.877227462537142 
Car -1 -1 0 345.14236260311225 176.4260980539033 414.459246059854 231.63774795521118 1.7876505 1.6545029 4.2482986 -8.129475 1.926663 25.864136 1.4371831 37.182589742478434 
Car -1 -1 0 521.0939821943077 181.04652216522496 581.5296507700815 203.90507147067305 1.4837179 1.6029311 3.9500089 -3.954615 2.049808 48.74439 -0.16376288 6.147882565275973 
Car -1 -1 0 547.030186170464 179.86369236808085 621.0678061033517 209.51945581875387 1.6340293 1.6605085 4.0225782 -1.4895198 2.0507298 41.624504 -0.23077434 9.367038597268381 
Car -1 -1 0 586.6986936075488 180.83295861099293 679.6683169214508 216.87783982980557 1.4898295 1.5977815 3.7732937 1.0318522 1.8565762 31.796839 -0.3306304 4.9770584063241685 
Car -1 -1 0 559.1909880871244 182.54359101209954 641.771227423705 214.21672080211783 1.5194397 1.6337934 3.923524 -0.46286726 2.0389874 37.128338 -0.42971557 2.7152603446487724 

