Car -1 -1 0 164.26622077278358 190.79307415038437 320.32838674187207 291.14583260405686 1.4467819 1.6637423 4.5311384 -6.693524 1.8460734 13.66026 1.3250717 88.50167102123471 
Car -1 -1 0 1080.981517105609 169.48364064971915 1242.0 284.8721315114083 1.3630806 1.6280277 4.3094263 8.08647 1.3232666 10.784925 2.1230898 77.32154842645951 
Car -1 -1 0 34.99218430920479 201.11784918912426 128.8306885383187 246.89479905011208 1.5038536 1.6786318 4.291398 -20.936668 2.7232618 28.834202 1.2832052 22.171635257293158 
Car -1 -1 0 369.0153224619734 180.75563584753164 422.963541315801 228.28255693619465 1.5943313 1.803381 3.634759 -7.9887953 1.9106398 26.877676 1.2600634 33.26844118060121 
Car -1 -1 0 647.4781147828587 177.62711915957226 752.889603333182 228.16568802625935 1.4197431 1.6074706 4.011855 2.94599 1.5842845 22.770075 2.183662 34.1487217046151 
Car -1 -1 0 811.7333495134001 175.3524868962409 983.8983431015139 256.55017161310366 1.4056981 1.5773318 3.9179804 5.866792 1.4623402 14.482213 -0.710483 78.76590498578905 
Car -1 -1 0 618.4887439837574 178.55800707776453 716.9397142193311 222.3361943072977 1.3853918 1.6180129 4.1470747 2.1453905 1.6046026 25.56369 2.1755433 23.376664882936996 
Car -1 -1 0 747.4130815363486 177.57303298810464 896.5932549170889 243.819878628382 1.4040722 1.5896244 3.9550152 5.214287 1.5307083 17.462963 -0.71810484 51.70145550791455 
Car -1 -1 0 967.6887956149492 183.589341227708 1079.3541021809804 224.98849893375746 1.4263821 1.599298 4.002483 15.615341 1.854154 27.206268 -0.4191548 20.843580686325186 
Car -1 -1 0 1021.3969334117468 184.5510946151423 1142.9065071511866 230.87660507796622 1.4578109 1.6036216 3.8941813 16.339832 1.8863497 24.94607 -0.3944085 13.454275965506886 
Car -1 -1 0 697.437040786405 179.3637393658231 832.8555868218384 235.8339748513549 1.3904406 1.6023245 4.0273743 4.4096413 1.5895014 20.137087 -0.71662 15.3996263802584 
Car -1 -1 0 537.9664284447127 179.0426484941177 625.121452505411 209.8781285437708 1.4804342 1.6305786 4.1306386 -1.4295795 1.8072321 36.660736 -0.33016592 11.2695948231328 
Car -1 -1 0 466.5337564669114 181.92300347042413 489.29026045685146 198.54149789302312 1.3627336 1.618883 3.5591347 -11.556549 2.1815362 63.21099 1.2917732 3.859732633188168 

