Car -1 -1 0 728.9273179699755 160.83596831438163 837.9344833157423 259.4298468926638 1.6542187 1.8135655 4.207194 3.506357 1.4525788 14.37353 1.8352811 55.76720403594088 
Car -1 -1 0 939.7764028173629 175.65506412914155 1077.092378578548 225.12719727177029 1.4182789 1.6042833 4.026742 12.386452 1.5111821 22.395248 -0.4086123 87.59533518866286 
Car -1 -1 0 1067.1450302986775 171.3727769371704 1199.2205836884598 214.0420790470829 1.6709232 1.7241397 4.309469 21.242315 1.6129186 29.349419 -0.11034741 32.96473137274482 
Car -1 -1 0 748.1163431789436 166.60966597883765 866.762377800426 211.35680473253674 1.6537398 1.6895318 4.1143923 7.4960938 1.422965 27.618923 0.053086728 26.30032981215639 
Car -1 -1 0 633.3436987476945 171.77052664702757 661.0812488991687 193.0902515926956 1.4986118 1.6530175 3.7092476 2.710688 1.4224517 52.611546 1.521602 12.326987317948026 
Car -1 -1 0 309.9007849030318 170.9218847327338 356.3679980385046 197.37489148759047 1.5654497 1.6718537 3.980291 -17.080387 1.4511098 44.75698 1.4804506 10.633101131213541 
Car -1 -1 0 523.7928229949573 170.28734825637872 555.857155913335 195.169240680177 1.5066379 1.6921409 3.6525404 -4.358846 1.3512229 45.52186 1.5644433 7.256601877303139 
Car -1 -1 0 404.95047016534005 172.53930885482103 425.27566105932834 190.49040611964094 1.5129535 1.6315924 4.157185 -16.953749 1.4864304 63.026505 1.3275245 0.3458421230316162 
Car -1 -1 0 30.235236870292454 175.6614439519291 138.96405812850696 207.87953041499983 1.5020392 1.634184 4.1030035 -25.191961 1.6405761 34.70084 0.042946167 0.5930021226813462 

