Car -1 -1 0 696.4359092479538 173.05602535846458 825.7590066416983 259.02486244852327 1.4774976 1.603892 3.9554925 2.854398 1.4820976 14.419794 1.5287743 132.37034923051388 
Car -1 -1 0 805.1296109606907 175.58827908644548 1242.0 375.0 1.5418499 1.5974749 3.5765803 2.9576313 1.5716226 6.051329 1.5489737 109.3900117981739 
Car -1 -1 0 652.8353072767181 175.72056745121336 720.2633326235732 223.95124262021397 1.4298861 1.5913097 4.212999 2.4414284 1.5328896 23.786287 1.5252453 66.5855194829171 
Car -1 -1 0 86.07999742269969 196.42757135621153 203.1378320135744 241.3445601766539 1.5188646 1.7330636 4.46981 -18.52716 2.5411131 29.02957 1.6000876 34.67365921867742 
Car -1 -1 0 322.32103238790194 188.3510146525482 367.27442263497255 211.72039177303026 1.4623 1.6930285 4.4221325 -18.415415 2.5925574 50.377136 1.5251013 16.30337715403633 
Car -1 -1 0 191.7245172307638 192.136165623733 271.106390827117 227.90793172241166 1.5441484 1.674574 3.9575903 -18.411633 2.542284 35.334705 1.6171776 18.073931372690055 
Car -1 -1 0 639.4248069556346 176.06747477535066 690.634721757248 214.6042482945973 1.4443161 1.6033151 4.1807933 2.1964512 1.5852358 29.518936 1.5283782 12.896955178469975 
Car -1 -1 0 623.5653539037099 176.66939222146576 655.9638663196107 204.1804666579289 1.4350661 1.5886492 3.9812393 1.6381181 1.6581801 40.193134 1.5581307 4.138277418374891 
Car -1 -1 0 605.2979082449888 176.63482636102557 628.2390846305055 197.23450252622584 1.4827528 1.588677 3.667612 0.5154991 1.7779194 54.473663 1.5413917 6.539903607142956 

