Car -1 -1 0 72.01393974195295 195.21425083580246 329.7937638297764 333.6382385298526 1.4421245 1.6223152 4.1673546 -5.4809637 1.8294162 10.353571 1.4876345 103.50088842341631 
Car -1 -1 0 311.58554138592217 187.7514105888964 445.0446294747637 267.9175270729571 1.4978601 1.6717434 4.1154113 -5.038231 1.8772717 16.31247 1.5782362 66.76713022012791 
Car -1 -1 0 0.0 181.24890287364917 175.41051049923576 270.89526437883546 1.480351 1.637399 4.1674786 -10.376435 1.6659988 14.108659 0.59636676 58.00807661488321 
Car -1 -1 0 384.23811921839183 184.43203207592018 472.7428803605044 243.56177853104793 1.5246361 1.6415299 4.0341053 -5.251189 1.9008063 21.419773 1.5634983 41.50685588991412 
Car -1 -1 0 72.35213027478699 182.37481330330553 237.90441837367285 256.9639375004659 1.5042742 1.6519625 4.1837053 -10.657814 1.7506065 16.842983 0.5708872 39.784401248450635 
Car -1 -1 0 277.44379646004074 183.31881282789948 388.2584999478563 228.3356126640335 1.4759192 1.5748869 3.669066 -10.093984 1.890101 26.56907 2.0661528 14.90132800196602 
Car -1 -1 0 490.5001223124813 181.77846430829555 520.262906413618 202.2241164588258 1.4187026 1.5402746 3.551689 -7.6823053 2.1022658 53.456116 1.617111 7.177792935786899 
Car -1 -1 0 217.9043391262229 176.4168171719942 328.15174078080514 233.6383686942923 1.6211433 1.644366 3.8932633 -10.570961 1.7418549 22.561499 0.702093 8.723275952636392 
Car -1 -1 0 242.72029102598412 166.84141700068585 335.0863120663313 195.82534282015044 1.5033029 1.6323154 4.1757717 -16.95408 1.1914494 38.264015 0.011530042 1.1766077051636203 
Car -1 -1 0 324.9534496615479 171.8961733723199 405.90884213060025 214.61017582047742 1.854106 1.6719916 3.7888722 -11.234295 1.812529 33.126015 0.6439387 4.036954567346607 

