Car -1 -1 0 877.0929222359284 176.9428161378815 1103.6645643052316 291.8955197210421 1.4392235 1.598562 3.8689384 5.5718594 1.5135242 11.142689 1.6163701 115.96233137884941 
Car -1 -1 0 288.25915642169025 189.8082955707594 398.6167983457561 226.73454001948937 1.4444727 1.6666973 4.378211 -11.5995865 2.2244768 31.492107 -0.4503718 65.0975141645867 
Car -1 -1 0 115.8594928204583 193.24789106170897 246.03813056759793 236.41876982728581 1.3925354 1.60748 3.9441144 -16.136509 2.2249541 27.3535 2.1313882 48.82979082105909 
Car -1 -1 0 432.08323217699865 183.74425622649116 477.6350929711641 209.86270611834854 1.4556422 1.7569344 4.415158 -9.428579 2.1578522 44.297802 1.5940157 43.44388926463082 
Car -1 -1 0 480.3412389799207 179.8425390877749 568.2219626720594 214.75042590433523 1.5259185 1.6357565 3.8475485 -4.0088964 1.8692951 33.822563 0.4920243 69.09225634059344 
Car -1 -1 0 1034.1334411405057 155.10468559883827 1173.026880972382 197.3556163072461 1.4388053 1.5686213 3.790928 17.314222 0.83437335 25.405415 0.026523478 18.871521913510957 
Car -1 -1 0 640.6382994696878 174.18135502748189 674.2727928124013 198.8761173961152 1.4956353 1.675833 3.7406268 2.9993825 1.5834572 45.822613 1.5114481 7.572127058588654 
Car -1 -1 0 941.4345809360868 151.72076316095402 1060.614092005453 194.9786353332194 1.6402115 1.6235802 3.7713737 15.22404 0.83890104 28.186577 0.008604732 34.73101300559476 
Car -1 -1 0 195.87672978275066 188.33098004889334 304.8393041076342 228.32290630867132 1.5970056 1.663466 4.0913916 -16.010342 2.3306735 32.260487 -0.68955004 16.715141965812848 
Car -1 -1 0 71.77525597218376 193.5161008265026 196.99808875984664 236.0156803568668 1.46429 1.6017758 3.8814163 -18.881708 2.3461084 28.797495 2.2769153 14.597633058939094 
Car -1 -1 0 1059.369867110493 154.76880493499252 1242.0 243.03924979245411 1.5132846 1.6375821 3.932967 10.962399 1.2032368 14.352382 1.5908859 2.9477060601241494 

