Car -1 -1 0 27.959017953090225 194.8377746838267 416.21716770031014 375.0 1.4007757 1.6790706 4.4672694 -3.4228945 1.6975851 7.498094 1.5587306 123.07182415434701 
Car -1 -1 0 487.38610636670256 177.69909485514506 531.7155372118198 213.56751861021957 1.453546 1.6247078 4.101512 -4.357288 1.6818303 31.901167 1.5115752 39.84690704687602 
Car -1 -1 0 732.4669361053681 184.34312865097013 956.2922230048583 320.6691418469347 1.4474345 1.6130883 4.418201 3.0056722 1.6466398 10.274139 1.5353295 115.97820181256171 
Car -1 -1 0 681.2705328515626 165.1008983585642 790.4970666022871 249.43523178303784 1.7879312 1.8131621 4.427864 2.9017396 1.6235614 17.524935 1.5550132 94.81685746006839 
Car -1 -1 0 0.0 182.7463346934595 282.98214063499233 279.95719660581585 1.5756638 1.6502666 4.210691 -8.264626 1.7631509 12.776609 -0.035112295 59.56709757942314 
Car -1 -1 0 633.1956693883627 173.08500139832003 678.7798422008169 209.24242575710724 1.5608113 1.6069158 3.8159163 2.0732317 1.5720437 33.128426 1.5048902 31.561924047139403 
Car -1 -1 0 650.8673910526345 173.78088183017184 722.6043479220579 222.32754822085056 1.5855031 1.6709117 3.8008668 2.6542153 1.6210005 25.63726 1.4349332 19.876991332612253 
Car -1 -1 0 532.5722896921269 172.98312788453393 554.041302586569 191.26589970456075 1.3978684 1.5740268 3.9096603 -5.221943 1.4084615 57.194576 1.5102882 2.412625351243464 
Car -1 -1 0 602.0730964669078 173.7321311426603 621.6709319647857 191.9862382984899 1.5176479 1.6342613 3.680635 0.18787003 1.595356 62.00851 1.5680726 2.744597481660275 
Car -1 -1 0 616.9439755970633 174.95815200549072 649.4364628268972 202.69452682036695 1.4641016 1.5707464 3.4826741 1.2755439 1.5862683 40.124046 1.5348959 0.58489297789163 
Car -1 -1 0 474.2340930203627 166.6837793471214 504.5656014723988 187.46634639791264 1.5961719 1.6114227 3.7432036 -9.508385 1.1222776 57.326973 1.6220495 0.2849281430244446 

