Car -1 -1 0 699.3534183550995 183.92040531325364 831.7104728596147 288.05962002729456 1.5334196 1.6525657 3.7800572 2.6224594 1.7612555 12.9429455 1.5984162 117.87566972709175 
Car -1 -1 0 160.71881719317562 174.60074728338452 266.90472762283866 224.09064643755676 1.6073918 1.6596246 3.6512167 -13.806711 1.6733924 25.414364 1.5997813 76.36630856768558 
Car -1 -1 0 659.7502596982976 180.497139889759 707.2990579508008 226.7100281912701 1.6510496 1.7131798 3.99724 2.8545225 1.9746935 28.504545 1.6337196 42.11716096972923 
Car -1 -1 0 7.273489563444655 178.79306549130985 166.33840992689213 239.16536548268385 1.45933 1.635825 3.7942433 -14.080254 1.6373937 19.724787 1.5570163 34.361080056175055 
Car -1 -1 0 581.457973062061 177.4359681577699 641.1518722376269 235.20903683479784 1.6566725 1.7404332 3.9247944 -0.00022661686 1.8152698 22.990082 1.544267 34.51158718759561 
Car -1 -1 0 294.26145345950556 176.98577810070645 367.81028636278415 210.99663402336077 1.5472349 1.7683737 4.4247155 -13.638332 1.7640672 35.61815 1.6128659 33.58129567782069 
Car -1 -1 0 687.8010886421603 189.02142090242182 773.6384335783678 253.0057472337398 1.3990792 1.5434852 3.5083265 2.992857 1.8518703 18.43924 1.5519003 19.519571054618535 
Car -1 -1 0 387.5217265759156 177.63059065989268 427.48873267332556 200.22114959443755 1.4921019 1.5956941 4.009589 -14.096502 1.8400345 50.53521 1.5936508 4.70425747728637 
Car -1 -1 0 620.9897357578087 182.99637127913397 669.167744842388 218.36501151105367 1.6065307 1.6261857 3.9315684 1.7131813 2.1420903 36.03061 1.4120171 0.5998926135404403 

