Car -1 -1 0 0.0 185.406813897363 78.52342063421665 246.67406222302589 1.4667102 1.6323783 4.1341166 -16.029602 1.8563051 20.269012 0.8975895 30.288307184132517 
Car -1 -1 0 1117.6864941175788 124.39164119938373 1242.0 224.588118582778 1.7529445 1.7260462 4.3645573 11.99159 0.905092 14.725363 -0.7334489 53.03242989032265 
Car -1 -1 0 222.6977448475702 168.2687221364245 479.44748387700236 325.47102452724033 1.5444428 1.6368275 3.9310613 -3.4136539 1.4993944 9.087778 0.8248281 96.04403284225393 
Car -1 -1 0 733.194413020809 136.2588963924033 820.5978976853132 170.4856729359855 1.5631889 1.6677544 4.0693107 8.136344 -0.12313664 35.381912 0.9363945 10.020112032039195 
Car -1 -1 0 849.091607351791 133.43828120139466 914.8832133072139 165.48626282907097 1.4602934 1.5864434 3.616409 13.441617 -0.3812244 35.522297 -0.74852216 42.70937473330236 
Car -1 -1 0 893.8759919518542 126.97929109189762 953.0930105720386 158.512761975433 1.4976723 1.652891 4.0683613 16.660793 -0.8003069 38.20437 2.309089 15.865648932609618 
Car -1 -1 0 638.8904623982664 145.14438897124106 730.7047432102927 180.6420426635131 1.472936 1.6320539 3.9979832 3.2735178 0.3231561 31.978128 0.8476691 5.908314398399253 
Car -1 -1 0 527.4202182100764 150.73171990324818 654.7778288892039 212.9616420983388 1.8917041 1.7089015 4.088976 -0.54828453 1.2192171 23.933413 -0.7295138 6.4690435563823225 
Car -1 -1 0 683.2086868669481 138.6655101173954 771.4357612898459 175.82885395475896 1.621881 1.6582319 3.8824146 5.410953 0.12982827 33.49989 0.8576524 1.9178966317896315 

