Car -1 -1 0 341.82595905476455 184.57702164025272 475.14205428579754 264.83719789095323 1.489682 1.7554238 4.3906016 -4.3218756 1.789196 16.234802 1.5761052 132.56381269399324 
Car -1 -1 0 558.39973290431 176.47602520899997 627.6526265969356 239.09945283917128 1.4555401 1.6312945 3.4773042 -0.36022753 1.5583361 18.725538 1.5878679 56.329705598934616 
Car -1 -1 0 783.5702771728346 156.229092700533 918.8599525445085 230.14798029435752 1.5482365 1.65516 3.8779058 5.5557876 1.2000265 17.111174 1.491354 82.06922025600704 
Car -1 -1 0 472.97352505656204 181.17126174914344 531.5710417679205 220.17215645513656 1.4838943 1.7550836 3.9901628 -4.4309516 1.8568901 30.336569 1.6020277 30.56244247740546 
Car -1 -1 0 643.6771785522251 171.76127861440173 693.3717565670032 207.00579733653996 1.5452508 1.7477216 4.686521 2.7007205 1.4973416 34.0168 1.5235685 30.46567805142322 
Car -1 -1 0 522.2108110649094 178.13224790936889 557.6139146691946 203.00647286186134 1.4778012 1.6674361 3.9929774 -4.3699074 1.8275027 45.7679 1.6218274 9.70816678115604 
Car -1 -1 0 1006.9486797057198 133.5355370745766 1149.6786505591642 182.74155080791658 1.7604787 1.7027798 4.1485267 17.288218 0.35375383 26.754154 0.04271244 40.690707304199506 
Car -1 -1 0 1141.6706580516998 122.37217019300603 1242.0 161.9187819065341 1.5121586 1.6699187 3.8332598 25.049479 -0.4959129 30.711588 1.4382129 7.376941649989699 
Car -1 -1 0 1082.1062323913382 128.93790538513875 1190.5125425380586 168.61884655662047 1.5448154 1.6314734 3.7271032 22.085077 -0.1899836 30.434917 1.4761243 0.28224697709083557 
Car -1 -1 0 636.293829609375 172.63570510847273 666.4289303792531 200.98126829326475 1.5497918 1.6377759 3.9033697 2.4413068 1.5378563 41.461765 1.6520917 0.25468316674232483 

