Car -1 -1 0 700.0281919489247 176.05629224746346 827.2979911939863 266.11180205230465 1.4949371 1.5839119 3.7106576 2.825681 1.5653411 13.98724 1.543625 97.31063869284341 
Car -1 -1 0 662.005557176905 172.99414663003012 734.8076575833152 227.7888562991012 1.5379424 1.5942817 3.699361 2.6365843 1.5426118 22.15115 1.5170538 68.5737055948957 
Car -1 -1 0 774.767807312368 180.8501116567819 1036.9917819664906 362.3794204649754 1.4664029 1.5410745 3.3248038 2.8428454 1.5701952 7.671834 1.6137862 84.99823578750609 
Car -1 -1 0 95.48131895046087 197.30535739899366 225.28264885710513 253.22736459282714 1.5593094 1.7763224 4.0393057 -14.703817 2.4381473 23.910883 1.5744041 80.1222265707474 
Car -1 -1 0 0.0 202.38058952903967 116.76887744368209 256.7633571787949 1.5680766 1.6002312 3.5589566 -18.759293 2.6445138 24.522491 1.5672817 71.84784012200129 
Car -1 -1 0 635.9732232480918 175.53580606750907 683.1501802229297 211.03646382059512 1.4361379 1.5807382 4.1196246 2.124124 1.5613936 31.602901 1.5202835 23.222863793067187 
Car -1 -1 0 198.96381193036754 195.23749442823174 275.16444362244437 229.28955335699263 1.494465 1.6800777 4.229682 -18.764046 2.6943457 36.56306 1.5701176 18.581716136719418 
Car -1 -1 0 313.509392834945 189.13498594004506 360.80690462021226 213.1797340785548 1.4817922 1.697595 4.276557 -18.63012 2.6480834 49.534477 1.5530375 5.244010623655607 
Car -1 -1 0 356.9887004956628 187.26647113140922 389.3611340438006 207.603516460382 1.4938993 1.5945783 3.9520607 -18.929852 2.6914866 57.92064 1.4887869 1.685226056621742 
Car -1 -1 0 264.52663255063567 191.15747264510622 322.2668702885577 219.3040245234003 1.4932208 1.6163759 3.9957478 -18.723976 2.6328795 42.912235 1.5913254 1.3326163409530767 
Car -1 -1 0 615.601964212911 176.19959200806386 642.3452367745319 199.95158057474373 1.499652 1.5800452 3.6600397 1.256105 1.7304672 47.928684 1.5435535 0.5265134572982788 

