Car -1 -1 0 678.4635276826955 183.28646697670584 756.1955821823626 245.88090860108687 1.4396652 1.5429655 3.453956 2.7303698 1.738051 18.904943 1.5776696 57.92651823229007 
Car -1 -1 0 711.6662061767221 182.2891336770372 843.3365107084167 272.8895286489939 1.497906 1.5507176 3.4546888 3.1245022 1.7052442 14.077748 1.4995797 95.32312002002605 
Car -1 -1 0 755.3344825406579 186.15930706019665 999.6999879595065 346.29910016140275 1.4417343 1.5790429 3.7995079 2.9157765 1.6377561 8.721627 1.5820312 152.664112055405 
Car -1 -1 0 0.0 187.8396510323961 414.90755954530033 348.0298177563133 1.4907811 1.6744988 4.3685107 -4.5042386 1.6718147 7.801304 -0.035946764 117.91655554628879 
Car -1 -1 0 215.44583280871316 187.04344371514395 456.30530384571694 276.66391275403544 1.4662608 1.5675204 3.7132826 -4.7519875 1.735995 12.891113 -0.022299167 53.6920071551557 
Car -1 -1 0 305.0249726216334 173.65956361925342 501.8128261217752 263.7846917619465 1.7889032 1.6500051 3.672565 -4.292539 1.8071334 15.3342 0.09447151 64.19604898882778 
Car -1 -1 0 662.392125902917 172.70508650200745 714.727014389393 219.98659763301313 1.7847004 1.6063315 3.5551062 3.115921 1.7790793 29.038494 1.537721 30.674115055266714 
Car -1 -1 0 101.15736470393271 189.55978620561032 427.88135087063154 304.4729102217502 1.4769769 1.5905056 3.9377103 -4.773454 1.737654 10.392367 -0.03646904 7.152739537369822 
Car -1 -1 0 649.7557016722122 176.99368869329376 688.7736604988786 206.98974527509344 1.4889358 1.6134379 4.1254377 3.128983 1.7216772 38.47896 1.5389831 3.3623491029295955 
Car -1 -1 0 490.61525542790986 169.63105016093184 567.4095189844834 202.5159580333773 1.8660368 1.7339387 4.270419 -4.622402 1.683152 41.83016 -0.00934298 7.576591915250971 

