Car -1 -1 0 594.8424553110086 183.13590215764043 641.7721913209476 220.08614948231312 1.4505982 1.6590846 3.9272575 0.32053125 1.9281894 31.485516 1.4816259 52.59970200467056 
Car -1 -1 0 762.8771744334433 181.62609814380718 1059.9834770818627 284.66280114171786 1.5041742 1.6212814 4.113764 4.7124834 1.6564736 11.608475 -0.05312806 98.53247518073877 
Car -1 -1 0 695.7792810727192 182.25968946824185 892.7712122894917 249.64599670738548 1.4674642 1.6259817 4.19106 4.264474 1.7019384 16.98931 -0.08992507 30.403618353939216 
Car -1 -1 0 735.104191855872 183.9799776724952 956.2904315281315 264.7638448043974 1.469532 1.5921826 3.850848 4.5786147 1.7042966 14.30222 -0.066698566 14.664296783847737 
Car -1 -1 0 680.5280849598046 183.17053411950727 818.8398005902494 235.43308527882348 1.4844708 1.5821911 3.8203332 4.1590657 1.8083467 21.751066 -0.058166035 13.863096531953854 
Car -1 -1 0 390.64337259106844 180.6952146544218 441.52468918187867 213.7930761506877 1.4471021 1.5388197 3.4746718 -9.090023 1.8370582 34.130394 1.5501554 6.170494174597066 
Car -1 -1 0 382.5186873303201 184.63165221147378 495.74154206040356 231.02317753121753 1.4826097 1.5452651 3.43509 -5.663927 1.8908886 24.233665 0.003620974 3.5170900664918463 
Car -1 -1 0 588.1046197160301 182.78872453540941 624.0054086109888 212.07828644154495 1.4277655 1.5450833 3.473784 -0.22642553 1.9788437 38.212414 1.460751 1.0646381043111433 
Car -1 -1 0 519.854127656473 181.31112328995738 539.8138781772644 200.64541674483712 1.6063846 1.6986498 3.8270354 -7.0218267 2.3761232 63.681152 1.467671 0.8881420076070355 

