Car -1 -1 0 411.91373392262165 177.2633580134116 453.49136984136334 203.33077171349493 1.4713416 1.7755857 4.429577 -10.66479 1.7528074 43.778107 1.4883494 13.746221571721808 
Car -1 -1 0 874.2458331280619 174.34600125963422 1043.5594229872133 225.39824724067793 1.5289825 1.704639 4.4594207 10.813354 1.5774451 22.549131 0.015894061 75.08684110309757 
Car -1 -1 0 290.7762246704869 176.83593949298523 415.31278179959645 217.99934079264807 1.4892426 1.6771518 4.3309145 -10.084185 1.6581851 28.557446 -0.71730864 87.84546469654022 
Car -1 -1 0 746.3124875053048 175.1273594264883 814.5545559465946 201.38731790660603 1.4118949 1.5262833 3.4254022 9.626559 1.5454893 40.74151 0.6678556 55.057314440892696 
Car -1 -1 0 1101.4723290186241 170.0828918091398 1231.9847413375628 209.15221096062157 1.4916874 1.6003811 3.8530612 21.873476 1.3858849 28.429447 0.042199492 36.652919393164886 
Car -1 -1 0 958.9555896626656 164.37564131776253 1099.50753289289 210.56190042348143 1.7833052 1.7775029 4.5803413 16.650604 1.4559457 28.77201 -0.010434948 9.26277891391456 
Car -1 -1 0 928.112922301341 173.23639421302684 1069.0867450404992 215.97565891169089 1.469069 1.6287186 4.1301556 13.813936 1.4832594 25.797466 0.0809452 6.41953116337941 
Car -1 -1 0 577.944227530679 176.3139048846064 601.3831924092672 195.00703012818423 1.5154164 1.6305274 3.775176 -1.7162642 1.8183401 61.198517 1.4465678 2.0681331512965793 
Car -1 -1 0 646.1406812961233 170.17562952809573 714.5067085638941 201.2327397457212 1.887614 1.7313483 4.416181 4.4674144 1.7248256 46.109535 0.88259125 14.88750247491915 

