Car -1 -1 0 876.602495820878 173.3248423597372 1025.1342302873059 238.36275465017084 1.5755206 1.6680822 3.8304863 9.073713 1.5896144 19.55331 1.3663027 103.86874367336628 
Car -1 -1 0 383.00165348301203 174.49031765245226 446.261027000791 224.1308929650835 1.7442725 1.6701182 3.7829106 -7.503408 1.8114514 27.55622 1.1234477 83.50814563050764 
Car -1 -1 0 939.1278169503098 177.72770230216494 1095.7575192509876 232.3787720793745 1.4235636 1.6335312 3.9396913 11.867915 1.5818224 21.30203 1.2442249 27.948562954518657 
Car -1 -1 0 124.28658752473014 184.1019039962375 217.99820692657556 213.43498304838545 1.395642 1.5824108 4.0648956 -22.544067 2.0027552 37.277435 -0.49950355 23.078688249417137 
Car -1 -1 0 626.1401784140455 178.62846255655623 709.1186815810321 215.0013548663462 1.4365977 1.7181563 4.1443524 2.4460325 1.7061797 31.446978 1.1109617 22.082072608627538 
Car -1 -1 0 1082.240140569522 177.01664256860911 1242.0 223.53126154224677 1.4254705 1.6300503 4.0503592 18.750977 1.5803645 24.674936 1.0965215 19.088003581465262 
Car -1 -1 0 273.02344631634355 177.02968429934322 306.3858027439748 206.8951541432888 1.7392385 1.692258 3.9607425 -19.878075 2.0107644 44.769314 1.1024122 9.598315574452789 
Car -1 -1 0 534.6539889213783 176.54186171764877 567.0840639844803 200.17179021805833 1.5255291 1.6334603 3.9887648 -4.0555916 1.7887682 49.374794 1.3394475 2.0326703000841424 
Car -1 -1 0 485.66921252511855 177.93371128566292 540.7921574090918 209.52105486063303 1.469723 1.6105866 3.9603531 -4.913458 1.7409507 36.39232 1.1238501 1.4894417987808093 
Car -1 -1 0 305.0057809539492 178.16976131409336 323.2160231323121 192.45103159690484 1.4041713 1.6972697 4.002986 -30.62119 1.9707859 74.73581 1.1700664 0.6044858694724959 

