Car -1 -1 0 300.54200999713436 177.93326317246698 466.7550008823106 301.56986108085636 1.6406627 1.6228651 3.8465385 -3.4348207 1.7367038 11.68928 1.5311722 124.71025699542159 
Car -1 -1 0 844.7376214860651 176.85109344449475 1242.0 360.0468594760907 1.5365789 1.6104535 3.8051705 4.4238567 1.5798388 6.9493 0.028857231 155.65235744124917 
Car -1 -1 0 455.2407996248549 169.38351852116108 524.7925675112116 234.8346106049368 1.821641 1.6070167 3.9897113 -3.564765 1.7250501 22.10473 1.5343288 89.34359784995313 
Car -1 -1 0 683.0447950615995 168.5792377434597 818.8747176043171 221.1254610883366 1.5876579 1.6226122 3.9152803 4.392968 1.458498 22.741997 -0.06728694 40.45403696173085 
Car -1 -1 0 503.30918298786264 173.70012210577167 554.349067157788 216.20686071216016 1.7211046 1.6338619 4.2316284 -3.443624 1.7604797 31.438946 1.5998166 15.398684352221881 
Car -1 -1 0 749.740932661847 140.4627784509083 1111.0053343046995 302.4857760209432 1.9765148 1.7142045 4.1323757 4.146393 1.581375 9.753824 -0.046294138 119.06739414123204 
Car -1 -1 0 770.3983394403789 155.81495637478008 1002.2267932431621 271.2870844993695 1.8619776 1.6151055 3.3997386 4.6991425 1.5872245 12.545218 -0.061491586 19.81897209192147 
Car -1 -1 0 521.9782525545274 178.62404323100284 572.8463600158326 206.50957762819857 1.4733472 1.5749227 3.6537406 -3.4721365 1.8164469 40.92343 1.8852437 11.284964677639763 
Car -1 -1 0 676.2770174626463 174.2413413043812 795.502102675247 219.9957643197853 1.5326159 1.6116716 3.9395697 4.3271885 1.5827599 25.152264 0.062353667 2.495032742657921 
Car -1 -1 0 661.4544059562713 173.7422200578473 777.8154723328878 216.04348189975593 1.5605142 1.6707917 4.188813 4.127432 1.5954211 27.50502 0.0076470943 1.7806831919716286 

