Car -1 -1 0 673.5363165659775 178.0817501429003 759.2181035649386 240.4732884741717 1.4472322 1.5957549 3.7364883 2.6950345 1.5981865 18.94421 1.5417666 66.50861460150408 
Car -1 -1 0 0.0 172.05564139544612 149.0416067672992 234.52601996979632 1.4452189 1.6087731 4.014723 -14.018478 1.4267492 18.701477 1.5686461 59.0764854160585 
Car -1 -1 0 715.550171719318 183.4237099853913 948.1408900541257 329.16865998526663 1.4598889 1.6175637 4.3381653 2.662631 1.6351192 9.754819 1.5201855 131.69027689442746 
Car -1 -1 0 580.9377214132705 167.17874204624133 649.113635072191 233.87678621218905 1.6847076 1.7221469 4.47202 0.14155316 1.5413578 20.462492 1.5723768 40.294157396828105 
Car -1 -1 0 662.0574339130487 177.5203583997744 725.4592245057008 223.71045239818116 1.4493992 1.5991148 3.8122406 2.8317235 1.6234237 24.970667 1.5288606 27.9978026103984 
Car -1 -1 0 368.63718967832443 175.09649530501267 410.1232348735464 199.74452695899646 1.5094612 1.6030133 3.7794354 -14.1178255 1.6597438 46.444725 1.544966 7.380981471464578 
Car -1 -1 0 415.0049965617266 175.0111134172785 448.94456476749883 194.18814521677183 1.4757915 1.7580962 4.016034 -14.225664 1.6551815 57.99213 1.565589 7.672328602064909 
Car -1 -1 0 333.46389574540376 176.13368692555164 379.6112890426634 204.12405997471436 1.4589043 1.5559883 3.5161972 -13.914885 1.6482646 39.846214 1.4926012 2.802996907049507 
Car -1 -1 0 650.3427433040359 177.1004079714015 701.9154199983415 214.28339997890117 1.4667364 1.5728012 3.591926 2.7749891 1.6586049 30.744085 1.4834973 5.119844226919662 
Car -1 -1 0 635.0327993903969 175.06967517512868 667.216849534354 200.80630900949438 1.4825222 1.5918088 3.8650064 2.4843678 1.6232355 43.862198 1.532806 1.4863135598275734 
Car -1 -1 0 259.70353366276294 153.49354913251784 425.381912167374 219.03204791707896 1.594549 1.6306186 4.0810776 -7.063611 1.1235099 19.081955 0.38816068 1.8964875798076395 

