Car -1 -1 0 791.4939184063862 180.5578175630732 1031.9500726691522 264.0707401082053 1.5209688 1.6817476 4.3316765 5.9895887 1.6939216 14.798945 0.27627927 177.8277670043289 
Car -1 -1 0 305.30761725230616 184.96552483135508 423.1836219803499 234.8692082491027 1.5193272 1.5521815 3.378734 -8.043394 1.9376417 23.732527 0.26282406 61.59396929401849 
Car -1 -1 0 1067.3590801608063 180.48367941335206 1242.0 266.55299960908184 1.4891546 1.6149737 3.91464 11.263087 1.6468942 13.799742 0.16481505 80.6537205798525 
Car -1 -1 0 1051.4912814718098 170.80382452653873 1148.5700179900957 221.00304223506973 1.4454317 1.5719197 3.652005 15.367523 1.386399 22.550922 -0.6972584 42.55883895878345 
Car -1 -1 0 657.0098227222281 178.774646245824 762.0329580218693 226.29876352190948 1.4567466 1.5764481 3.6602466 3.4307911 1.6720138 24.403723 -0.75789374 56.928111967866386 
Car -1 -1 0 830.0066575159213 178.58166136440562 926.0128704586014 227.71165618453227 1.4072657 1.5914837 3.7947397 8.639038 1.6057622 23.062958 2.30378 11.164035797460931 
Car -1 -1 0 738.6544250662596 177.70438868110074 845.0885351534181 225.34995597047504 1.4221859 1.617633 3.9897804 6.1083884 1.5963874 23.927889 2.3518724 55.89197782062222 
Car -1 -1 0 930.5671876621747 173.53656214381311 1036.5348850168427 225.16160794238954 1.4490721 1.6035225 3.840906 11.540937 1.4718144 22.171715 -0.7202563 5.004093817213067 
Car -1 -1 0 1141.9862583155116 169.49716746117232 1242.0 222.50290640283336 1.4279305 1.6061215 3.8226132 17.32301 1.3375001 21.208221 -0.6259664 1.2368768937571728 

