Car -1 -1 0 616.2229534597029 184.4642612320162 671.341980599964 227.14999754857945 1.4212737 1.6993493 3.8795764 1.2120596 1.8888783 27.080635 1.5213796 47.80615693103544 
Car -1 -1 0 753.0543698973148 182.974115962755 1030.8655507492595 277.6305090996424 1.4805937 1.6209676 4.138272 4.70883 1.6669514 12.383097 -0.045484208 39.01058380042558 
Car -1 -1 0 881.132210056296 183.68465362710057 1242.0 361.7990222161423 1.5095196 1.5981333 3.8069954 4.8523345 1.6275442 7.039007 0.013023845 65.7740557621911 
Car -1 -1 0 817.9851924085251 185.4533301816014 1178.7184126560335 307.2647923932539 1.4733077 1.6036834 3.9929407 5.03523 1.6577308 9.730244 0.0147949355 28.19804097030926 
Car -1 -1 0 484.76358946155943 183.5593101833694 531.9378379042254 220.605350160603 1.4807094 1.5580558 3.6006534 -4.385362 1.9775276 31.683304 1.5732663 19.08617841559888 
Car -1 -1 0 727.1059698892961 181.44780830513102 917.0770231988671 248.43743741538725 1.4920523 1.6102304 4.027585 4.9276 1.7053126 17.092354 0.0039321952 19.42207465045655 
Car -1 -1 0 706.0266941780103 170.6593962802084 868.2512093388425 236.72594469078638 1.6935021 1.6786808 3.9262981 4.7265916 1.6372471 19.506731 -0.08945064 22.978632714272997 
Car -1 -1 0 131.8591236908882 194.43180050858365 381.2740463071035 331.4276152709563 1.4189861 1.57224 3.7052402 -4.537987 1.7715931 9.925924 1.5866706 18.685961017591712 
Car -1 -1 0 609.0153110377399 182.307018212437 646.1676221846534 215.88105948122293 1.4365606 1.5793064 3.7336993 0.8929838 1.9054105 33.86968 1.6401685 2.5743521785237076 
Car -1 -1 0 699.7813530945733 179.63846341794508 845.4264199553012 232.64702811821397 1.52553 1.6535203 4.024252 4.916646 1.7423108 22.03994 -0.09558899 0.561950858335561 

