Car -1 -1 0 576.2358717575181 184.03856977679038 656.2771002943568 255.67733170972943 1.4634659 1.6515392 3.5470905 0.2534912 1.7577075 17.147413 1.6519829 74.72089445764233 
Car -1 -1 0 500.2241275057377 184.71621945253506 569.3876968282983 234.15937594270937 1.4520726 1.6389444 3.7228842 -2.4041939 1.8787779 24.033707 1.6512862 73.07443981939055 
Car -1 -1 0 739.6488150489025 189.68554377380224 998.6193173968755 372.3963076055521 1.4405923 1.6089367 4.1497746 2.5666442 1.680757 8.186493 1.6157411 123.76592877661926 
Car -1 -1 0 694.1987131900217 184.96593957508628 775.1982906309148 262.40139404267796 1.4836828 1.6027188 3.2987146 2.7362094 1.7835066 16.11602 1.7111154 55.85319455488333 
Car -1 -1 0 248.88418811422162 190.72677730994272 342.6101390689136 228.58134753716232 1.590021 1.5973189 3.6882608 -14.142223 2.430521 32.700577 -0.25061905 41.716886655132825 
Car -1 -1 0 111.07219410411895 200.92582023503408 217.37434926259326 238.05707432831093 1.4798576 1.5861164 3.686518 -19.559488 2.7661893 31.83681 -0.25107068 32.428731748742 
Car -1 -1 0 610.3419954452809 178.60866314072732 672.3128494493226 230.89491519564683 1.6664339 1.6961478 3.9645324 1.2028127 1.8870051 25.557148 1.7440239 32.86263527950885 
Car -1 -1 0 677.4667793735201 184.09880363416855 741.8183988463969 242.4557362461326 1.4328519 1.6070844 3.9564002 2.7582846 1.784753 20.541069 1.6555736 21.97072203731053 
Car -1 -1 0 265.5434380408715 191.3361673929115 350.6181876940086 223.4090152394107 1.4933558 1.5954237 3.8479047 -15.169071 2.4626603 36.494617 -0.3100723 7.48052960676812 
Car -1 -1 0 680.5385612131223 178.86408292722848 704.8981243137121 200.81780091448613 1.6469178 1.6969815 3.6136596 6.609707 2.1386821 57.11103 1.7469144 7.508903625923315 
Car -1 -1 0 780.5405669743342 180.34333734352796 826.2763464251535 206.92982829247325 1.4601872 1.6133296 4.0158014 11.428273 1.925056 42.77423 1.5654564 1.3566671206666099 
Car -1 -1 0 579.0707931649961 181.46166466180966 609.6867824610397 208.98900437878407 1.518462 1.6003654 3.7060277 -0.8631338 2.0522366 42.861206 1.6093587 1.788524119758572 
Car -1 -1 0 49.64590469275803 198.58193245237402 140.71581553708808 225.9419456787774 1.4339666 1.5886608 4.0646744 -29.919685 2.9882038 42.101116 -0.37739068 0.27043265104293823 
Car -1 -1 0 726.7648017455278 176.91748565482837 745.5990915101391 193.95997344078697 1.4457405 1.6020283 3.855012 11.242612 1.8187859 64.20906 1.7323803 0.2512114942073822 

