Car -1 -1 0 384.629165661479 181.3920982233728 523.2649423223918 278.4812491610925 1.6226463 1.6365205 3.5667691 -3.2019806 1.815562 14.352499 1.031298 100.84361698296098 
Car -1 -1 0 83.27549990440545 205.00850931866117 178.8209354794318 284.92227114255513 1.425082 1.6673858 4.217499 -11.099939 2.2773435 16.893448 1.0145996 101.3906816178465 
Car -1 -1 0 743.4665573428025 183.25075705321754 964.4450925959391 260.2557280287219 1.4888848 1.6172141 4.0442715 4.9598227 1.7169374 15.000477 -0.008835416 121.03585044761218 
Car -1 -1 0 849.4203155079703 181.78569253734497 1155.4861571586644 275.02383977223246 1.4620638 1.6597818 4.3502107 6.583765 1.6283841 12.467951 0.06436368 127.26569479800993 
Car -1 -1 0 461.50856697126335 184.67141582301926 726.7361826011759 331.59800388734885 1.4761144 1.658469 4.2324715 -0.45653212 1.6737692 9.838007 1.0032806 80.25984432329652 
Car -1 -1 0 956.964288161093 167.15369359712906 1131.4271000232332 228.561175713508 1.4695237 1.6196089 3.671069 11.458177 1.3331113 19.26466 1.063371 27.730690201614582 
Car -1 -1 0 138.38343677411638 198.0836308422483 199.74058954823818 247.875343382215 1.4175333 1.5840201 3.906267 -15.027172 2.3565912 24.76055 1.0778928 37.34108841536712 
Car -1 -1 0 359.55417491119897 185.32451594416858 446.0498628473787 253.15799037373168 1.4990289 1.4882686 2.9474134 -5.271885 1.8421332 18.201778 1.0709612 41.69338730912812 
Car -1 -1 0 591.5731679681413 185.1124686572061 714.4611419926582 235.50110863380758 1.4522425 1.5573384 3.6197224 1.3088024 1.8416642 22.066431 0.042618725 39.03951119001724 
Car -1 -1 0 506.8490265978011 186.6476186619487 602.457208458559 228.72901933666947 1.5301987 1.543201 3.521944 -2.0451334 2.0716047 27.536106 0.0073926635 11.69462764305728 
Car -1 -1 0 152.59913469333466 195.31608231108072 207.35240182483315 236.52351722063005 1.4237314 1.6017216 4.2688823 -17.579361 2.4180465 29.671246 1.1130366 2.147488566435099 

