Car -1 -1 0 1031.6878490877393 168.304906209274 1242.0 256.00105419665914 1.5856254 1.655991 3.9441795 10.953119 1.5033736 15.092447 1.4684014 101.75834473962044 
Car -1 -1 0 442.2401367402287 176.52073677785413 508.53823864460713 231.6420058517497 1.7108154 1.6632876 3.7420793 -4.662587 1.8467513 24.707798 1.2287593 88.43256063014066 
Car -1 -1 0 180.73266924803914 186.70159491680636 281.4833926069467 217.862680819054 1.4172254 1.6503584 4.357858 -18.734306 2.1386616 35.93798 -0.4266649 51.97154202601219 
Car -1 -1 0 711.5161538265567 179.72705928434988 810.4414429470659 220.22024682724333 1.3736615 1.6320002 4.416359 5.674905 1.6592774 27.630093 1.2249929 34.56037990171282 
Car -1 -1 0 600.6579389013291 179.0233302827504 647.5981010096624 203.29181603470388 1.4352877 1.586651 4.0591555 0.8754374 1.846889 45.96009 1.2077522 8.495325558272068 
Car -1 -1 0 342.9616057898498 180.72140154121695 371.6973647931078 210.39839972421262 1.7515388 1.6558739 4.1232266 -16.089867 2.2771256 45.982597 1.2247949 9.115051451556042 
Car -1 -1 0 381.0765240634004 180.95834402972727 400.41597822156746 195.6483866968254 1.4178946 1.6082662 3.9649234 -22.437658 2.2736819 74.08159 1.3511765 1.6566252899658798 
Car -1 -1 0 429.1575379266896 170.58772696439382 484.10538218226253 222.08359606932373 1.9647809 1.8165159 4.6677837 -6.4389515 1.8783131 30.027843 1.2700791 4.725478362644107 
Car -1 -1 0 996.6083708674494 172.95618063424294 1128.6438134265034 223.9465560921654 1.5200329 1.5893368 3.5859356 14.302862 1.5234466 22.810307 -0.30467856 1.4993281486358236 
Car -1 -1 0 553.2092076183696 180.33089087716084 643.878136344616 216.0873426413114 1.4969151 1.624217 3.914021 -0.52981853 1.8549509 32.754654 0.61876965 0.39346370100975037 
Car -1 -1 0 671.77365330556 178.14129043519372 757.6187973502342 219.63609926916618 1.4436945 1.5850548 3.9399378 3.9522004 1.6627188 27.76711 1.219501 0.41782871057199183 

