Car -1 -1 0 384.78092726547567 178.4874001615808 449.0825197481555 215.40778048212627 1.4903965 1.6788162 3.9508986 -8.385031 1.7537565 31.734127 1.5980643 64.64179979088576 
Car -1 -1 0 679.8439024710144 187.0405045753402 759.1406226100281 245.54613032914168 1.4489934 1.5959105 4.0232368 3.072328 1.8994999 20.883736 1.5478294 71.11645945828451 
Car -1 -1 0 0.0 178.43800285112275 242.06416487125477 274.2130507305207 1.4483337 1.6892848 4.2344522 -8.773072 1.5680102 13.313055 1.6129875 111.02411982502112 
Car -1 -1 0 719.2284050370404 183.7699460653243 862.6948244909287 279.371889523767 1.6261115 1.6736776 3.928409 3.5229726 1.8800555 14.760401 1.4902625 90.42251170200925 
Car -1 -1 0 177.60695097654136 178.41706916174275 329.76977716975256 246.77658364758966 1.4696348 1.6232522 4.2046957 -8.649976 1.6246597 17.982403 1.5992031 76.79290650377689 
Car -1 -1 0 672.3691734868718 184.03078581746772 723.6504257183182 228.0238997779929 1.4604425 1.5540975 3.2843606 3.1843035 1.8959997 26.457481 1.5952787 29.154743039079722 
Car -1 -1 0 433.626127540832 178.6576145117133 481.8903029485383 209.66001953293446 1.482831 1.6021936 4.0326214 -7.779224 1.7991035 37.295025 1.5827754 9.620458679646354 
Car -1 -1 0 28.638527052339036 153.18675276091 180.66832804491742 210.78386567759486 1.6685205 1.5969797 3.4356105 -15.164034 1.0987834 21.80636 -0.06252371 58.55541032012038 
Car -1 -1 0 651.7741963946628 184.06986214158607 701.7131891535258 220.80706604423355 1.43435 1.5980777 3.5873892 2.8393345 1.9470294 31.139055 1.5046425 2.0193144012277044 
Car -1 -1 0 643.9809564174798 182.39699848157204 689.0354290978187 214.3261836172311 1.4561801 1.6701761 3.927327 2.7928 1.9608133 36.13467 1.4965239 1.1079046775475214 
Car -1 -1 0 457.8266390662029 180.06622523651149 497.492484896509 206.55650051393076 1.4569759 1.5944207 3.756422 -7.737527 1.9017742 42.607212 1.5885586 2.177841307352496 

