Car -1 -1 0 306.71993516258607 181.42655079422028 483.8115253908254 302.7681465504081 1.4456809 1.5763662 3.6047392 -2.9444833 1.5938584 10.662045 1.5612367 122.29846505172932 
Car -1 -1 0 486.4501294512259 172.8229778873237 549.6485912625014 226.3871086796649 1.6110497 1.6387253 3.9756336 -2.9185739 1.6101165 23.703663 1.5531626 61.958049179180875 
Car -1 -1 0 129.4199756004036 176.28303467155754 244.37219837128197 222.39177064833845 1.5110774 1.7071471 4.272449 -15.126284 1.645396 26.11461 1.5558431 48.733805151508086 
Car -1 -1 0 832.234137210911 168.49489058445005 1207.143523057121 363.0242223831318 1.6969432 1.768409 4.4234514 4.2942505 1.6589172 8.545415 1.5233095 129.99578163767112 
Car -1 -1 0 670.6424803733595 176.78386417446464 721.4083232926828 210.03594228681706 1.4526975 1.5389035 3.4467697 3.989489 1.6464496 33.761986 1.4350723 35.725938342214654 
Car -1 -1 0 272.26085519459804 171.6053990093028 334.5734346994811 206.47858169045256 1.7049611 1.6161557 3.8832457 -15.711923 1.6439164 37.229797 1.5557164 39.160053369654854 
Car -1 -1 0 549.7049732802917 174.2859427243201 573.127023584132 194.19136104756808 1.4450653 1.5789636 3.6709347 -3.6060536 1.556879 54.494328 1.5554465 7.243155093876151 
Car -1 -1 0 0.0 175.70086788607637 133.09785304934948 235.43360467785385 1.4624264 1.6067882 3.9135573 -15.187486 1.5483408 19.813622 1.5765615 13.037106927879679 
Car -1 -1 0 406.13766543749017 162.43044910658597 513.6809079273488 256.827723731996 1.7902175 1.6492339 3.800362 -3.0939171 1.5925378 15.609144 1.5390651 80.26623139476848 
Car -1 -1 0 326.89860099441637 175.15133220998885 376.81061339670055 201.01812278569207 1.4716418 1.5923568 4.075355 -15.451758 1.616536 43.461018 1.5590165 4.059819976225045 
Car -1 -1 0 663.2334251687406 175.54210035306446 702.1912245707587 204.57065571571238 1.4509952 1.5552889 3.4327574 3.8218122 1.5996227 38.14257 1.5224339 2.651510851974276 
Car -1 -1 0 1143.0309535457013 187.65143810328829 1242.0 222.5859134558396 1.5381268 1.6835155 4.340329 27.620014 2.24536 33.53115 0.052388445 2.311441339969059 
Car -1 -1 0 746.033261533718 176.2284537151056 796.2028549999826 207.9694330920738 1.4355034 1.5898622 4.0038857 7.7829595 1.6089361 35.071907 1.5838329 3.223930739793757 
Car -1 -1 0 205.0520852790326 175.8575608588184 291.6727241858233 213.30415631901624 1.5124058 1.6640735 4.2257776 -15.690855 1.6527464 31.597462 1.5748754 0.9824206333375489 

