Car -1 -1 0 776.9660100003387 179.96539267191238 926.839184033099 276.3652287516806 1.494783 1.6031717 3.2392023 4.2167664 1.6394601 13.05366 1.5632522 89.64976674450756 
Car -1 -1 0 733.5287327328133 179.06821085680954 836.1267951436711 245.5613683586215 1.4207587 1.5521424 3.525931 4.1353316 1.587127 17.533804 1.5436542 62.92289261762994 
Car -1 -1 0 24.093232418460087 179.26192322661254 437.4190209468665 375.0 1.5874504 1.6627879 3.8829205 -2.967357 1.6644189 6.6900063 1.6155673 86.62554983685413 
Car -1 -1 0 105.74347365352189 180.29677866252015 219.7875154318168 227.98501704444277 1.4438016 1.5939119 3.8242888 -14.950104 1.71541 24.390877 1.534068 42.13145275824203 
Car -1 -1 0 207.2593518110014 176.2060027393467 300.17979067481525 215.08838083861767 1.5270743 1.7238848 4.350542 -15.110519 1.6809477 30.919842 1.603521 35.28693810544706 
Car -1 -1 0 374.5628079341939 164.06880210379637 510.0018340695825 266.3692470670062 1.7232418 1.6511463 4.0358615 -3.1018205 1.5752559 14.189168 1.5919347 120.6181351929658 
Car -1 -1 0 662.9798267621006 170.5090681188861 698.3627191142401 198.14143534175363 1.6293333 1.675689 3.6587873 4.3326445 1.4910649 44.407402 1.52983 24.231880174310163 
Car -1 -1 0 508.7923592044764 178.35800882880895 560.3873628277869 218.85937697414633 1.3924867 1.5589542 3.6364202 -2.752892 1.6132398 27.120457 1.5715206 17.778371276647725 
Car -1 -1 0 716.3452408983458 175.68133965311756 780.1226445826655 226.4889523922925 1.461763 1.5827172 3.462687 4.292065 1.5578727 22.742455 1.6442915 12.257708193422435 
Car -1 -1 0 283.1877797848826 176.0502385518721 349.10809821940006 207.83777349509955 1.5074106 1.6491574 4.1991897 -14.843604 1.6794531 36.738266 1.5707095 13.956891587670873 
Car -1 -1 0 526.7603743573925 171.68969142080772 573.8558105630465 208.4739697382237 1.6113815 1.6665628 3.977827 -2.6989603 1.5603774 33.638466 1.6242582 14.249842038500844 
Car -1 -1 0 688.0738095722974 175.15121651581438 743.124666953354 214.10941730061958 1.4195187 1.6010273 4.0711823 4.121066 1.5169754 28.57081 1.5758696 16.90823011196219 
Car -1 -1 0 457.278863736875 161.26319681869433 549.2814352696647 234.80214840435002 1.9213269 1.759249 4.602216 -2.9801726 1.6184978 21.20291 1.6332773 25.84760597583834 
Car -1 -1 0 328.8553973929793 174.61902218874397 379.64613237123575 201.90822940694363 1.505471 1.5783908 3.6315303 -14.755688 1.6124113 41.87999 1.5987127 6.189359914468539 
Car -1 -1 0 797.3225439267276 171.69100057745646 885.5205583682379 202.6703193885676 1.6066889 1.6515987 4.1576376 12.251514 1.5463717 38.291245 0.021324027 4.283053079411413 
Car -1 -1 0 367.7448950528934 174.5784264011364 409.2405880991736 198.33144534227506 1.4803631 1.5926515 3.8812428 -14.40756 1.5978618 47.208298 1.5512528 1.242891865898937 
Car -1 -1 0 760.9199445637207 169.10555022760474 802.3464228948945 192.7916611207811 1.5452753 1.682271 3.971415 11.654177 1.3007272 49.10132 1.5165443 0.2518177032470703 

