Car -1 -1 0 645.0174677927168 181.6282633373279 711.6972547372428 235.58293090973 1.4676614 1.594368 3.9287255 2.0320477 1.7623923 22.254305 1.5474498 53.119990560513294 
Car -1 -1 0 666.6737466506214 182.08051417094967 773.5406906945077 258.353197322923 1.4773395 1.6186485 4.06461 2.389028 1.7155194 16.551888 1.514796 72.22917017602273 
Car -1 -1 0 186.8089474631694 185.6910213116397 397.84609569709124 261.64555881523864 1.5426581 1.6342722 3.9526849 -6.8710546 1.843656 15.950137 -0.07777688 84.60113256835615 
Car -1 -1 0 0.0 194.64702408939985 340.58694621726937 314.44176476900225 1.4420242 1.6248314 4.1599064 -6.130946 1.778762 10.106794 -0.113188624 150.67745479307732 
Car -1 -1 0 341.5475344283268 182.44013448932122 457.6952260450327 224.70202270767007 1.4910606 1.5951588 3.9690146 -7.763879 1.8632516 26.972082 -0.12690273 35.95935212948703 
Car -1 -1 0 514.2271923990169 179.22520855720433 545.7534767603031 207.43380093351584 1.4815665 1.6666796 4.16943 -4.475797 1.8626546 41.01203 1.4885734 17.135331865745385 
Car -1 -1 0 365.93269959639025 174.4513367978696 471.9227809588726 218.35552425525117 1.7543783 1.6882076 4.0535574 -7.840978 1.8230903 29.973862 -0.11146496 36.66538283663086 
Car -1 -1 0 267.76336476827396 188.28747171527277 446.8997136531662 250.6704116744754 1.4849579 1.6304393 4.021717 -6.381813 1.9001986 18.516174 0.040995296 35.228822598706756 
Car -1 -1 0 629.346694179316 179.10090449657415 684.3766385105696 222.16328140919885 1.484328 1.6183562 3.7066283 1.7226194 1.7373357 27.32274 1.5079417 21.076371953288724 
Car -1 -1 0 467.2664544192805 179.32985592850733 507.16906605296805 208.9297738417693 1.527082 1.5481629 3.2667074 -6.6707306 1.8973958 39.604683 1.6004574 0.78709090885843 

