Car -1 -1 0 117.5436001993105 191.24310829930482 257.7145530775552 256.0892579680161 1.5086551 1.6782947 4.0549726 -11.509729 2.0717165 20.025988 1.5206622 77.03322811535459 
Car -1 -1 0 344.4925286559992 183.57364572372546 528.8069298307281 254.01408521629872 1.4922646 1.6093117 3.7987766 -3.8911946 1.7530055 16.567593 0.0959064 99.72125867584361 
Car -1 -1 0 632.1815331253911 174.7904166496333 678.3881692892701 211.9241941889849 1.5052036 1.6007313 3.535718 1.9247293 1.5939004 31.242777 1.5188184 28.221565653149963 
Car -1 -1 0 659.9319909012256 174.93379380706858 734.1620564541872 233.50724078392537 1.5040941 1.5943917 3.7060583 2.3946934 1.5686532 20.529123 1.5512607 24.000681575367924 
Car -1 -1 0 356.5940115788389 184.06218535897992 429.0901334893923 225.23059229142356 1.4687253 1.6076475 4.200941 -8.60539 1.9519863 29.000443 1.5827895 4.87401023046453 
Car -1 -1 0 193.08497815980672 188.25666050190785 382.6110803153375 308.45013763577737 1.4825475 1.6195745 3.6184435 -5.1214213 1.7629403 11.258004 0.8227215 73.66081251113812 
Car -1 -1 0 210.84159464076953 190.83506904197026 311.30702928827924 239.24472115602453 1.4087522 1.571949 3.7551513 -11.592105 2.0604587 24.272306 1.5688063 9.27698544086745 
Car -1 -1 0 679.5930519266935 146.59019661428624 812.4557504017124 258.07460069499825 1.9628859 1.8515211 4.6391644 2.6302247 1.5004637 15.031918 1.5616719 65.41446110426955 
Car -1 -1 0 467.77273238704026 179.71655341566586 552.6951608210621 213.40929467793575 1.3933473 1.5858613 4.0304494 -4.529594 1.7216527 32.574596 0.7394647 14.482123130915474 
Car -1 -1 0 322.2960021888484 185.54222270760377 378.666649939941 220.9421641757701 1.4430895 1.5870653 4.095504 -11.792462 2.0621915 33.07421 1.4431564 1.8041435511120019 
Car -1 -1 0 365.24782885090417 181.20569347273997 482.27682349355865 235.3911493196106 1.4390029 1.5745181 3.6913857 -5.5942283 1.7091252 21.528229 0.719872 1.4926239394515843 

