Car -1 -1 0 684.1786353905434 179.71194434261577 795.7619472925962 259.92134741359104 1.5097685 1.6358709 3.7596636 2.7160633 1.6782608 15.817684 1.5325509 86.66300918282559 
Car -1 -1 0 752.8840245779879 187.7025191605221 1179.8711375095438 375.0 1.4876866 1.6305707 4.3071504 2.650179 1.6690426 6.6234546 1.5241878 97.91936886883443 
Car -1 -1 0 302.58611890147614 176.88848579274926 360.5306457591287 206.62864970483787 1.4187183 1.5099698 3.418806 -14.046204 1.6332647 36.63098 1.6120223 18.903519062899136 
Car -1 -1 0 665.9297365352239 180.10498454295683 739.6151608087097 234.09272747451817 1.458619 1.6106458 3.726963 2.735648 1.6977322 21.898617 1.5292857 41.1020806777031 
Car -1 -1 0 577.9050154577719 168.65389703174287 650.7147708247081 237.1415091759992 1.6592181 1.752523 4.1447334 0.026689976 1.557464 19.592579 1.5225511 63.95551129490709 
Car -1 -1 0 346.2832493214133 175.06947758162272 395.6890063739217 201.76346349650237 1.513048 1.6028687 3.9118042 -14.215758 1.6517272 43.194927 1.589094 10.465777643069613 
Car -1 -1 0 403.0069103930737 175.9750312595467 437.9111985059564 196.14198835277375 1.4602516 1.709672 3.8089235 -14.304601 1.7054106 54.758255 1.5533658 10.975699573834335 
Car -1 -1 0 655.9190110944687 179.4515605357624 713.4338893686938 220.36563031360564 1.4270878 1.5602027 3.5416462 2.804078 1.6960466 27.585806 1.4888929 19.15448347111661 
Car -1 -1 0 641.001289053524 178.42806628186625 673.8859508470239 206.01811756728782 1.4555197 1.5692406 3.540495 2.6519313 1.7826445 40.564556 1.5577844 9.682578882468643 

