Car -1 -1 0 701.521907049268 168.73546030217062 1048.9201007903127 280.005939334525 1.4799596 1.700403 4.4565673 3.6538558 1.4251807 10.541567 0.04277593 142.2211878574953 
Car -1 -1 0 706.5701114609703 169.17677281893617 898.7919624701841 239.35792032363747 1.5651402 1.6712945 4.254159 4.512993 1.4831327 17.303598 0.18480153 85.83162608504932 
Car -1 -1 0 953.7472544635782 169.5765659526288 1166.507131096695 238.3671449022941 1.4976692 1.6099659 3.860713 10.26784 1.4263147 16.669735 0.08223552 78.23173344882679 
Car -1 -1 0 663.3398154161373 169.26226613564802 760.1006034388546 210.46552496751718 1.3893509 1.6157413 3.95163 3.7959538 1.2682395 26.352625 2.2840452 55.24530071687947 
Car -1 -1 0 78.76162412742315 178.88234046343834 482.0442711130667 328.01316912440785 1.4815598 1.6131781 3.9620242 -3.630169 1.5596209 8.297964 0.12391222 95.2696630253316 
Car -1 -1 0 589.8694588288666 170.07628765112892 685.4788545358631 212.66039490362778 1.4626192 1.6068697 3.6588597 1.097274 1.3672141 26.69319 2.2812276 59.54449098352437 
Car -1 -1 0 1100.635055364799 160.30301014796828 1166.331590318202 205.19743959117568 1.4544755 1.53773 3.4459903 18.24993 1.0478524 25.250986 2.1030087 15.537159197274008 
Car -1 -1 0 250.545585522618 177.14557135168607 370.86694129256534 221.91495186363045 1.4767722 1.5628662 3.5622282 -10.328514 1.6318758 25.038689 0.14995241 16.272629463333967 
Car -1 -1 0 933.5237824100197 155.40861792533386 1020.8893110252948 199.95098108046446 1.4806911 1.5926538 3.7812223 13.218023 0.90076613 25.857431 -0.7505631 13.075395611076983 
Car -1 -1 0 744.6886719365258 169.28829384421627 829.4589836869299 212.9515812518641 1.4384283 1.6124566 3.682352 6.38673 1.3209608 25.725183 2.2177184 4.366588411801069 

