Car -1 -1 0 299.997652796296 173.09107402135078 435.85803388208444 251.82842700938042 1.5035259 1.6892184 4.224059 -5.1323776 1.5094601 15.926088 1.5424271 91.5873992409629 
Car -1 -1 0 423.85272862123014 171.44158993897298 496.13843902174966 215.98343844560827 1.4914066 1.6546967 4.4069233 -5.358115 1.4441143 26.377766 1.5892158 33.06803920873378 
Car -1 -1 0 477.28631567554027 170.7685043597541 519.1299082129733 200.77896504309786 1.4464169 1.5820564 3.7190626 -5.6007304 1.3459018 36.642517 1.5618944 35.13980344549672 
Car -1 -1 0 810.137318627613 173.46132047377932 1073.716152140146 267.3544362533273 1.5112402 1.6065421 3.8424315 5.6325717 1.5225188 12.512291 -0.04422651 53.29194699559611 
Car -1 -1 0 857.3553130804518 180.02858258842923 1197.3168956243658 294.77252621468455 1.4226962 1.5715594 3.8201275 5.6002645 1.5304717 9.948232 -0.055540904 73.2075994453502 
Car -1 -1 0 718.9405921881784 169.04869083319514 866.2699410794254 228.00526811464053 1.5681267 1.6029279 3.6644125 5.0334053 1.466913 20.113464 -0.066817865 40.38891900850675 
Car -1 -1 0 675.0338887176133 169.44313495459446 787.9827779621575 210.8312132584002 1.5330623 1.6466558 4.1057124 4.601352 1.4067198 27.654705 0.051600035 24.43953219653033 
Car -1 -1 0 754.9441430458612 172.2864989559565 916.652665957935 238.05442087215317 1.5360614 1.5668998 3.4603734 5.471265 1.5228069 17.704308 -0.040127177 30.213231864835844 
Car -1 -1 0 759.039455215606 172.08888092704277 973.8337162467794 249.9368237925834 1.5624129 1.6382656 4.016278 5.4053016 1.5470568 15.45749 -0.0795828 28.6270087185201 
Car -1 -1 0 637.0953929220431 168.07929157477406 663.1772652702689 189.71722591088198 1.4956224 1.6158779 3.713943 2.9454682 1.1655924 51.816597 1.6965307 4.661028185966208 
Car -1 -1 0 709.8945881821445 169.88621930599345 844.0696372944112 219.75737663422873 1.5140365 1.6078837 3.8369317 5.2253504 1.4239377 22.803198 -0.049595803 4.1784350083735395 
Car -1 -1 0 674.6623813431474 162.23376318072485 781.2530349613999 206.2555965333474 1.781477 1.70439 4.149396 4.8756857 1.3516967 30.08263 -0.015096987 3.970066126998907 
Car -1 -1 0 504.34361565956556 171.13647539908342 543.6990942796431 197.16514283452864 1.4671392 1.6015332 3.874068 -5.006396 1.3703285 42.661217 1.6446158 1.4333233310285598 

