Car -1 -1 0 1006.1518973295542 163.83692327209727 1235.8833403707074 361.1904690813689 1.6905521 1.7405065 4.1780596 5.910351 1.6133108 8.377167 2.208819 59.183852986110125 
Car -1 -1 0 656.5044756035304 187.37705911878552 687.5544026588618 213.76610891670109 1.4280099 1.5002338 3.1677506 3.636969 2.3135178 42.397938 1.5542517 11.906347058449416 
Car -1 -1 0 338.87134172302757 191.43833784658455 380.9028062863911 223.5744130956088 1.4900475 1.6397316 3.7142403 -13.128239 2.5166593 37.829857 1.1148102 16.481443071804275 
Car -1 -1 0 516.3732113150121 186.26408938339063 561.7406788225595 222.21436142205386 1.6154892 1.7008313 3.931718 -3.4494638 2.320343 35.921646 1.6175222 23.49966568913523 
Car -1 -1 0 240.14980152250703 193.8469474902692 311.85989183909805 229.13196651966572 1.5006377 1.6909672 4.0165305 -16.133112 2.5811906 35.11624 1.5531266 17.91978125584165 
Car -1 -1 0 834.9068158758947 173.44247803888996 1039.1118542143881 247.93119505950582 1.7200688 1.7004802 4.190325 7.8363953 1.7350647 17.530895 -0.0026847122 117.15085165616593 
Car -1 -1 0 379.01536884967066 192.34466915516097 418.6950013671094 214.9315381411316 1.5064379 1.5930474 3.9110727 -15.594103 3.0078416 53.579678 1.6337451 11.169157390251929 
Car -1 -1 0 544.0247015143087 182.52963921122466 577.1732247239295 207.4724803034792 1.6079048 1.6437727 3.844788 -3.3553805 2.3060956 50.065437 1.6799684 0.7119905227870245 
Car -1 -1 0 710.770207936902 183.9902314524394 759.2414066818101 201.64902783923466 1.6071293 1.6902587 4.237406 11.7335005 2.6646788 67.64573 -0.0141136255 0.5758050376373476 

