Car -1 -1 0 324.3645786698094 195.71562550178697 434.3707631246027 264.4831823488366 1.4358747 1.6054806 4.07592 -5.7420774 2.0868905 18.490036 1.5466709 84.50656290903525 
Car -1 -1 0 406.18758495638804 192.02131859039642 478.2691454267392 242.48850365909513 1.470581 1.5935768 3.7738214 -5.5545545 2.1680236 24.359621 1.5604844 53.84414959885469 
Car -1 -1 0 461.5438840743479 188.575043406339 507.945922443944 223.20331994444683 1.4531617 1.5931485 3.8993073 -5.823592 2.2374845 34.031048 1.5491047 30.430737411595622 
Car -1 -1 0 778.3577936857843 178.81420178840403 1157.8257666526417 312.4796792814469 1.5241566 1.640186 4.079125 4.3707514 1.6096393 9.333274 0.09774016 121.03729359010862 
Car -1 -1 0 647.996124435063 178.584364126468 715.7123584040172 203.85295726412983 1.5073285 1.634361 4.062696 4.402592 1.8669304 44.367134 0.047191065 18.31557865578489 
Car -1 -1 0 717.5635312048285 181.63863404694428 844.5236452248535 232.62835055777222 1.5085766 1.5800002 3.5657582 5.369145 1.7987981 22.77554 -0.15892673 36.47717129024407 
Car -1 -1 0 766.897133585147 154.94074536513887 1091.4731595321264 278.36108104989796 1.8569316 1.774352 4.506581 5.008415 1.587416 11.770651 0.012240997 51.84011899254349 
Car -1 -1 0 692.6697159001685 178.43299991680465 803.8418026054494 227.1897483967711 1.6460283 1.618281 3.5755565 4.832284 1.8494754 25.435839 -0.03784306 17.3284084161724 
Car -1 -1 0 655.1238644442925 183.29314606540163 745.8163764468705 217.5511681173597 1.4761037 1.6034527 3.9710004 4.0486746 1.9609743 32.58458 0.06497315 10.037713649947456 
Car -1 -1 0 637.4688612123401 179.40348123641695 693.6979358688534 201.3070458615773 1.5135449 1.5987064 3.781328 3.9662566 1.9888278 51.397537 -0.08835095 3.3627931377420595 
Car -1 -1 0 480.75091203141477 186.33572888236807 519.7927381192578 215.21483407908602 1.4502828 1.5970416 3.8091915 -5.9954286 2.2318907 39.92375 1.5669442 0.5935436228125979 

