Car -1 -1 0 911.5742461079028 159.78202115382953 1027.2547078682412 216.61723493664607 1.5864804 1.627402 3.7535193 10.835546 1.2215931 22.026323 1.5598613 86.16545507279315 
Car -1 -1 0 1006.9184481510159 163.65919680359931 1209.4488697238714 235.39579621007178 1.3887458 1.622378 4.3230777 10.85348 1.2107439 16.148367 1.5944879 81.41690107939749 
Car -1 -1 0 830.7930629248664 169.3099981914103 904.4949308746052 206.0335833534684 1.4498857 1.6852007 4.415726 10.874513 1.3099647 30.721336 1.6035459 23.155049059388226 
Car -1 -1 0 537.363080073431 179.91985956097068 572.8043377807404 205.8358378390895 1.517389 1.6822289 4.0488048 -3.4854257 1.9848754 45.58033 1.3549745 9.612012192863778 
Car -1 -1 0 972.6723126388865 163.4706241184575 1070.0374641779497 203.72715574099655 1.459067 1.573122 3.7416668 15.879946 1.1189736 28.04301 1.5437343 20.335640874627998 
Car -1 -1 0 1096.7483814851428 156.8872889793716 1242.0 217.25679019720283 1.5561676 1.6340237 3.9215922 15.936759 1.1445875 20.623161 1.6569248 19.069733152077795 
Car -1 -1 0 749.9850619625565 171.5178319053356 787.3037761158471 194.99071799786267 1.5230979 1.6947651 4.0790553 10.7224455 1.436397 48.873093 1.5885923 6.615851026496438 
Car -1 -1 0 727.6230325791704 170.7661313788207 761.2141944507495 191.6400665520502 1.5584433 1.6078933 3.7570605 10.389313 1.4025632 55.810444 1.4848621 9.22114235293624 
Car -1 -1 0 800.1493265545799 170.07667681353627 850.679794896594 200.86798083354086 1.4958543 1.5886483 3.802363 10.996559 1.3609306 36.984207 1.6110495 1.7273261452803512 

