Car -1 -1 0 709.645948958831 184.76872717994874 865.6101208019229 308.4692168550155 1.5572965 1.6648533 3.7764788 2.59943 1.776825 11.373935 1.6112726 119.2722958957701 
Car -1 -1 0 660.5693532200069 179.41372280075262 712.5577416105978 229.16148616025365 1.6731927 1.7308328 4.343745 2.8091757 1.9394708 27.07108 1.6285856 54.732665692556225 
Car -1 -1 0 126.89355742163585 173.92800028172815 243.97010988618536 227.3512520816791 1.6225134 1.6782112 3.6333635 -13.855757 1.6606975 23.820229 1.590389 94.32723421917377 
Car -1 -1 0 579.5362928418863 176.813749561183 638.8905434529224 234.05558450895046 1.6652406 1.7511985 4.1037083 -0.035473235 1.8046405 23.338528 1.5582612 33.02616407564655 
Car -1 -1 0 278.7692168883927 176.1411847039753 349.7540419539906 211.46462904551362 1.5407846 1.7287691 3.8556662 -13.7238865 1.7034104 33.764496 1.575574 19.58642113895346 
Car -1 -1 0 691.7938674675553 190.98206925170655 788.5399481435912 261.9018203526948 1.3892256 1.5557514 3.6601267 2.9402554 1.8605111 16.916796 1.5559307 23.266884161214062 
Car -1 -1 0 0.0 180.06461746121468 132.6335004560535 244.8233084291562 1.4200742 1.588779 3.9033256 -14.095717 1.6220391 18.235897 1.5417218 41.505870926502375 
Car -1 -1 0 379.81499565882075 178.33098233051734 421.3314676694106 201.52745863787365 1.4784291 1.6037518 3.896666 -14.102892 1.8644121 48.882717 1.5944096 2.3667440597221874 
Car -1 -1 0 342.91252747858437 178.9673357947351 383.57365308090016 206.88719820897435 1.4608316 1.5492796 3.4885554 -13.738743 1.8186815 40.39689 1.4236073 3.785845301483034 
Car -1 -1 0 634.8172381228638 183.99455403437227 675.2968404378207 213.39077365652017 1.4752454 1.5954378 4.148357 2.4650211 2.1255474 39.97592 1.4731683 2.231856973474719 

