Car -1 -1 0 737.4773677776409 182.46102304164887 1012.661032357931 344.8378659644815 1.4977405 1.6425787 4.213972 2.9509397 1.6473858 9.075281 1.4938706 137.4950194943834 
Car -1 -1 0 674.186628356857 183.7141632656147 799.5190527587447 271.9171046746324 1.4610679 1.5914416 3.860816 2.3809533 1.7078676 14.418285 1.5045764 95.64652206092093 
Car -1 -1 0 633.38776077749 182.8221511091779 695.9825280787112 229.48486781758507 1.4431738 1.5959415 4.0719624 1.8472624 1.8215342 25.297829 1.4965918 42.29195804792279 
Car -1 -1 0 254.36156457683572 184.63051970881477 441.42976524756574 245.44715560841496 1.4383436 1.6437508 4.298205 -6.609258 1.760765 18.627787 -0.14645998 112.02940546034876 
Car -1 -1 0 0.0 187.7055250893991 282.06508680261345 323.99728935814034 1.460534 1.6126835 4.111677 -6.4833827 1.6651804 8.945887 -0.09440224 63.34083619280819 
Car -1 -1 0 619.7336595501935 181.62427020825956 665.9471250003076 218.7697255190688 1.4383874 1.6099888 3.7498832 1.3600786 1.8355124 30.757898 1.5192405 15.92797097658657 
Car -1 -1 0 318.59759275359016 182.17092114098492 455.53079475741845 231.0453329689606 1.5590305 1.6633875 4.179609 -7.4364467 1.8877288 24.431181 -0.09414825 33.61200290865282 
Car -1 -1 0 366.6098931952129 183.84400614736714 482.81068304311043 225.90412858937265 1.50071 1.6238631 3.9271202 -6.8674183 1.9257146 27.047504 0.022422668 9.180009556640016 
Car -1 -1 0 519.1142333816911 180.2334060234711 540.6897835784712 200.08337919241407 1.4599276 1.624085 3.876408 -6.216788 2.0589874 56.567257 1.4747082 7.947258284404002 
Car -1 -1 0 395.0745935913031 179.05261432850003 481.08368556300206 210.454680292588 1.4881523 1.5765337 3.9523604 -8.394343 1.8021742 35.56797 -0.10188304 8.365957375332822 
Car -1 -1 0 474.25810726162587 178.14053341787107 499.820054120022 202.33024027260657 1.5307591 1.6173286 3.6813016 -8.192222 1.8999327 48.447403 1.4230076 2.1124719492442443 
Car -1 -1 0 406.4066171547076 176.39331736772286 484.4494510350476 209.53578931370424 1.7054725 1.6711717 3.9192173 -8.687322 1.8994056 38.448803 -0.13248993 2.826659691740926 
Car -1 -1 0 609.5721732374001 180.27630627045215 649.6056633645112 211.2530418499528 1.4296434 1.6026964 3.6408417 0.95323837 1.8201885 36.084 1.4860482 0.26516756415367126 

