Car -1 -1 0 527.9849830191109 186.4131044210124 805.9617620193939 347.17109590793865 1.4697702 1.6491174 4.2062073 0.43834728 1.685539 9.2294035 1.1219046 92.41022856931798 
Car -1 -1 0 445.3221052806211 181.14588761438347 586.0277320845768 280.10881560272696 1.5980569 1.646169 3.6500034 -1.9458184 1.7818103 13.988272 1.1233552 108.55057839114947 
Car -1 -1 0 154.56627115807117 198.98480944764972 244.87516684115815 275.06965228042054 1.4040824 1.6349133 4.231938 -9.585934 2.1060753 17.125267 1.1089133 98.55619404486875 
Car -1 -1 0 1059.23327142892 180.55520322903175 1242.0 248.66154294497753 1.4360974 1.5492874 3.476755 13.126656 1.6436721 17.546257 1.1901044 34.022905170603075 
Car -1 -1 0 819.4300720502506 191.1919801707641 1070.0970554018222 274.8909244947224 1.4494798 1.6032001 4.077684 6.288332 1.8276291 13.901344 0.08793544 103.20568918694909 
Car -1 -1 0 938.2312880188892 191.23238906533402 1242.0 298.66983791838146 1.4490596 1.605741 4.0454063 7.5019636 1.7648194 11.258891 0.17235674 122.99649607288923 
Car -1 -1 0 210.4291716300777 192.0619285951185 269.67113578031524 240.43464738801524 1.4441793 1.6102173 3.7526877 -12.823959 2.169508 25.20492 1.1601424 32.08751897024269 
Car -1 -1 0 422.1604475058846 184.90547917561045 507.82699564146986 253.6518744119518 1.4924146 1.4968878 3.032153 -3.6604526 1.8203256 17.94413 1.1657429 44.26570179694949 
Car -1 -1 0 566.765204426254 188.41398862061203 666.3733745572321 231.26251300855378 1.5066969 1.5486683 3.6180692 0.30483204 2.1080554 26.963623 0.08331122 12.822204739693184 
Car -1 -1 0 651.231089254247 187.9658582277928 779.5670520195732 241.47621512904485 1.4590175 1.5596952 3.601706 3.0788145 1.9246906 21.235836 0.12507513 25.48809384519164 

