Car -1 -1 0 438.27542360194286 165.23815026086996 531.4361194959046 238.0418556134046 1.6362358 1.6490811 3.9470894 -3.017299 1.4650724 18.193829 1.5756706 95.14338250979142 
Car -1 -1 0 679.7741334051434 175.01596535735058 738.5553014991444 213.5352645406594 1.4069672 1.556491 3.4194095 3.8438647 1.4971544 28.326674 1.4810159 65.49133490122074 
Car -1 -1 0 0.0 171.28440788608617 148.2785216369269 228.81414786236328 1.4671897 1.6396036 4.112594 -15.167499 1.42716 20.490543 1.5285883 58.167916093133556 
Car -1 -1 0 485.25151547275533 172.06970356900152 541.7380884559168 217.79732838363083 1.4531294 1.5683339 3.509766 -3.2198498 1.428206 24.706913 1.5403576 23.29549545118614 
Car -1 -1 0 112.24648823046061 170.73924970660858 230.08563244335178 214.929296728261 1.4622625 1.6299882 4.170604 -15.617151 1.3922846 25.981178 1.5961187 40.78947638399089 
Car -1 -1 0 541.7944445388348 170.30414659344848 567.7732802398217 193.60887530221163 1.5256743 1.6570171 3.8875957 -3.7006602 1.3587446 49.21721 1.5234869 14.416417319084523 
Car -1 -1 0 270.1891585832901 147.66731016978807 469.40579656353543 307.7333612963821 1.8103671 1.6536274 3.7854104 -3.0853167 1.5255024 10.083945 1.5321157 73.81314300191241 
Car -1 -1 0 670.7389887730468 171.2807883131701 716.9034147174751 204.73915567793406 1.4308128 1.560857 3.5134926 3.7563596 1.3635359 32.639187 1.5352602 4.08130444345321 
Car -1 -1 0 879.2777461451655 179.836188769085 969.7315905935333 214.34958493638717 1.5364417 1.6167512 3.6545618 15.131479 1.891346 34.78152 0.83041435 2.8405140951885075 

