Car -1 -1 0 732.3127325278887 165.16702646638268 984.4678585169174 251.4387907735607 1.5819085 1.6975198 4.3534393 4.7139206 1.4409574 14.119525 0.018630449 79.71344856324261 
Car -1 -1 0 431.67806310672165 187.81868594604964 490.06895570418874 230.66305191864657 1.4391245 1.5963542 3.8662496 -5.603203 2.0518732 27.577282 1.5258489 32.83378478885241 
Car -1 -1 0 382.5265018775772 190.7405104141587 459.79805583008647 244.15072979027056 1.4353836 1.5724857 3.4775608 -5.7364473 2.0326 22.330956 1.542104 37.95823177928242 
Car -1 -1 0 819.0141670213062 163.3651955294482 1174.2710888838508 301.0603165793524 1.5688629 1.6045033 3.6882806 4.7494497 1.4607499 9.157621 -0.074116655 52.3915449580916 
Car -1 -1 0 896.1100636707287 162.3847456072861 1242.0 358.7783584299861 1.5487483 1.5902869 3.6657252 4.7272625 1.4661883 6.4938517 0.004754355 61.97829789567129 
Car -1 -1 0 463.21318825176775 184.3307846583107 510.08706294957875 220.91064531569697 1.5038826 1.5928587 3.7563424 -5.518359 2.055169 32.75799 1.5410492 21.895045224220684 
Car -1 -1 0 636.0241569794501 166.84040730984967 694.4657749770442 188.3915292837125 1.4890201 1.6104333 3.8359826 3.9644608 1.0735259 51.488922 0.5076888 20.48401863216967 
Car -1 -1 0 592.1316752663855 174.5046785814661 618.3342335328557 193.9037949721277 1.5462787 1.6319754 3.937546 -0.39251286 1.6881194 59.932877 1.4218149 3.247455959835005 
Car -1 -1 0 488.6981014694029 183.01241814841592 524.7006359974446 214.8517189113644 1.5285246 1.6242857 4.194983 -5.387471 2.0962348 38.168903 1.4922618 4.243469847613839 

