Car -1 -1 0 257.3467740002935 197.56409439351478 320.73479796300387 231.34043746572215 1.4227897 1.5724403 3.4116728 -15.30661 2.6675212 34.62755 1.5540434 26.805459402246917 
Car -1 -1 0 477.44979850052044 185.58341707525273 565.3645918565223 244.93659193481858 1.4334437 1.7037102 4.5567327 -2.3999782 1.8405994 20.751432 1.6334907 75.3078817024014 
Car -1 -1 0 48.94733833109182 195.69786206334402 225.75177721997403 272.6955780187546 1.6500478 1.8152575 4.3587217 -12.131496 2.3191104 18.946287 1.5628784 80.0195056373248 
Car -1 -1 0 1027.9414054780598 172.05159663872814 1242.0 277.4642751100757 1.4511728 1.6459064 4.270649 8.817428 1.4401264 11.760478 -0.5569885 79.32832204471184 
Car -1 -1 0 180.8025238624882 200.3379469433756 274.435233918841 243.16244727539225 1.4412766 1.6027826 3.967093 -15.136117 2.615601 28.836061 1.5834852 35.40028536550667 
Car -1 -1 0 699.3083187016291 170.9442105974484 731.7712683950219 195.51915711918303 1.6108229 1.6886691 4.09548 7.203297 1.485641 49.357487 1.5887804 18.29102923881012 
Car -1 -1 0 842.4326600898753 165.48427139494115 1028.8838368926095 228.66606596156603 1.7026968 1.7455273 4.5327744 9.15785 1.5040886 20.468275 -0.06740587 82.80043341023004 
Car -1 -1 0 579.9833411636151 178.19811521539367 614.9289506016415 210.42507480493612 1.5396521 1.7029586 3.8722754 -0.6649257 1.8289561 37.092453 1.5315366 18.324333784693028 
Car -1 -1 0 941.8203492706629 172.11320838381278 1140.001237538778 254.2865221729548 1.4643177 1.6471388 4.213454 8.804363 1.4511168 14.642564 -0.5366316 60.31659177156806 
Car -1 -1 0 755.1667129567761 171.32051058563152 789.428356930161 191.04241101362436 1.4565189 1.6867156 4.0574217 12.429508 1.343266 55.32206 1.5639582 7.558702650818701 
Car -1 -1 0 673.9106852462156 174.61428652136922 694.4493060730866 191.59339612598794 1.4727862 1.6100038 3.990686 6.697151 1.6364017 65.03673 1.6151222 1.0652897570613298 
Car -1 -1 0 428.8047707004791 189.57781281754313 450.32356574337706 209.7700774456875 1.5086374 1.5714191 3.625876 -13.879769 2.9216552 59.034252 1.3790022 1.1470530837367499 
Car -1 -1 0 679.5450457614951 175.48125362211871 704.7004134939516 196.13108422001915 1.5126203 1.617405 3.7951484 6.29051 1.7208642 55.267124 1.6050572 0.25401759147644043 

