Car -1 -1 0 740.756516663922 178.1957652146815 838.3891401710479 247.73945096964988 1.5206468 1.6040623 3.2278857 4.292845 1.6632795 17.64608 1.578428 85.54269413716727 
Car -1 -1 0 310.6157071982758 179.89536958296708 496.5533690837152 310.21282682944934 1.6264061 1.6866504 3.901959 -2.9454558 1.7548332 11.189064 1.5952665 117.70042340903444 
Car -1 -1 0 268.10678394110175 180.80730984901973 342.03867078613695 214.315866476326 1.4996121 1.6318641 4.326705 -14.888994 1.9156327 35.539402 1.6226172 17.92320425563422 
Car -1 -1 0 195.7598633068594 184.3216423719879 284.8927136447477 224.1775243870151 1.4391268 1.6149731 3.7620516 -14.7438 1.9307215 29.037075 1.5869203 29.899750335328815 
Car -1 -1 0 713.515797729184 180.05718529567613 787.5803830455548 230.94640706392084 1.394505 1.5476208 3.4706511 4.2119465 1.6316286 22.00909 1.5602124 38.68656511795978 
Car -1 -1 0 440.5551536163459 168.8168543129382 536.099399371356 245.7632419391609 1.7859225 1.6649368 4.164986 -3.032391 1.6922204 18.856754 1.6051974 119.0730140847593 
Car -1 -1 0 666.5249532502306 171.535022804539 693.097340630629 195.6409359344518 1.5651915 1.638048 3.5127654 4.7717957 1.4795504 48.702408 1.7101588 9.739667495681463 
Car -1 -1 0 778.5327619891714 174.63127439539326 856.446996936597 200.9336204649449 1.5197802 1.6230481 4.130138 12.268099 1.6271812 42.70751 -0.04087823 7.915063814444236 
Car -1 -1 0 362.5073895985825 177.22764165554852 406.6584073001377 201.4578217847309 1.4804223 1.5491828 3.5834794 -14.471359 1.7739139 46.58297 1.6317463 8.645553821150836 
Car -1 -1 0 324.58588883968923 179.0836255606581 381.73453126499504 206.6189197663627 1.4629009 1.6076896 4.1227293 -14.62917 1.8384522 41.392227 1.6302887 4.91954548461504 
Car -1 -1 0 681.5147329165686 175.83987634039974 729.6354746917297 209.3387821469816 1.4111756 1.6048217 4.086756 4.298567 1.5554512 32.812748 1.5605183 9.540090688831583 
Car -1 -1 0 541.2125074584216 175.0014185519841 583.3976978170343 207.28919198043604 1.6052595 1.638628 3.810028 -2.4426098 1.7245522 38.10904 1.6649996 5.770825514840762 
Car -1 -1 0 497.7014926213529 175.38429498258898 564.3983292914147 224.41379650533642 1.592534 1.6785872 4.2175837 -2.7141936 1.6906319 25.816315 1.6335641 3.412206360103184 
Car -1 -1 0 393.84858073072905 176.96179375764734 430.2746663864058 198.47261470433583 1.4644456 1.5892867 4.001744 -14.156785 1.7714231 51.90617 1.5529144 1.8330840617415634 

