Car -1 -1 0 125.18153589223643 190.31953315862648 297.0075449045874 295.80833603853495 1.4497991 1.714564 4.492656 -6.950217 1.82484 13.1012535 1.3056735 78.51093195409054 
Car -1 -1 0 1014.6808156774163 169.37222705463182 1157.7554918184924 275.1972397941398 1.3751984 1.6253409 4.3275433 7.6366706 1.3299526 11.630135 2.153821 57.29370842847315 
Car -1 -1 0 1116.302585508666 179.52773133329288 1242.0 234.12051444845432 1.4776647 1.604422 3.932678 17.140764 1.6884968 21.33992 -0.36705908 35.46644898055503 
Car -1 -1 0 341.70876096082054 180.9628395095895 401.94592383250847 231.95506256884468 1.6526967 1.818955 3.805057 -8.678461 1.9703476 26.16009 1.1842523 57.991483861055166 
Car -1 -1 0 620.8443701875415 175.92808917298788 723.5745236334805 225.69107902593672 1.4561719 1.5974101 4.057745 2.1308153 1.5654314 23.511173 2.1530008 24.364963865858265 
Car -1 -1 0 6.640675048470562 203.14404332179527 102.11770741294741 248.03211075310924 1.456517 1.7023948 4.251461 -21.994415 2.7606885 28.781452 1.2537041 10.413187600160581 
Car -1 -1 0 923.8963315019307 182.30181071933447 1035.1455437351078 222.9825788931456 1.4737712 1.6499753 4.144787 14.596689 1.867118 28.457535 -0.41002125 29.757330408929334 
Car -1 -1 0 772.4418118717577 174.9149507660577 938.1770405598908 249.58309835868556 1.3842397 1.600738 4.092824 5.357365 1.4340417 15.460506 -0.7444291 59.283683925488376 
Car -1 -1 0 713.7907645603178 178.23932477442298 859.0195178621848 239.83071042348436 1.3738022 1.5965965 4.047701 4.5825434 1.5255545 18.383438 -0.73429877 47.0364378678892 
Car -1 -1 0 507.5652832407211 178.94810623632168 594.2143340931252 209.35971109893586 1.4798913 1.6491711 4.162571 -3.0284615 1.8068097 37.209316 -0.35560024 5.842824245175297 
Car -1 -1 0 588.4387247816609 177.69769174477594 683.1913089821011 221.45061989022145 1.435659 1.6049536 4.0778265 1.0415576 1.6266601 26.302101 2.1391935 6.0945219359342415 
Car -1 -1 0 441.1546888643222 182.60065899615694 462.2356140112753 198.95402854460875 1.3422172 1.5854871 3.551715 -13.902123 2.225216 63.442028 1.2910136 2.745610300889468 
Car -1 -1 0 668.500996544205 179.80019002948845 798.3761825545687 233.92105348025677 1.3872168 1.6023511 3.9570985 3.6548643 1.6069539 20.906116 -0.73288417 11.268832918305119 
Car -1 -1 0 973.1886842843064 181.55281770629193 1087.9726801825343 226.3586462874758 1.4940603 1.6243861 3.9219577 15.295807 1.8286138 26.20495 -0.4227008 2.6811143046123354 
Car -1 -1 0 556.2356229951585 180.6569145974737 640.9128109903717 220.38961304004204 1.431679 1.5733416 3.754609 -0.37023246 1.7647487 28.792994 2.1377702 3.032259202815966 

