Car -1 -1 0 296.1752048803486 187.40356411225733 355.59148442604925 226.0698892863732 1.4951396 1.6504359 4.031023 -12.347431 2.1758246 31.628838 1.3977373 35.79370197351396 
Car -1 -1 0 912.4171330717002 174.39068617193445 1210.8510754132717 274.77776348189406 1.6862407 1.7167007 4.3029747 7.974888 1.715809 13.01506 0.004732031 138.73649939387258 
Car -1 -1 0 506.7037209126656 185.1732607734998 563.6304942041835 224.98235914026296 1.5462396 1.663629 4.321134 -3.1800342 2.1244564 31.635946 1.666485 20.79317166287987 
Car -1 -1 0 667.7302832896381 186.9317955985545 707.4240940617725 217.24471093204 1.4572862 1.6421716 3.5611718 4.077136 2.2368011 38.155243 1.5494394 15.556497604922455 
Car -1 -1 0 190.60071051513427 191.1904972150801 278.7294144667637 230.97874453853012 1.4842099 1.6692477 3.9902072 -15.8587885 2.3166263 30.756563 1.5753376 20.706975673132415 
Car -1 -1 0 365.45342821445337 188.36404350597783 410.3419254600987 212.31079751606902 1.4794891 1.6058795 4.1749153 -15.130838 2.588378 49.459686 1.6231093 4.687107937074946 
Car -1 -1 0 525.8345185133937 181.96718672658167 567.8332896822171 216.25182451799375 1.7115912 1.676891 3.8822231 -3.3425524 2.2303624 39.07804 1.6418672 10.233185327885074 
Car -1 -1 0 723.1395943375496 182.28942154182832 770.0870805933398 200.74704822600614 1.5707272 1.622 3.771201 11.978739 2.4086065 63.189754 -0.038988616 2.981488742029493 
Car -1 -1 0 646.4007792694999 184.94698041296513 677.64939728615 209.26866681276852 1.4875501 1.5254946 3.3574476 3.4268317 2.3145967 47.604485 1.4783827 1.3135566658282256 
Car -1 -1 0 745.078542732834 183.01514607001673 778.5267118682488 206.82701519168847 1.5015607 1.6066191 3.8609579 10.321886 2.2211251 49.134705 1.6110094 1.2361753768710004 
Car -1 -1 0 546.7105769699526 184.71553730443154 582.4636776947247 211.34415628850573 1.5495254 1.6743807 4.278528 -2.8254433 2.3444154 46.15085 1.6553981 0.281126469373703 

