Car -1 -1 0 711.9435952358616 187.114900972744 871.4198518470072 303.279939037332 1.5027913 1.6051208 3.507303 2.7201214 1.7657863 11.537497 1.5514143 95.29881169683003 
Car -1 -1 0 385.4148475929576 179.33717668152028 422.0089850381851 201.56046977193094 1.4643725 1.6165411 3.6658802 -14.355996 1.9346879 50.485832 1.5394046 26.997748365569823 
Car -1 -1 0 680.5704504934743 185.54833100197288 774.0169361378888 254.50391302552202 1.4537566 1.5797007 3.561437 2.7732232 1.796832 17.689371 1.5308757 61.884866275730204 
Car -1 -1 0 260.60346223862473 180.95582388920988 330.3583895891657 215.6918737557896 1.4407153 1.6018488 3.5850675 -14.086707 1.826502 32.561134 1.5657771 44.49608235193675 
Car -1 -1 0 315.9438092067756 179.43197978566099 373.5980743669247 209.25838705889316 1.4939766 1.6497849 3.9746091 -14.235769 1.867734 39.008026 1.573336 25.67058771059432 
Car -1 -1 0 662.5419849512921 184.41475784280337 733.8703432991601 234.54437998942845 1.4378059 1.5955848 3.5494576 2.7882137 1.8418097 23.378492 1.4851407 39.57615813923094 
Car -1 -1 0 637.9075918660117 183.76491154430585 682.8002075693114 215.29778032418466 1.4463893 1.6135664 4.2716208 2.5282855 2.0364764 36.821106 1.478102 20.243620262741427 
Car -1 -1 0 534.5445164183562 174.43167412982723 639.493484057679 251.49416477358983 1.7026892 1.6977135 4.005987 -0.69084775 1.7471893 18.191315 1.2870697 80.60699142500155 
Car -1 -1 0 409.7944609678218 180.05422762036972 444.24236080569153 200.24367242513213 1.4691018 1.609901 4.226177 -14.14823 2.0502477 56.123722 1.5709015 0.3059169054031372 

