Car -1 -1 0 316.33552267967247 199.77123313568288 374.1155315850023 248.84475468144936 1.4355209 1.5645028 3.7370605 -9.193488 2.454729 25.314259 1.3122529 52.23262878535009 
Car -1 -1 0 629.0303270948317 194.77701184092868 997.5435017782767 375.0 1.4712684 1.6346455 4.260866 1.7294763 1.7745258 7.700103 1.2344257 122.19048268899586 
Car -1 -1 0 257.5721000799289 205.0823323160191 349.93169562053 284.02471852209976 1.4037654 1.6358691 4.3507047 -7.0766687 2.2689137 17.047634 1.2572635 106.00835041828229 
Car -1 -1 0 975.7477493281364 200.8565942386435 1242.0 311.0162394998667 1.4974847 1.58824 3.7136393 8.118661 1.9929636 11.587479 0.21953857 113.58300914145661 
Car -1 -1 0 546.3447862653417 188.70804580144812 699.6783891608787 301.90643952657433 1.5935823 1.6581631 3.701747 0.0741448 1.9175099 12.731621 1.2805153 106.32535210492897 
Car -1 -1 0 671.8411008761585 195.66632847966892 778.2067326486834 242.08654192256114 1.48633 1.5500767 3.5669527 4.037545 2.3193042 25.259024 0.18343881 24.71298380796153 
Car -1 -1 0 782.9153473999763 199.3719078333716 927.1323122752287 262.5034505076971 1.4831736 1.5439665 3.491702 6.4202623 2.2314472 19.159887 0.26361156 27.870826834654448 
Car -1 -1 0 521.007644827128 192.65334095029763 611.4058621622031 267.72658546451794 1.4951338 1.5062103 2.9881508 -1.091367 2.003378 16.879028 1.2950747 34.231392674281786 
Car -1 -1 0 350.79745355032225 196.429388784709 388.2606881012538 231.27580680299752 1.4729781 1.5853075 3.825801 -11.70338 2.6949368 35.34125 1.2907438 1.1625526331609741 
Car -1 -1 0 334.75763999384554 198.31058871725088 385.09998273524945 238.45647903412492 1.4394195 1.6090987 4.0555124 -10.567769 2.60086 30.762808 1.3435189 0.30859747529029846 
Car -1 -1 0 437.6255690248804 192.94107272261422 457.8040321587249 208.01497926731676 1.4671983 1.6121367 3.9560807 -17.530067 3.6996179 78.05472 1.2151357 0.2944597899913788 

