Car -1 -1 0 570.1519627405662 166.1657609090949 677.289199679009 206.25620004890067 1.5911793 1.6950791 4.183322 0.5496974 1.3257246 29.82727 -0.17022377 85.3261691122796 
Car -1 -1 0 0.0 186.00235410675398 85.64790908008521 219.95613604836728 1.462406 1.5667069 3.5033255 -27.38685 2.12568 34.48033 1.9605386 26.83612254524238 
Car -1 -1 0 131.26821004963955 175.65677485845688 257.34405500667395 223.20729562579817 1.725181 1.6596012 3.7975276 -15.654982 1.8355862 27.362728 -0.12479415 69.57802446693852 
Car -1 -1 0 877.1841257653906 167.38195616778754 979.7555978357078 202.06061839475112 1.4962169 1.6251863 3.9144952 14.192438 1.2601244 32.197918 -0.13413782 8.706040591480866 
Car -1 -1 0 993.1171053208817 158.68390715598665 1072.0378590288858 185.87704342583024 1.6312242 1.6584291 4.1576004 26.074966 0.78120804 44.51261 -0.2023128 22.327912477774856 
Car -1 -1 0 678.3652403968341 173.48756937115633 704.1493524274819 192.17484281186492 1.4754598 1.7311192 3.7757585 6.725404 1.5291656 59.134888 1.7836406 0.654351578736813 
Car -1 -1 0 650.8712175307218 171.94993365219668 679.957435281213 191.67056365561695 1.3591828 1.6677185 3.7725577 4.039367 1.2968726 51.739277 1.7602077 0.9388404970218962 
Car -1 -1 0 296.9770364971361 176.45866054244613 348.1018600872163 194.68557463556735 1.5609531 1.6242459 3.981999 -25.690664 1.8944061 64.67859 2.2354307 2.5722727577273075 
Car -1 -1 0 565.9655187191269 173.49307410876088 601.476012532164 193.99082745158137 1.518606 1.604601 3.9745672 -1.9536 1.5698436 55.719288 1.8449641 0.31065285205841064 
Car -1 -1 0 823.101839703868 168.92914011417594 910.3434220285285 200.69238276420072 1.4828191 1.6195251 4.0748944 12.588455 1.2995927 35.294655 -0.44689336 0.28253012895584106 

