Car -1 -1 0 442.7730471436847 179.83093171740458 537.1986664937754 258.7288287195107 1.6287627 1.6916873 4.3563466 -2.753951 1.8191628 17.487858 1.5403893 102.74530442635212 
Car -1 -1 0 573.0068196659342 188.40625655639514 673.341335547521 280.7475298060276 1.4190584 1.6248522 3.4493048 0.24779262 1.7455848 13.411299 1.5871456 63.20964780899183 
Car -1 -1 0 370.21630440206394 191.94306143322916 440.6981214374232 230.33839581559616 1.4816977 1.6727719 3.878064 -8.924009 2.3780828 31.86572 1.6762378 32.83472817392894 
Car -1 -1 0 1118.8140536395383 150.9423549137081 1242.0 200.5781026362549 1.5555191 1.6501389 4.1126413 20.109892 0.8688368 24.81622 1.2911311 35.12869093443089 
Car -1 -1 0 614.2357310714641 178.05140960659278 662.5732962026692 222.67390087953535 1.5760056 1.6729687 3.7244618 1.1735015 1.7906356 27.864986 1.663017 19.313544364007225 
Car -1 -1 0 88.44230149664672 208.0122313199806 178.75556980792248 237.5784903516117 1.4832237 1.6305492 4.2614374 -28.725758 3.7187824 43.667904 2.1842885 25.257626294336443 
Car -1 -1 0 0.0 207.17300856291249 71.75455864802251 246.32288100452539 1.7850919 1.6571541 4.213073 -31.873016 3.744011 38.977547 2.1684656 20.23460976174278 
Car -1 -1 0 70.69806029272384 203.61856625057752 156.03053821710174 230.18104500729848 1.5037618 1.6400203 4.4254723 -33.225346 3.666219 48.430775 2.1755917 2.188483241784811 
Car -1 -1 0 530.5810632740775 185.83076077997464 569.0591454786775 207.6091568495327 1.4938747 1.6872944 4.3288374 -4.4629836 2.5158076 54.525753 1.7900162 2.150370207349519 
Car -1 -1 0 581.5785788146457 185.33432232482136 616.0761106929258 202.10259684908547 1.4570029 1.6190246 3.955725 -0.97765845 2.670042 67.999176 2.0315957 0.2731141448020935 

