Car -1 -1 0 730.5093211214322 181.93155054689257 940.3801713910067 331.5666607451563 1.5118984 1.5861052 3.6110303 2.653905 1.6518477 9.316811 1.5729245 104.52666428402601 
Car -1 -1 0 148.33193977016478 158.50013446851403 419.2224105169356 276.4700830093801 1.6496396 1.6289213 3.8357692 -5.269009 1.4489214 11.827671 -0.5849358 124.15376549170594 
Car -1 -1 0 676.173706761479 170.7382187914069 788.4286506671281 262.86715918857544 1.6996145 1.6894708 4.4540815 2.4705093 1.6605821 15.543914 1.5777135 93.85752737785751 
Car -1 -1 0 657.68659078721 179.79490905489664 713.6284698481096 226.23469113556283 1.4731939 1.5477722 3.2294018 2.5748594 1.729363 25.002707 1.554363 23.085689918828287 
Car -1 -1 0 482.4362738104978 176.8375095371188 558.5917869639037 206.39036841032134 1.5274982 1.6064595 3.8664856 -4.8581862 1.7561119 39.595993 -0.6535126 22.34707828407341 
Car -1 -1 0 382.528384976872 165.19858211400438 515.6423043517094 220.92258791915606 1.788945 1.6873554 4.179657 -5.5236783 1.5431778 25.026978 -0.58938885 51.12704036757393 
Car -1 -1 0 429.20768104465253 177.91309966982266 531.5465728646212 214.3231984888635 1.449923 1.5907257 4.0190105 -5.5148153 1.679203 30.958706 -0.5602657 13.979723381895312 
Car -1 -1 0 259.29570385230255 174.88249453960762 474.85539039125854 256.49444805220816 1.4822199 1.6196139 3.9598925 -4.9619045 1.5290476 14.923631 -0.55618036 1.7181815057435559 
Car -1 -1 0 511.25182164051967 175.54712217797413 560.433576263685 200.6908550594341 1.5395104 1.6269124 3.8213265 -4.807861 1.7213402 46.666607 1.0052123 0.5298576296253058 

