Car -1 -1 0 752.3864893405323 176.90572207487455 1013.5011564038988 329.1325849658506 1.5105029 1.6299894 4.1417475 3.190875 1.5750849 9.386523 1.5131906 134.78505060796036 
Car -1 -1 0 614.6510205224355 165.83729331920742 682.6391952627555 226.80823187831623 1.6986455 1.6884087 4.0961313 1.1072552 1.5031605 22.186342 1.5252763 65.8597397995404 
Car -1 -1 0 27.190276699472907 185.22238248876016 374.91027319348143 322.4080728183394 1.4337925 1.5525444 3.6771069 -5.133053 1.62302 9.434719 -0.53426933 106.71914520216005 
Car -1 -1 0 581.9196230878598 178.51143470983595 620.9645229902011 199.81543411998925 1.5510192 1.7769182 4.2734585 -0.6775716 2.0087404 56.06724 1.2387462 11.174401213104975 
Car -1 -1 0 491.6435219785816 179.07093721747572 521.5875757361284 205.71505232805612 1.4265157 1.6303365 3.69844 -5.9552803 1.8009452 41.500042 1.4092302 6.657904263787554 
Car -1 -1 0 409.389942813439 178.2581949329001 448.3318382644044 200.7030718521196 1.6187775 1.7204407 3.8735309 -13.839971 2.047434 55.139275 0.9941342 10.149612392168597 
Car -1 -1 0 375.575607583247 179.49467363839935 412.4612613999535 200.6110630806574 1.5064591 1.6394784 3.6932552 -16.371367 2.0283058 54.713104 0.97316766 6.920635342619421 
Car -1 -1 0 323.8279940415756 177.9747234579521 354.33146311713284 199.00037990383123 1.5111306 1.608597 3.8202155 -20.530483 1.9150631 54.882294 1.365294 1.865893011538692 
Car -1 -1 0 469.3915556705493 179.1043471872706 500.9411352497814 202.00397147404064 1.4437404 1.6054975 3.679658 -8.299458 1.8789915 48.377598 1.5346216 0.2906396985054016 

