Car -1 -1 0 598.12092313031 178.12942986268808 689.5891858366628 259.17151289865717 1.4476315 1.6246028 3.6493015 0.8236088 1.5716474 15.049826 1.6967683 65.116046383161 
Car -1 -1 0 519.1547231546416 174.09703701227284 587.1564624136272 224.93209954439632 1.5600495 1.6443697 3.8422492 -1.8075719 1.6052191 24.229782 1.6644653 77.7070880903411 
Car -1 -1 0 760.469688664104 184.25762342225323 983.7541111640377 356.12408098462953 1.4607681 1.5988305 3.478313 2.6989217 1.6188856 8.189053 1.6792525 93.02227445533832 
Car -1 -1 0 728.1024169140055 178.40591514874555 842.563460148949 280.7432228451708 1.443403 1.6023184 3.904501 2.8707619 1.5550195 12.452756 1.7270691 54.05431744770648 
Car -1 -1 0 140.1375105529719 188.6604438852551 262.8459523121482 237.5880097365431 1.5538251 1.569811 3.3646193 -13.928007 2.122183 24.799429 -0.22822061 53.09510736829619 
Car -1 -1 0 644.4474759772654 167.4530574119676 714.0607710303806 227.52928201065816 1.7518038 1.7198806 4.2977653 2.3450575 1.5943139 23.32483 1.7915092 55.619196430374636 
Car -1 -1 0 0.0 198.65375646621922 93.57880153393397 248.49000442760206 1.4973097 1.5780721 3.679044 -19.536568 2.3899984 23.882668 -0.1665179 30.29296418023697 
Car -1 -1 0 785.9986872064782 167.52586646621506 829.3484394451866 194.77077351940804 1.4136428 1.6758717 3.8949184 10.774494 1.1371844 39.4625 1.6756089 36.629697656421115 
Car -1 -1 0 737.9727698668624 167.0209595573482 766.9214394643318 188.62478227860348 1.6277747 1.7033342 3.9882197 11.12968 1.1882746 56.40827 1.6325289 7.040251731076297 
Car -1 -1 0 702.8893311277465 168.79722239756484 725.2312287209907 186.94677812664028 1.526896 1.6975627 3.7097218 9.104996 1.1856048 62.69073 1.7757858 0.5326241315768246 
Car -1 -1 0 590.1213639255468 165.63576852977 637.0437444442546 200.4391871379961 1.8443477 1.819854 4.3391848 0.289197 1.4618297 40.545273 1.7740664 0.5104268578054549 

