Car -1 -1 0 459.2744536327849 191.3852163212671 552.399854531043 256.5298965607252 1.4612354 1.6996024 4.4941645 -2.7000227 2.0277367 19.771338 1.6199906 84.14760437851427 
Car -1 -1 0 142.14658059717883 201.15487764188262 278.0333004724836 264.1201128416227 1.5919123 1.765756 4.3532305 -12.195418 2.5561574 22.396152 1.5833331 73.08997935410422 
Car -1 -1 0 289.8610271949963 200.94833933135587 345.61082191238785 232.7237166602389 1.4646826 1.5656351 3.556865 -15.388445 3.022583 38.219307 1.5534472 18.604765560845344 
Car -1 -1 0 1011.767381715715 176.21072839298077 1242.0 276.11702610154583 1.438215 1.6610636 4.3926086 8.956616 1.5043681 12.365689 -0.54866123 92.2908303925976 
Car -1 -1 0 575.5562279109549 181.80979797771423 613.3488281497736 216.51696359294465 1.5665835 1.7603048 3.810266 -0.783761 2.031436 35.510696 1.5282099 20.485776063695862 
Car -1 -1 0 929.9065282552369 176.2490250101163 1110.9256777146488 255.05881383512823 1.4588555 1.6234016 4.093995 8.765532 1.539269 15.30039 -0.5713554 48.654068942588964 
Car -1 -1 0 689.9398455508689 180.86174588858614 720.4804150776461 202.23750436868727 1.4622271 1.7326694 3.8082795 6.9446926 2.068155 52.691257 1.5728207 8.189847265612853 
Car -1 -1 0 873.6954697628018 177.26825637390263 1017.9055344411129 242.84867575332368 1.4689265 1.6212525 3.9656842 8.555959 1.5917795 18.24495 -0.64162934 38.039695145273804 
Car -1 -1 0 808.4798547118146 171.3789047996922 957.6182984281248 224.8805258008108 1.6986315 1.7081132 4.306548 8.997553 1.6517984 23.925022 -0.07682765 54.392113980003344 
Car -1 -1 0 6.982698090015916 208.53052695039312 152.94763055175733 273.8478656318187 1.5650897 1.6142433 3.720784 -15.38212 2.7068982 21.215763 1.5501281 13.307737293711295 
Car -1 -1 0 742.4064076746319 176.92169659869097 771.1444714060774 195.2261445451396 1.4201543 1.5675714 3.7429118 11.936507 1.7615564 58.685905 1.5689974 4.207103005891303 
Car -1 -1 0 228.07370337675655 203.50274049437232 301.85519702218215 242.60774424947562 1.5002184 1.5844939 3.5415719 -15.308441 2.9452686 32.242844 1.5784178 1.6276044582657054 
Car -1 -1 0 441.80409514073256 194.7055901458707 466.392679573095 212.49850406614686 1.4790734 1.5977483 3.8599157 -14.351127 3.5604076 66.76281 1.5275532 0.3502376079559326 

