Car -1 -1 0 439.45839623022255 184.88085030401905 500.8430473708019 227.16558744910145 1.4135685 1.6150428 3.919326 -5.1742916 1.9000661 27.214787 1.555074 40.774399364710995 
Car -1 -1 0 159.62767092751932 191.75745995296612 371.424974734145 307.599924335265 1.4487832 1.6058371 4.091542 -5.3075204 1.8113087 11.768332 1.5405296 139.09699997432827 
Car -1 -1 0 334.27534273872567 187.28173848912667 451.3409997369757 259.64605040262614 1.4866102 1.610119 3.8604162 -5.116426 1.8764551 17.54803 1.5939034 95.77963693274293 
Car -1 -1 0 777.3175676149655 184.45127012003744 964.7302505291527 258.1468994273077 1.4709638 1.5652062 3.5530272 5.669405 1.7423861 15.813313 -0.17103243 89.35704400327354 
Car -1 -1 0 739.9733090123443 179.511302540664 903.0073240630032 245.18205018740417 1.5749655 1.607253 3.6636696 5.3353705 1.7535357 18.42354 -0.0703681 46.7398713890513 
Car -1 -1 0 667.512389619074 177.27759348739738 752.720388219524 206.8319508565374 1.487695 1.6561532 4.2217255 5.169293 1.7227845 37.46496 0.025111474 33.39039429795534 
Car -1 -1 0 899.2866040124816 170.86916887221412 1242.0 338.9577866876749 1.5750456 1.6317015 3.8210592 5.320676 1.556447 7.678319 -0.05372823 24.47248792512335 
Car -1 -1 0 657.2820391004665 177.5314581179891 725.5979499015832 202.78123415628673 1.5090213 1.6224668 3.9720504 4.99656 1.8021846 44.336586 -0.038146876 3.7858126066468825 
Car -1 -1 0 468.44472352690076 181.84112082488204 517.5477097536092 215.53229416313968 1.4166888 1.5624979 3.5023656 -5.283741 1.8507491 33.06922 1.6088713 7.353523313024754 
Car -1 -1 0 678.632976376412 182.71959286085587 801.0142424107015 225.74915119164 1.4572703 1.5937567 4.0481725 4.5666313 1.8194022 25.651735 -0.018129524 14.562000950796303 
Car -1 -1 0 501.415919404199 179.6789995926813 540.2589194007154 205.81563122019497 1.4399154 1.581752 3.7938757 -5.2031593 1.8624039 42.71694 1.6421366 1.9167907274784237 
Car -1 -1 0 644.2069083861682 176.12520689970015 679.4667484585435 199.38344587928313 1.5465462 1.5910404 3.6612153 3.6161742 1.7841715 50.469418 1.3891548 0.8628453957251554 

