Car -1 -1 0 199.30867307402536 190.23454424877352 332.76851489525893 253.75260160910616 1.5219123 1.6945686 4.2189884 -9.61116 2.0693643 20.591862 1.6022818 61.6547844978765 
Car -1 -1 0 409.52951287375697 175.02566337246944 513.7138094929177 264.09280066259595 1.6596466 1.7115815 4.2864566 -3.0713592 1.7137003 15.755884 1.4925835 107.98791991478704 
Car -1 -1 0 580.1520403863244 180.44184314136226 675.0190018395118 265.43889369942934 1.4382627 1.6490113 3.5445204 0.34895417 1.6076434 14.317704 1.5914732 41.25906452964117 
Car -1 -1 0 622.9161133782965 173.05123120048032 672.1796572274476 212.42149142554996 1.5189154 1.6405815 3.6743913 1.6264421 1.5275934 29.802061 1.7327954 31.787459747195683 
Car -1 -1 0 397.36276699442055 185.93184740448197 456.5516755087756 219.97656437226652 1.4483546 1.5750941 3.6290605 -8.539381 2.0991266 34.023216 1.6665615 11.319457238870136 
Car -1 -1 0 29.471716136120097 206.50744032043607 119.29189233391482 238.8628626850263 1.5018926 1.5617449 3.638774 -29.20451 3.4328032 39.461445 2.182908 28.0376061784965 
Car -1 -1 0 715.7229168609211 172.50355296183542 742.8302573316246 194.92252929145215 1.5725794 1.6235251 3.921203 8.777998 1.547997 52.71283 1.8210372 5.225701100077357 
Car -1 -1 0 484.45718063353166 180.3690975335337 532.7434643603759 207.00770490641946 1.5235769 1.6359439 4.011448 -6.1828246 2.010488 44.61159 1.7957051 3.8185619975409137 
Car -1 -1 0 214.88573596352424 197.3797447298434 260.71497281408665 223.70915106510955 1.4897982 1.5859913 3.816001 -23.94915 3.1426275 46.606747 1.3914751 2.439410456186616 
Car -1 -1 0 558.6966065997035 179.8747693846624 584.3047034967185 198.6521852126216 1.4741995 1.6178267 4.002555 -3.1436121 2.0804687 60.247574 1.6513565 0.3532640039920807 

