Car -1 -1 0 690.7207197721325 183.90364284552913 813.8873229219897 269.7566095480272 1.4828804 1.6096613 4.1995506 2.8184905 1.7473143 15.138985 1.5333068 98.71748332445124 
Car -1 -1 0 53.010150159662416 165.37188837801685 194.25792863655786 223.85229439042664 1.531461 1.6273851 3.6987565 -13.799046 1.3355224 20.760994 1.5503098 69.84692915922706 
Car -1 -1 0 580.8210249959018 170.53585807076502 642.3760895610619 228.4606220746643 1.64011 1.7436494 4.0709805 0.040518306 1.5744729 22.472908 1.5621675 35.03439472687252 
Car -1 -1 0 668.2448983273579 179.26194802720445 746.9343834322461 236.3641061419649 1.4191942 1.6179788 4.1481824 2.6707234 1.6196395 20.485476 1.5573708 62.33563827434369 
Car -1 -1 0 764.1991313037191 174.1035372659048 1093.0813775769489 375.0 1.7173945 1.6915665 4.27521 2.8444502 1.7342256 7.550007 1.6099511 130.20409889411204 
Car -1 -1 0 220.20606646430778 169.59999989962915 306.2576608180488 207.87017086214948 1.4571835 1.6665429 4.0258956 -14.041306 1.3332833 29.506153 1.5463387 43.707826772383534 
Car -1 -1 0 650.9753092118799 176.7313273827956 704.1472704784264 215.62584475384148 1.4778347 1.5743312 3.6691384 2.7323043 1.6474959 29.682447 1.4931712 16.65509036865501 
Car -1 -1 0 391.29024690812855 173.26052833620332 429.59238000824615 195.39941847380604 1.4973657 1.6009903 3.661858 -13.9487915 1.5269847 50.719887 1.5961802 12.145683047459043 
Car -1 -1 0 366.72822916441726 156.47624070564925 466.41800266057743 201.1541952805693 1.6974308 1.6430688 3.8870268 -7.8076696 1.0751973 29.115772 0.5390557 2.5463018813705065 
Car -1 -1 0 449.785556954773 172.64834866789775 472.33945451763674 188.947583281085 1.5064754 1.6200727 3.892408 -14.105633 1.4874675 68.690475 1.4956516 2.1118499240900204 
Car -1 -1 0 625.3161492406716 174.95431455962304 651.6426299928632 195.36419849532172 1.4751115 1.58575 3.8422682 2.1513925 1.6395593 54.524147 1.5036405 0.3263149559497833 
Car -1 -1 0 645.6663472427367 176.32927550309674 688.5780032507613 209.30950532648708 1.5206106 1.5730339 3.677029 2.783713 1.7009673 35.555897 1.4995109 0.27444031834602356 

