Car -1 -1 0 583.2892684207851 174.12795315189925 616.1207332427116 205.671515221481 1.5994233 1.6717515 3.775916 -0.5092274 1.6709673 38.62976 1.5668209 25.906403533062903 
Car -1 -1 0 27.892978329032005 193.49165029967497 302.80077324932427 284.68112130680464 1.4892968 1.6137909 3.9708424 -7.8534327 1.8849366 12.997272 0.014282669 105.49768340709113 
Car -1 -1 0 144.30683013115402 187.28391588528837 356.46529806595095 264.7653628376798 1.5261483 1.6067991 3.7379997 -7.5609946 1.8534129 15.457075 -0.05619664 57.844056794248885 
Car -1 -1 0 288.40638266030544 179.3027401580166 440.391303767811 233.6592492027929 1.631001 1.6920371 4.207825 -7.6295505 1.8416744 22.712938 0.006150412 43.88101868283599 
Car -1 -1 0 437.0076476112205 178.13236527866172 507.72935060153446 203.54938845514945 1.5406828 1.6635593 4.12312 -8.512672 1.8764267 45.00165 -0.030190967 17.098853129218618 
Car -1 -1 0 365.50132224598264 179.75785652694728 473.69107666890335 217.82162037999112 1.5406249 1.6494403 4.1156034 -7.993311 1.842357 30.548338 0.07993165 24.21203940256714 
Car -1 -1 0 247.70923106050984 185.4332335296152 397.28223888914056 240.62912733192692 1.4692016 1.5663139 3.602211 -8.0228815 1.8384126 20.374794 -0.011016639 13.862300424844989 
Car -1 -1 0 546.8328422647836 177.501650944083 568.5996513577143 197.58463675293385 1.4852116 1.6352242 3.8972054 -4.042317 1.8606784 56.288685 1.4996805 3.338347478534721 
Car -1 -1 0 401.3885195715443 181.27504493961786 489.92554288350806 214.6585359706158 1.482125 1.5922691 3.7000353 -7.538417 1.8820405 33.37474 0.05193823 1.3041216232847943 

