Car -1 -1 0 756.6709235913821 179.5701184125466 1041.178161460181 367.81908433323537 1.5268924 1.6414931 3.766286 2.7875204 1.6178932 7.882076 1.5848432 95.9788119910057 
Car -1 -1 0 661.1537958350801 172.8382671753746 734.8752726066471 233.32086493256836 1.6191704 1.6741011 3.5876036 2.4981792 1.6187491 21.120771 1.5577185 103.61670788891587 
Car -1 -1 0 141.5537464530073 195.44769931676018 264.6268898031865 261.47164363184123 1.586125 1.6351788 4.0145407 -11.562209 2.303852 20.839584 1.4668219 30.845235910417596 
Car -1 -1 0 319.71869540446147 191.13637232808858 504.37308242509636 271.44891920000555 1.3789054 1.5720872 3.935911 -4.1678057 1.8039169 14.987535 0.6225447 94.65702017120354 
Car -1 -1 0 307.82637128904133 190.9224916631768 377.39267185725953 230.9905829424053 1.4990002 1.5935382 4.055859 -11.332512 2.3241477 30.8981 1.5380658 7.914136604760217 
Car -1 -1 0 172.3649436632756 198.70720459234704 445.631055555199 359.201372030124 1.4766464 1.6328989 4.095626 -3.9977827 1.8789206 9.251134 0.73196507 90.29121009747483 
Car -1 -1 0 396.9960922140644 186.72613767701108 527.1888518731889 240.07761524777817 1.3785508 1.5350893 3.6223502 -4.323786 1.8134762 21.04337 0.53064436 29.51207122880421 
Car -1 -1 0 634.1902699304986 168.27602252643544 671.8070407322303 207.62184579601305 1.7845573 1.6242476 3.6385577 2.0326476 1.5769198 34.554565 1.582574 37.644479406146374 
Car -1 -1 0 457.990825067652 178.1774217753188 555.0954654772494 214.90162865621568 1.4945719 1.6014323 3.915969 -4.4885235 1.7412393 31.65653 -0.60901743 12.76488988867717 
Car -1 -1 0 327.6779715693594 182.30705906414633 468.9184123484727 246.03753399481235 1.45276 1.5768254 3.6601129 -5.5032535 1.7194892 18.655996 0.6181146 1.6890160031125272 

