Car -1 -1 0 805.6662031215283 177.9229624059672 999.812708058081 297.1478662327307 1.4968835 1.6010374 3.2607622 4.181432 1.5844574 10.831788 1.5751638 102.76743485819885 
Car -1 -1 0 747.3617885725741 176.5842445947709 871.0640898893271 255.00742441138763 1.4457448 1.5522623 3.4747567 4.067785 1.5335937 15.230904 1.5383459 76.5732366838552 
Car -1 -1 0 45.372850110063304 175.49250920832904 180.48311988261585 227.68520166453888 1.4504931 1.5677677 3.6854959 -15.034268 1.5380528 22.092052 1.5833241 43.481651765517526 
Car -1 -1 0 720.2137961748479 172.09157400382952 799.3428926854617 229.70186805308572 1.4954188 1.6183126 3.5343804 4.174159 1.475628 20.521507 1.6028271 28.628547636532645 
Car -1 -1 0 172.44714475912974 173.7089369284838 275.0820300783527 213.52808323864056 1.451388 1.6295344 4.334318 -15.133785 1.487862 28.588436 1.6060259 34.95900918139353 
Car -1 -1 0 319.0328448403342 156.97971694533672 490.6415875243763 282.9792992776934 1.7267625 1.6504241 4.0233593 -3.1409457 1.5092132 11.909314 1.5822426 137.09840676439313 
Car -1 -1 0 437.7951003536021 160.82328171969814 538.4854631112535 238.01780916693335 1.7693233 1.6790429 4.510217 -3.0139487 1.4935753 18.828794 1.6162401 49.249505134961346 
Car -1 -1 0 497.1530077411143 174.0265013028474 552.7822981770353 218.17430469429482 1.4070773 1.562045 3.6444201 -2.852089 1.4505757 24.931337 1.5515026 21.35210907715671 
Car -1 -1 0 256.4358259130987 172.18227595280203 329.0697794786106 204.96902270642593 1.4687948 1.5955205 4.07611 -14.993346 1.4387025 34.37936 1.5934495 17.256220406439066 
Car -1 -1 0 662.2128190305618 164.866863408767 704.0716809195471 193.0890886744407 1.5721586 1.7079539 3.7775445 4.2474465 1.1272237 42.159515 1.4698045 16.642632408947083 
Car -1 -1 0 802.8039913972628 170.09114611614314 901.2647153423228 202.6726529941142 1.5831542 1.6679453 4.34006 12.021992 1.4489053 35.934998 -0.019006316 12.897286963351277 
Car -1 -1 0 517.6619080802063 169.0418838091284 568.4693797467473 206.64100092060104 1.5303874 1.6348447 3.9417107 -2.8244336 1.3752236 31.382599 1.6275239 11.526948182058774 
Car -1 -1 0 690.622634302172 173.1995705680099 754.011641339212 214.1585788332544 1.3784528 1.602644 3.9514432 4.025954 1.3920097 26.311665 1.5459129 12.606193850964768 
Car -1 -1 0 308.5132427888794 169.79221601093948 362.776992914496 198.6059750793153 1.5066663 1.5826542 3.7460122 -14.965738 1.346566 39.608524 1.562578 2.4844857196944394 
Car -1 -1 0 550.5508102065555 164.2213197783833 581.8453185424407 190.8171021331122 1.7582893 1.6782105 3.843721 -2.9449112 1.1875689 49.675537 1.6375256 2.2562755806752226 
Car -1 -1 0 546.2132366330281 169.1070927687868 586.5484639155557 199.2476951720236 1.5096073 1.6195489 3.887915 -2.2297807 1.3219414 38.137917 1.6460475 1.3081016270077788 
Car -1 -1 0 773.8353988823848 167.6574827253393 841.966200908001 193.08583032173757 1.5783391 1.6254145 3.8430204 12.533509 1.2557907 45.714294 -0.061036747 2.96209910787746 

