Car -1 -1 0 736.1855660387716 183.43788928150315 980.1488399610807 332.5586414030841 1.440796 1.6061095 4.201343 2.8888373 1.6098948 9.400717 1.5360636 103.39938008986813 
Car -1 -1 0 688.8337438878418 183.50268621552834 812.2310998018468 267.8935099365973 1.4457519 1.595232 4.3276415 2.768753 1.7010139 15.105103 1.5349107 82.24847326276044 
Car -1 -1 0 654.8885632779641 181.9503787654692 710.8179858548032 227.46070885130524 1.4548807 1.5885525 3.6549373 2.533197 1.8011472 25.63278 1.5630271 58.13858795966156 
Car -1 -1 0 228.1629356695139 190.48661341464907 300.7422324762136 222.1536194577494 1.4100263 1.6052606 4.113911 -17.367693 2.3534634 36.5254 1.6015387 38.15343509230718 
Car -1 -1 0 625.8215835559538 180.89469843544398 655.4783902125819 208.15056775531122 1.4135525 1.484575 3.1207366 1.6877322 1.8757467 39.90982 1.5638032 14.070720659788805 
Car -1 -1 0 289.1383248336631 188.2647897771312 346.05519649230416 216.32524621122522 1.4744004 1.5933294 4.165738 -17.038836 2.422842 42.310387 1.5875734 6.927865658169145 
Car -1 -1 0 646.1451233091274 181.4349263405505 689.6951604672411 219.2686684183408 1.4867435 1.6173397 3.785862 2.4596834 1.879468 31.119974 1.5831337 8.458945831903357 
Car -1 -1 0 99.78767086920753 190.01171306576126 208.16855295969816 233.9470249837432 1.4803574 1.5962157 3.976627 -17.4633 2.1914027 27.891644 1.5991392 2.460272498788829 
Car -1 -1 0 559.8716918257809 179.33952845232443 600.5375737985985 193.55023219773759 1.4893172 1.6435521 4.1233206 -3.1566057 2.2000618 77.887085 0.18435931 0.9944321703576217 

