Car -1 -1 0 718.3679939759162 176.96700416437224 858.9668583027782 278.68797829232426 1.5915682 1.6463838 4.0460963 3.1489937 1.6799815 13.481856 1.5772899 94.11882391166945 
Car -1 -1 0 679.9357843777155 181.73420595881922 765.414897495075 245.70166448020197 1.4317585 1.5741934 3.8385131 2.8041983 1.6844959 18.610014 1.5627776 77.19339105271875 
Car -1 -1 0 767.1900108876208 184.55803646699633 1226.3968140310828 375.0 1.4862108 1.616922 4.2011423 2.8734756 1.6275986 6.549056 1.4765824 85.80628373976624 
Car -1 -1 0 327.9147452339832 179.07738086930732 514.9558096094315 245.45172005456024 1.5255865 1.6533929 4.1794143 -4.4890704 1.6859354 17.673546 -0.04374426 52.11896783910482 
Car -1 -1 0 0.0 178.03347618362258 383.29534683664053 347.6960112534823 1.5548849 1.6328351 3.9736948 -4.5957165 1.6149297 7.5145783 -0.017007453 98.79348380715507 
Car -1 -1 0 654.9954091391043 180.6840036013491 705.0028662161214 220.1456747870378 1.4352562 1.5563425 3.4992106 2.7435448 1.7660925 28.71615 1.5430074 20.398781600804895 
Car -1 -1 0 669.3412750741754 180.89298427761034 734.9743649817909 230.33337941181102 1.4920886 1.5283422 3.2912595 3.0118046 1.7787447 24.028671 1.492883 20.183631976189915 
Car -1 -1 0 200.93074742356922 163.59376871590683 475.1998069134358 272.22583522569425 1.8390058 1.7390723 4.3457165 -4.7687316 1.6822416 13.1420355 -0.026729913 136.97944693867987 
Car -1 -1 0 426.1668880720374 171.46706031775204 540.9681101114218 227.32041885590218 1.8724575 1.6588345 3.6387625 -4.3458037 1.8259609 25.18606 0.09418605 20.79277553468461 
Car -1 -1 0 648.1014219501135 174.20635507375795 686.0857393884719 206.9718929465866 1.6797092 1.6306669 3.591896 3.060738 1.7561662 38.966587 1.5315776 2.0548662492345464 
Car -1 -1 0 519.6737082833542 173.21025075762944 574.5074577225 199.0557690034517 1.8164997 1.6699439 3.8512816 -4.4381175 1.842467 51.665554 -0.04892931 2.604234260885712 

