Car -1 -1 0 441.6595299312509 169.66521553943537 539.9785676436736 245.47418595361304 1.6389755 1.654714 3.958489 -2.7627883 1.5700345 17.598927 1.5959388 104.01672355703619 
Car -1 -1 0 339.0544658160069 182.30794636457782 493.83601224248986 292.965948292889 1.4074384 1.5630894 3.6105595 -2.8331504 1.5797026 11.318522 1.5394099 81.52105865400992 
Car -1 -1 0 894.3141601865935 193.6506234550121 1242.0 375.0 1.4692308 1.553437 3.440679 4.1174636 1.714508 6.7816706 1.5810499 101.83773711525635 
Car -1 -1 0 494.53919368588583 176.397270852464 559.9317132280155 223.16989450321813 1.4297206 1.5977 4.351797 -2.7081914 1.5612807 24.589708 1.6032847 34.28785057759124 
Car -1 -1 0 922.5949168903849 180.3714194195625 1083.872674869632 235.60958581069033 1.6228505 1.6686764 4.0894 12.085285 1.8644426 22.312557 -0.020446412 76.79969490317825 
Car -1 -1 0 784.244205114166 189.03635788267277 969.3050551061376 293.00092606821704 1.3621125 1.60904 4.0793214 4.2306294 1.6799604 12.130558 1.57324 56.49632625065797 
Car -1 -1 0 690.0691306325424 174.50791875041412 751.1759594454498 218.80366494265004 1.6263459 1.7708528 4.0801983 4.3303347 1.6968063 28.691847 1.5626326 61.25838206161132 
Car -1 -1 0 360.4901166245682 171.73998129408423 399.4777855350846 196.3803165478896 1.5168504 1.5876422 3.8315394 -14.708353 1.4482715 46.395138 1.4837471 12.433953423785795 
Car -1 -1 0 840.2336490936325 180.4134229039462 949.8693026365767 215.4481820601215 1.4875362 1.6433463 4.22669 12.614513 1.8329847 32.011543 -0.06689991 18.516818851261846 
Car -1 -1 0 652.9160436925864 177.03172741194533 681.2751624291515 197.766692197547 1.4783465 1.5662583 3.6118233 4.2763596 1.8021169 54.056362 1.4915112 5.421270254299481 
Car -1 -1 0 550.1281120502877 174.0773729728703 583.0356051822482 200.91819571826926 1.5588046 1.6336651 3.8255763 -2.579434 1.6367443 44.024788 1.6104473 2.272468519332939 
Car -1 -1 0 516.3813387828355 176.00845315535565 560.1068648996238 212.58602949852025 1.465097 1.5882245 3.5896144 -3.011322 1.6086285 31.021885 1.5525153 0.5944051789386613 

