Car -1 -1 0 427.9360886742985 181.9484236445428 476.5436287489494 208.580852135267 1.4488151 1.6930707 4.32516 -9.300053 2.0184407 42.97879 1.6378742 54.42410042447383 
Car -1 -1 0 908.1465255739481 175.54365046178395 1181.6770287049494 310.5505722491516 1.4707794 1.6045841 3.8153384 5.59576 1.5148935 9.886197 1.6246232 85.58990406411698 
Car -1 -1 0 277.64704194469977 188.8639445889233 394.9365350376373 226.99710522082236 1.4344474 1.6797326 4.470466 -11.476575 2.1467285 30.354763 -0.46092463 51.540225487095235 
Car -1 -1 0 642.8803886545221 171.92997220295163 678.4632531361259 198.55478130362727 1.572557 1.7053297 4.0773754 3.1172833 1.5179803 44.698254 1.5169263 13.677484500466294 
Car -1 -1 0 472.6927633307556 178.85575290953943 564.369008792364 215.0527546392073 1.5346119 1.641331 3.882866 -4.1421747 1.820518 32.750107 0.4780942 80.64002788577386 
Car -1 -1 0 1046.3895101459423 152.04989300080794 1206.9728651470518 198.8080024877742 1.4937469 1.616252 4.094077 17.120195 0.8291333 24.041628 0.09119754 32.290658634206075 
Car -1 -1 0 97.61182219004974 189.7325266992849 237.91929063708568 236.4737581674749 1.46319 1.6551855 4.0582814 -15.985687 2.1294382 26.316093 2.1127179 41.329039125790075 
Car -1 -1 0 959.9816323243833 152.128782940956 1088.4449602870254 196.27421022588655 1.5891254 1.6135432 3.8341699 15.361004 0.8430691 26.868206 0.046305045 32.70840282852927 
Car -1 -1 0 175.85205630161246 186.1201261711231 290.1091150740387 229.0298898237677 1.6432909 1.6568229 4.034397 -16.033226 2.2466483 30.836422 -0.7486253 23.392154392978746 
Car -1 -1 0 36.00858202621114 191.44717493773777 164.28346073171255 235.61485205369178 1.4489281 1.5610108 3.669262 -19.113663 2.198726 27.187511 2.264626 15.085272601301845 

