Car -1 -1 0 367.34819490749896 189.30203874685364 518.7136392327864 254.51068804444262 1.4541279 1.6722386 3.9253898 -4.3163195 1.941457 19.266594 2.1170852 81.70804744780548 
Car -1 -1 0 249.78915669071927 189.48730620763448 381.652915584308 242.4443257474214 1.3963287 1.5284121 3.6096644 -8.929514 1.9531201 22.201885 2.0657482 46.63411286819641 
Car -1 -1 0 796.5521074332512 205.0647934611347 931.3827829399536 289.0957334941925 1.4142511 1.5733355 3.6208162 5.5456643 2.190474 15.492265 2.263528 113.5052973650293 
Car -1 -1 0 92.47015077247929 185.90034136328296 215.61297187390582 230.59160136653608 1.499457 1.5683315 3.643043 -17.15337 2.029447 27.336596 2.0684526 30.35515251564942 
Car -1 -1 0 303.30535654090744 188.49718597502113 454.78336392237054 247.17170327134758 1.4141226 1.6498373 4.2468433 -6.506974 1.9155371 20.862617 2.0483432 46.286580771864 
Car -1 -1 0 883.4317973039196 202.17023998029327 986.4243071673566 269.8798938192924 1.4902422 1.5870271 3.7697554 8.873531 2.363179 19.529404 2.2663527 57.570578575319416 
Car -1 -1 0 60.70295648629007 185.36966953974047 171.88941433578958 227.2252309940335 1.4817977 1.5172526 3.285143 -19.340967 2.0053225 28.396698 2.1678486 25.60980621883851 
Car -1 -1 0 968.1972226880104 191.0030269132302 1022.2630362388857 234.5649697987293 1.7378109 1.6331478 4.083587 17.520943 2.613917 32.6966 2.1947925 17.155031425585058 
Car -1 -1 0 1155.8764546135467 200.37348751078954 1242.0 231.19357335229256 1.5261651 1.686713 4.1925364 33.01599 3.1035595 39.871227 0.335625 0.3074699342250824 

