Car -1 -1 0 368.39850127272695 182.04146881887388 503.520211137633 280.41777511658194 1.3989773 1.5620625 3.6303697 -2.8216572 1.5808415 12.443499 1.5388377 57.60944522784184 
Car -1 -1 0 770.1595444421469 187.05634603051763 926.1667838483256 281.8254274514843 1.4041955 1.5873044 3.9995732 4.1811943 1.7055032 13.300203 1.5806024 50.78206064057814 
Car -1 -1 0 862.9152568551082 192.68841290716065 1181.8152524767227 375.0 1.4899468 1.5931711 3.3683646 4.1470246 1.7537158 7.902447 1.5819464 100.01616016579766 
Car -1 -1 0 452.2278656364858 167.981600963537 542.8525302583645 238.7953430818604 1.6432441 1.6567757 3.9480572 -2.7859898 1.5301793 18.735785 1.5935783 85.3058106316505 
Car -1 -1 0 686.6395658531726 171.03996478689226 745.0651077749092 216.81492660816747 1.7630771 1.8127931 4.303138 4.324367 1.6932073 29.947302 1.5761803 73.3219539396516 
Car -1 -1 0 906.7037229322385 181.35903744537578 1058.9562520726668 232.21158589732377 1.567002 1.6508503 4.120124 12.055162 1.8542169 23.452887 -0.04310658 53.50583170848986 
Car -1 -1 0 501.02891129260456 175.68043537109725 561.4940520757743 220.18002365071843 1.4370403 1.5926759 4.270846 -2.7033443 1.5462652 25.728855 1.5953423 21.056093976783377 
Car -1 -1 0 835.0649893867918 178.74080944081666 932.6099826516504 213.51431906044363 1.5371944 1.618265 3.8673105 12.557182 1.8153528 33.153923 -0.06849405 34.3839062973087 
Car -1 -1 0 650.3474897875185 176.608294779976 680.3378840211101 196.8361055135552 1.4751502 1.5498707 3.5696719 4.232556 1.7720878 55.192207 1.4293238 11.407321110967061 
Car -1 -1 0 0.0 103.64519136005237 437.0580995343375 375.0 1.9394758 1.7464976 4.542727 -2.9645808 1.5490297 6.3541555 1.5850188 40.27151176962404 
Car -1 -1 0 576.4639306502713 173.29801718341685 593.7726909980255 187.45902509178703 1.450596 1.5787405 3.6437125 -2.5485992 1.4984233 75.87421 1.6039178 0.5859589461479698 
Car -1 -1 0 529.333188733727 168.3353393391937 569.369959694966 204.26812924815903 1.7520518 1.7158086 4.2319946 -3.053553 1.5317256 37.297688 1.570952 0.5765773875261736 

