Car -1 -1 0 579.324529563294 178.94974674696138 748.0370685916738 251.9333769987285 1.5535483 1.5924087 3.658854 1.2789726 1.710227 17.075075 0.41822702 107.34050285859854 
Car -1 -1 0 975.6258747873229 179.26195537061994 1137.5406553330338 324.0408159945953 1.599361 1.6327163 3.713371 6.1718626 1.7075694 10.166834 2.0880766 25.22470922705337 
Car -1 -1 0 660.5936635999271 180.49238607834627 804.557839688904 236.10898900798702 1.5182092 1.6257125 3.9867194 3.6993906 1.7680811 21.885796 0.5365827 25.085454725938977 
Car -1 -1 0 621.3529420158011 170.04078584145145 777.8996360356454 243.6752558276228 1.8146374 1.671412 3.8373895 2.4092445 1.7453089 19.35775 0.44212043 49.07705216000654 
Car -1 -1 0 962.2962543895042 184.3320464167218 1040.9390563349386 243.5248097523728 1.4429754 1.6334553 3.6016874 10.9406 1.7978821 20.333195 1.9794825 15.828856446494704 
Car -1 -1 0 788.964493537343 176.29784984176962 862.2665508588877 207.5111606439365 1.6839969 1.6437528 3.8107283 12.205008 1.8856789 40.756966 0.399631 8.692775963517258 
Car -1 -1 0 750.6329628135368 177.8221092667032 838.9959604392227 210.9912872443956 1.5593486 1.6295187 4.086101 9.212424 1.8167592 35.87846 0.3749125 8.822813556145611 
Car -1 -1 0 971.3143499075194 182.62848184351904 1093.1275411893537 264.03501309841823 1.4803303 1.5686555 3.5642257 8.93091 1.7169225 15.52566 1.8956052 6.170377717679603 
Car -1 -1 0 954.1230613889537 182.67599228491977 1002.8031089858059 220.13917508548883 1.4754949 1.6088117 3.7477303 16.049774 1.932406 31.526243 1.9660131 1.7877260115367943 
Car -1 -1 0 844.4086963100808 179.4907329306124 872.7920255274697 206.14441341107067 1.5650536 1.6097289 3.7450223 15.70465 2.0015156 45.416298 1.924356 0.8507528129781993 

