Car -1 -1 0 51.352834548120235 150.36340142872243 190.27177529378264 209.09627290140236 1.5210953 1.5672052 3.4617395 -13.668755 0.93862164 20.424229 1.5792855 82.19679158916477 
Car -1 -1 0 156.9014380620354 153.29392782559063 269.6856109869008 200.5499397031636 1.4854223 1.6475756 4.058693 -13.413593 0.87058043 24.71334 1.5664856 46.492245763463416 
Car -1 -1 0 766.5869494430906 177.1787356257721 1061.930473034638 374.41106821247575 1.6429586 1.703858 3.8651083 2.997347 1.7028043 8.040189 1.5849987 124.7397631084095 
Car -1 -1 0 728.7314053000734 178.55795295004836 862.3381415079795 274.25474477415406 1.444703 1.5466923 3.515532 3.155141 1.5605352 12.878421 1.5924704 63.55615100754817 
Car -1 -1 0 696.5280724231789 173.3367943464907 784.6227976367758 237.625269541074 1.4129932 1.5789067 3.7308922 3.1118858 1.4261453 17.771498 1.5957339 56.61769779806223 
Car -1 -1 0 603.163942815924 155.17851356402412 660.4979824793618 208.89515308658446 1.6590445 1.7712967 4.1343765 0.7231209 1.113135 24.366823 1.5879186 41.31880934635681 
Car -1 -1 0 658.8709996163855 159.29444746847622 687.2924336110766 186.69610778234346 1.5872798 1.6425339 3.6762652 3.8164852 0.8018234 43.688755 1.6431098 13.126787896056202 
Car -1 -1 0 677.1765347917263 164.67103661393026 726.231716758298 200.6879467149541 1.3947682 1.6039486 3.8561897 3.7503254 1.0778798 29.88375 1.5884278 32.05998371106181 
Car -1 -1 0 686.172021354865 171.81607980497455 753.2456290144222 219.54485132627926 1.3774936 1.5943818 3.6681385 3.3748908 1.3475382 22.669008 1.58448 13.234007901087118 
Car -1 -1 0 694.0386620374978 149.68705199762988 718.692827053096 167.04365271700502 1.5132415 1.5321636 3.2540712 8.792591 -0.5429443 65.73189 1.4768702 0.28662070631980896 

