Car -1 -1 0 212.7292907616544 193.37869286286647 289.5395845436302 230.76734382762456 1.4144509 1.5877397 3.5040045 -15.300499 2.3460548 30.989748 1.5600437 52.98506247469844 
Car -1 -1 0 492.87856568014786 180.1844465605852 573.4956661133699 235.33712910903012 1.4269652 1.7082398 4.557122 -2.1621187 1.6700234 21.60463 1.6225089 74.08463963457496 
Car -1 -1 0 891.2566436635823 158.1433368732351 1128.5921130192153 239.32627805198067 1.7688296 1.7677653 4.586552 9.170355 1.4483107 16.74596 -0.06230475 127.67173508543306 
Car -1 -1 0 110.5712830226949 196.61553983279458 229.52196175060163 245.9122139825358 1.4541998 1.6348675 3.8925107 -15.184889 2.3490317 25.185894 1.6231713 37.420363048033536 
Car -1 -1 0 1058.1509666203328 168.767366120662 1242.0 283.33123995761554 1.4565878 1.6757774 4.331583 8.881792 1.4046295 11.011583 -0.54395866 66.45892435525182 
Car -1 -1 0 704.8880259086262 169.72213977705943 739.3102346725603 194.74320878721704 1.5098786 1.6309663 3.5079708 7.0234294 1.3208885 45.29891 1.5760273 10.10038606101012 
Car -1 -1 0 579.3385262514443 172.39401478112043 614.2455718226573 203.85355162603085 1.5899234 1.7646074 3.9348772 -0.6786704 1.5666761 38.44775 1.5537547 17.97750651312149 
Car -1 -1 0 763.6846570896308 166.28564141002715 800.0689134615485 189.03540814981258 1.5652261 1.6671437 3.8070314 12.263859 1.1133106 51.5523 1.5639617 15.848813040015967 
Car -1 -1 0 399.6259697926975 183.73170627377186 436.7585717440132 205.8007735884697 1.4531417 1.6883086 3.9204292 -13.592043 2.2584739 51.43998 1.5477283 4.876679551469058 

