Car -1 -1 0 739.8814632045334 175.70924501305163 812.1431521733793 223.89920644836906 1.4212685 1.5732121 3.8659396 5.316253 1.5218875 23.469688 1.6031413 46.4411476822304 
Car -1 -1 0 907.3027308564033 173.7295240927283 1242.0 375.0 1.5215327 1.6251767 4.108571 4.590264 1.5330225 7.368101 1.6332283 108.26245333769312 
Car -1 -1 0 0.0 192.7353819679144 139.49787654149065 237.43356363819257 1.4818323 1.7235276 4.496124 -21.317675 2.3326254 28.469587 1.9297333 58.283536556500046 
Car -1 -1 0 363.6344921199529 183.52313522813876 445.80186932343776 209.65580763960975 1.4558835 1.6951997 4.510807 -12.320702 2.125001 43.457146 -0.48060423 52.51738379217113 
Car -1 -1 0 544.1139745541069 174.6736992349712 606.9350501462112 201.82695517517564 1.6021175 1.6233714 3.6125996 -2.1125822 1.7185316 44.47902 0.591495 54.660444503876846 
Car -1 -1 0 153.79917324223777 186.04161471119232 264.2710822608231 222.58588429874993 1.5275502 1.6943129 4.452687 -18.885702 2.1970615 34.25368 1.9964238 39.51189328084476 
Car -1 -1 0 261.6668552752164 184.68374701226747 341.0153034883623 214.40651785275972 1.4623911 1.6102926 3.7290537 -16.64497 2.1368206 39.1203 2.1017158 40.09320350828917 
Car -1 -1 0 624.2347674996928 173.12227673782053 650.8944734747532 192.79523801968222 1.5248857 1.6665525 3.8608236 2.2161489 1.5471845 57.97812 1.4830179 4.045606167904927 
Car -1 -1 0 459.8643309594077 180.03674023534055 493.2754403208715 200.67108711876799 1.5089765 1.7404529 4.074026 -10.323793 2.0896096 56.26442 1.6014862 4.088752379378626 
Car -1 -1 0 296.59195609745393 180.72402224011506 372.56087140564483 209.9194104231614 1.6683137 1.6750584 4.045449 -16.776585 2.1694574 44.088875 -0.61998063 1.7339791417175432 
Car -1 -1 0 1027.969375547075 150.13623882480317 1105.6644629355812 178.16452916412092 1.4165993 1.5632918 3.695066 24.225998 0.26840332 38.37819 1.480649 0.5262168469894302 

