Car -1 -1 0 744.622210753716 186.39145806972826 1004.4708818191195 375.0 1.583755 1.6569847 3.6358998 2.5972931 1.7681305 7.9785566 1.6093624 107.18877061270693 
Car -1 -1 0 662.8728367792004 181.3585347950385 726.5126292047963 239.2052626296446 1.6801392 1.6996822 4.092231 2.6970859 1.9830341 23.631308 1.5958645 73.0345636768739 
Car -1 -1 0 42.20444119247181 169.38820172856734 189.08773208371423 232.41603362088225 1.6275315 1.6488136 3.628608 -13.819517 1.5380361 20.456554 1.5835869 93.66790572303051 
Car -1 -1 0 237.14263498299556 174.6627856681131 326.4288341517158 213.557615755559 1.5203973 1.708617 4.402117 -13.780024 1.6027508 30.631416 1.5937073 25.745807938800557 
Car -1 -1 0 713.6566083205543 195.26589049897936 854.778379880649 291.268583704113 1.3866167 1.578417 3.903857 3.0329418 1.8612349 13.310577 1.547906 31.82695466693155 
Car -1 -1 0 577.9517284550836 176.61390574018517 636.897476822533 233.06304684054092 1.6779821 1.7759032 4.260418 -0.077643454 1.8134892 23.868448 1.5644307 33.88841427738325 
Car -1 -1 0 648.3202304099856 185.8444618856022 696.7630247171865 223.94283288032992 1.4621687 1.6045235 4.1429625 2.6563745 2.0619612 31.218082 1.5381093 11.839784937534317 
Car -1 -1 0 638.7566542095145 184.01070309765672 679.8506270004943 216.29817826744286 1.483271 1.6110178 3.9712882 2.466021 2.0800583 36.571236 1.5188087 4.549770366191852 
Car -1 -1 0 309.10711869742573 177.48749697679955 365.52381707762424 206.95076440577466 1.4048932 1.5643355 3.7308884 -13.843234 1.6538689 36.884678 1.5431216 4.475286770627127 
Car -1 -1 0 359.46678684015075 176.1965087581587 401.4276777187494 201.64690098562198 1.5148412 1.5887811 3.949438 -14.38676 1.7349236 45.492527 1.5148029 0.8889844010672517 

