Car -1 -1 0 186.49424375026427 181.2421255543636 468.56781122178415 289.60879527454324 1.435935 1.6024349 3.967429 -4.4552445 1.592662 11.662025 -0.6329852 134.5279271270164 
Car -1 -1 0 629.3035054361881 174.5898016816899 667.293571651998 202.12157138598928 1.481111 1.5556434 3.6246834 2.1534271 1.5841651 40.94612 1.4525223 27.369063289071047 
Car -1 -1 0 309.5051800086909 178.05654425466977 504.32244154293255 247.4989032270791 1.4778514 1.6440859 4.2536354 -4.833093 1.6153548 17.342365 -0.49111474 54.361282617407696 
Car -1 -1 0 725.2652666141388 183.26515359329485 875.6250998932687 291.99609286861056 1.4228258 1.5945865 4.0373945 2.931775 1.6240813 11.891745 1.6209484 21.385291174435487 
Car -1 -1 0 662.6210167687086 176.41181570569694 716.7622885529171 212.57974824067836 1.4416704 1.604733 3.8173018 3.3872943 1.6048334 31.119307 1.4844153 21.314971374071234 
Car -1 -1 0 411.96921014902546 177.42853454922277 533.6720594383164 222.11129590886605 1.4825572 1.6064166 3.9993782 -4.8951755 1.6575668 25.942379 -0.4986784 15.412436123266547 
Car -1 -1 0 235.17366789825124 175.50246170918655 467.77310612404096 265.13199350404165 1.512358 1.6220883 3.9929917 -4.9611125 1.5705853 14.071974 -0.59547985 25.34362379095535 
Car -1 -1 0 390.7959833516198 178.00263578625763 523.8061882389705 227.71357335604134 1.4405197 1.5743401 3.828456 -4.8059654 1.6157941 22.907444 -0.5371424 6.374945275026434 
Car -1 -1 0 459.6614534845692 169.58207113780753 534.5892363844891 205.16055577207447 1.7345492 1.5970901 3.4192474 -5.71641 1.5750334 36.762146 -0.5604825 1.8570384176931187 
Car -1 -1 0 683.3582639113083 154.60916373571706 780.4070322522549 241.44943789433376 2.038424 1.8614621 4.921712 3.1247199 1.6101582 19.414284 1.5890608 0.34179404377937317 

