Car -1 -1 0 0.0 191.93046543486722 188.06470742053227 277.4164702339743 1.6596673 1.7592387 4.3400116 -12.153812 2.1709733 17.160128 1.5601649 102.35855145279359 
Car -1 -1 0 238.1222079003638 193.93233039685512 307.19854903597826 228.9178438077254 1.4067849 1.5697391 3.4533072 -15.252352 2.4170146 32.844124 1.5570041 33.205797869387176 
Car -1 -1 0 484.4665569105909 181.6278062043585 570.4710665289865 239.13066358199097 1.4473838 1.6954921 4.5882363 -2.2824519 1.7340846 21.228092 1.6433545 72.92982160927262 
Car -1 -1 0 991.5073675484492 171.53553360086875 1222.9494696602524 264.7053921223429 1.4333752 1.6589329 4.330455 8.937502 1.4130912 12.880709 -0.5094998 80.11111973697479 
Car -1 -1 0 862.2841535410051 160.96811167203293 1070.5291310903758 231.51097870401463 1.7202218 1.760872 4.555218 9.112023 1.4303786 18.633757 -0.07051119 101.8842731815668 
Car -1 -1 0 154.12135934737415 196.96173838655557 253.1110402574495 242.73344021905245 1.4703817 1.6202767 3.7566934 -15.088722 2.4371066 27.049032 1.5627912 27.544380087964324 
Car -1 -1 0 579.3068212743375 174.05407503539706 614.5541138907361 206.6828296319332 1.613651 1.7508347 3.8475618 -0.6697248 1.6797006 37.76925 1.5485468 27.81559749911711 
Car -1 -1 0 700.8348180310651 169.91120111294904 735.9641458415203 195.81239357756996 1.6325209 1.6850958 3.7211928 7.0979238 1.4470396 47.352398 1.5536783 9.255691252759162 
Car -1 -1 0 760.1617817748736 166.83642202308033 793.6844269328375 189.72298858638763 1.6350905 1.6916934 3.7863278 12.35647 1.2051749 53.462807 1.5959189 9.775063235571196 
Car -1 -1 0 412.6278252260528 185.19466423226098 448.99480767624925 205.70167984296663 1.4481294 1.6714354 3.866054 -13.650137 2.427509 55.292885 1.6173193 4.404718542500321 
Car -1 -1 0 76.71787714272406 188.4893775114099 131.61749041591156 209.85395524343906 1.5328817 1.6612628 3.9848871 -39.684082 2.806932 56.766346 1.5251924 0.27493900060653687 

