Car -1 -1 0 758.4006416036078 184.28966364696174 1017.2943170208752 278.8757721550619 1.5090698 1.6024114 3.889267 4.710977 1.7216575 12.565079 -0.024306571 110.29802838358358 
Car -1 -1 0 690.2302107341858 181.83461566064594 854.5130487399744 241.53118109663927 1.5722568 1.6722456 4.201213 4.500382 1.8370558 20.287756 -0.07306612 50.779165525511644 
Car -1 -1 0 729.7918264179806 184.57546354634002 935.3443377531053 261.11460619747584 1.4833643 1.5888585 3.8392608 4.632772 1.7472962 15.265571 -0.09954995 25.96890617478568 
Car -1 -1 0 428.42273865597195 194.2712393846025 482.8565062406689 236.727568380061 1.4520252 1.5794848 3.559276 -5.977152 2.347449 28.342024 1.5098543 23.589971811213207 
Car -1 -1 0 458.9378613222869 194.30699233690217 504.989838642722 229.6179529753493 1.422353 1.5829514 3.9576097 -5.862099 2.4784384 33.51185 1.532117 19.14090647112859 
Car -1 -1 0 625.2951131631025 180.64239907076944 678.5763566752164 200.9851670798964 1.5396899 1.6335996 3.931845 3.3726058 2.179727 57.601345 0.52598023 27.166734523634144 
Car -1 -1 0 481.882965691884 191.54224746031815 516.810260771581 222.20631730722556 1.4649535 1.5814923 3.6449459 -5.8563457 2.5143306 38.637726 1.4938573 1.097547765892101 
Car -1 -1 0 589.0898809917612 183.61933218476182 612.3141448586824 201.125470239639 1.4833674 1.6155305 4.030468 -0.8385242 2.4971757 65.84102 1.4299223 0.6438294976786156 
Car -1 -1 0 514.6855181386657 188.82960600041378 538.0361103871144 211.5642176928758 1.4716243 1.5969504 3.9034653 -5.9725037 2.6593266 51.605488 1.4439569 0.27019259333610535 

