Car -1 -1 0 702.9684163055819 181.74223804247183 862.7186762884057 295.4097257738062 1.4567301 1.5864414 3.9161484 2.5497956 1.6227887 11.517255 1.564273 103.63312998466114 
Car -1 -1 0 467.1904078875705 178.37396891272888 534.0992960606261 230.69988110806673 1.4977167 1.6079112 3.6100967 -3.3648002 1.6863813 22.848072 1.5606953 69.49487789980991 
Car -1 -1 0 669.3897472865311 176.30733458032398 767.2684825081838 249.8718089869462 1.4900885 1.5996652 3.642439 2.38585 1.578536 16.634323 1.5387903 62.943617225412126 
Car -1 -1 0 200.77189519690427 180.9969190674253 397.2340283475627 251.68708525080677 1.5117924 1.6010118 3.8665707 -7.0352626 1.7111235 16.662012 -0.106004134 96.87320215414736 
Car -1 -1 0 256.08272510802755 169.9483604431789 431.4909034631929 240.94413602651113 1.8281869 1.7073729 4.161403 -7.093359 1.7533647 19.591227 -0.07697694 58.52326998405089 
Car -1 -1 0 0.0 195.29856884039884 298.5503214043519 354.24862887378356 1.5378356 1.6462425 3.9766304 -5.885903 1.8249485 8.244559 0.08315138 78.98546471908519 
Car -1 -1 0 364.8602200727656 175.11609820775814 483.1261236839774 219.4561821358506 1.7019484 1.7079895 4.25966 -7.2970066 1.794476 28.64858 -0.005104238 23.753527163069307 
Car -1 -1 0 630.7203325576811 173.80635019654576 672.123697484085 209.34879544751362 1.5163238 1.5508153 3.4559858 1.8445042 1.5617101 32.63156 1.5344553 16.74803489610604 
Car -1 -1 0 655.2916606841934 176.34106194446932 723.4838120061224 232.4542876600256 1.4804403 1.5580677 3.5038428 2.2428732 1.5905217 21.016607 1.5585812 20.53009280465072 
Car -1 -1 0 640.8990390960022 175.86729081950972 691.8329235321202 218.73409923821947 1.4873532 1.5682051 3.6165328 2.0712872 1.608191 27.113115 1.5532506 7.8551101902098965 
Car -1 -1 0 0.0 194.03655978349943 277.1058349146518 309.3297227085292 1.5112844 1.5808849 3.5509052 -7.0271225 1.8473792 10.607654 -0.028484058 5.673091343723881 
Car -1 -1 0 336.43113923092665 179.59116603707977 461.78088982656783 223.34212692788915 1.4697549 1.6025076 3.9542 -7.3231916 1.714607 25.363531 -0.029733226 4.289708711911321 

