Car -1 -1 0 414.0325519768428 181.30275293081394 536.6534425462482 268.93513523188864 1.4478152 1.6006765 4.168289 -2.5075502 1.6413071 14.425111 1.5904014 115.10756315447229 
Car -1 -1 0 30.814489842101867 169.35933960985102 192.04080637650858 225.02928086541093 1.4733938 1.7448293 4.545119 -14.513386 1.3809019 21.394295 1.5408677 97.23286011784298 
Car -1 -1 0 147.69513373918656 160.79780579276382 474.5021187045413 375.0 1.6789503 1.6872286 3.9547944 -2.6485286 1.5873394 7.476249 1.5903724 101.12462990310671 
Car -1 -1 0 207.79597773686874 172.23540884903505 296.83772018420075 209.16589675228465 1.4372152 1.6676171 4.0278025 -14.783292 1.4131415 30.107626 1.5877038 26.970316590100555 
Car -1 -1 0 732.5434878697727 174.1520803324771 846.5703138563063 249.28067379537373 1.7025057 1.7947092 4.420953 4.4785542 1.7400532 18.649256 1.5582495 114.89983648041498 
Car -1 -1 0 954.8776236000078 187.42155461554154 1122.535875158168 240.48556450731937 1.4982909 1.6414429 4.156272 12.905943 1.9581804 21.834848 -0.05992149 88.74258622215797 
Car -1 -1 0 475.7569104847697 178.0013365713808 548.0088184101025 234.06882665554008 1.4450758 1.5875628 3.7204075 -2.7226272 1.6067489 20.800789 1.5684314 42.89039908896975 
Car -1 -1 0 665.9151709281746 179.63794902166342 704.2924730245697 205.00295615433862 1.4389464 1.5495955 3.6172411 4.543907 1.8688164 43.83187 1.44977 16.60307001796954 
Car -1 -1 0 537.3919726780969 176.76942615211087 577.6006203462592 210.4559383515894 1.4648327 1.6084874 3.845176 -2.381397 1.658397 33.746468 1.5693563 10.06451180014684 
Car -1 -1 0 499.40537400912973 167.40728670486823 561.1271589950816 222.04303692545562 1.8025739 1.6780844 3.7841785 -2.7468462 1.6228727 25.721636 1.6005986 32.58729443770958 
Car -1 -1 0 396.555802043236 175.66184564928028 427.9700435441461 196.91393898208548 1.5089738 1.5970167 3.8265903 -14.64861 1.7257459 53.72907 1.4839193 4.246922893265452 
Car -1 -1 0 572.4009764088238 175.91962181523294 590.8046985326959 192.51717260575717 1.4244843 1.5967832 3.687925 -2.50113 1.7064619 64.49298 1.5305997 1.302423174638089 
Car -1 -1 0 1046.0851739055208 185.85847056388835 1233.4241274747126 249.9818463749051 1.5650513 1.6152864 3.778473 13.778583 1.9215155 18.876972 -0.049984016 2.224994817951278 
Car -1 -1 0 454.92917349880855 170.5638623426006 485.13005046485335 191.05251102463785 1.6494391 1.8663881 4.2978334 -11.610102 1.4650712 60.27505 1.5270857 1.5285207051683183 
Car -1 -1 0 427.3025587958409 172.92599853191754 455.3429221112854 190.67765811256464 1.5227103 1.596059 3.7719517 -14.837957 1.529264 63.79454 1.5718669 0.28559091687202454 

