Car -1 -1 0 160.90301303964773 192.0333634394506 448.6555294079677 375.0 1.488627 1.5504277 3.5608258 -2.6865406 1.7290062 7.220541 1.5123535 85.89381480771712 
Car -1 -1 0 766.4926769927944 193.3666865982878 1030.2365916896003 363.9266055222125 1.4452071 1.5811539 3.6142569 3.0195732 1.7346286 8.365423 1.5606796 124.64947852771228 
Car -1 -1 0 699.9848087213038 179.8085352565032 818.6549259570673 271.44021275429003 1.5704684 1.6213678 3.684409 2.8557634 1.7278845 14.489082 1.5717217 96.7232011539865 
Car -1 -1 0 363.710897898158 185.45026601950337 503.6815047412526 294.2950885076715 1.4930435 1.5343943 3.3525515 -2.7543955 1.7314188 11.970875 1.5609963 72.8910674722474 
Car -1 -1 0 659.6093991609657 176.28552585198426 712.5144086687624 220.9777339933242 1.510411 1.6134152 3.8982947 2.753717 1.6465018 26.651054 1.590178 48.38844230763392 
Car -1 -1 0 680.8101404174595 177.96143035605243 762.9755522620513 238.54763864581537 1.5136504 1.6271799 4.123299 3.067154 1.6730883 20.450153 1.5553122 45.808968836152175 
Car -1 -1 0 430.45927564619404 183.0126555598263 529.8773671263068 256.1080338171555 1.4572854 1.6159495 3.9591587 -2.897244 1.7233392 16.916323 1.5721341 29.304924868184166 
Car -1 -1 0 636.8915005836852 173.52370737093764 666.6255177279392 190.46916142793677 1.4666946 1.6416484 3.7153466 3.7454753 1.5285177 64.60903 1.3319333 6.4402790129617244 
Car -1 -1 0 465.2048111912083 172.8323095127438 539.7335015532781 234.06393600782494 1.6897213 1.6622679 4.007528 -3.1494224 1.6891227 21.916489 1.5725851 3.118205419633929 

