Car -1 -1 0 7.484362199205967 181.2720437166148 409.26210152236285 375.0 1.4607735 1.5765193 3.563212 -2.9719365 1.5547101 6.248134 1.5421047 128.0546536685747 
Car -1 -1 0 452.25027460967004 168.0247694502661 534.7324471871691 235.8683100243797 1.6286799 1.6472423 3.9233737 -2.991448 1.5127473 19.298998 1.5511768 86.78226893543996 
Car -1 -1 0 23.279435742680253 173.18134592339544 168.25913738576108 226.66493377985964 1.4428333 1.6099681 4.046379 -15.140391 1.4535475 21.553394 1.5176017 54.20018192178856 
Car -1 -1 0 677.860957756876 176.52604658495642 733.7926966557476 213.38160614709233 1.3908246 1.544569 3.3079846 3.8470328 1.5486443 29.29112 1.4760141 46.06782281019551 
Car -1 -1 0 491.68624932155694 174.76560169031282 547.2045748718722 218.92399552853138 1.4593375 1.5789307 3.6075978 -3.154406 1.5325372 25.815845 1.5582045 19.990977790045697 
Car -1 -1 0 544.8889252461951 172.45965829626053 569.6426705885774 194.36434129726914 1.4637883 1.5898645 3.7428036 -3.5996866 1.437436 50.11777 1.5320985 14.92010834107971 
Car -1 -1 0 131.43942605736999 172.28682865880808 243.9698253088065 215.78565176811432 1.5019759 1.6384729 4.3203225 -15.670455 1.4823918 27.088734 1.588947 30.886070991464035 
Car -1 -1 0 889.3736647058591 186.53970338837982 988.4236804050718 218.888343909549 1.514368 1.6435703 4.1213975 16.112902 2.2029135 35.41488 -0.031672142 12.930935212247341 
Car -1 -1 0 222.40550189312967 171.3747199237428 289.34063890909687 205.70725209967074 1.4560915 1.5780493 3.914948 -15.909161 1.393353 32.64926 1.4319832 6.724572893668864 
Car -1 -1 0 311.9969004596405 154.1203684914086 481.51165568662555 293.5124493267924 1.7916847 1.6484082 3.8700557 -3.0846868 1.5508908 11.243078 1.527689 76.01435352061313 
Car -1 -1 0 668.522341359457 174.5872532945819 713.2798095543052 206.09959740382996 1.3927679 1.5557173 3.5873952 3.7689528 1.4786246 33.916206 1.528143 7.968646095127069 
Car -1 -1 0 764.4408267347626 175.6102618537917 824.2291302677124 212.37871395175833 1.4469547 1.6168575 3.6815856 7.739209 1.5706015 30.520168 1.5801537 0.3329320549964905 
Car -1 -1 0 1069.4816997770722 188.3997878553776 1105.3527824463147 217.5247453475178 1.4992456 1.6580307 4.296168 27.675804 2.4479308 41.78593 2.1609573 0.30498093366622925 

