Car -1 -1 0 238.52004750804622 179.5909781807459 363.1573250380217 241.57791804985456 1.520618 1.6497554 4.0602446 -8.470535 1.7284255 20.20165 1.6018789 104.23301215415263 
Car -1 -1 0 748.120326716074 187.18499137934205 1000.7632694362785 340.55404475214243 1.4521029 1.6102966 4.0674734 3.0587573 1.6775544 9.284405 1.52755 128.54951611602894 
Car -1 -1 0 711.8563112391085 177.9591771716883 823.5122454810833 264.77090997440655 1.5611919 1.5859616 3.4739764 3.1362562 1.6791661 14.927552 1.58267 90.80896762198556 
Car -1 -1 0 338.7569961017355 181.7970783320976 425.88729877969223 227.09600401375434 1.4266407 1.6141756 4.138255 -7.960175 1.7708545 25.66391 1.6219043 39.55378032684044 
Car -1 -1 0 676.9555650005556 180.14641617468052 758.5009852152922 241.83857082796882 1.4949486 1.5733289 3.35058 2.8454654 1.7102958 19.597956 1.5253845 40.25018939411973 
Car -1 -1 0 391.01480743033 181.60151988487038 455.50091784193074 218.01028556847595 1.4229687 1.6069928 3.7638683 -7.9360094 1.8227922 31.052597 1.6308802 12.39475003328271 
Car -1 -1 0 662.2042263854121 179.9259073882808 719.9599989444679 225.87355829202295 1.413513 1.6087912 4.021214 2.7261846 1.6768903 24.846348 1.5900475 10.409348639483397 
Car -1 -1 0 653.7386732287657 174.36552406477713 695.138718470398 209.51437717082447 1.6303546 1.6606048 4.1129303 3.151686 1.7094686 35.705486 1.5661839 9.814449655144767 
Car -1 -1 0 449.97505780717916 179.1535215383987 491.7116387586968 206.73890279584958 1.4640567 1.5024532 3.154358 -7.7771516 1.8335116 40.679615 1.6589873 2.2980710359369443 

