Car -1 -1 0 205.90444764701869 184.3931291203238 453.0299499444561 352.341841949559 1.4881291 1.5869055 3.478578 -2.9564686 1.6504056 8.390848 1.5488944 134.40538551853652 
Car -1 -1 0 675.5771854139432 182.45684461969708 727.3557396549318 217.62608937952965 1.4042163 1.5747352 3.559993 3.9690475 1.8497548 31.643559 1.4968677 38.308296909199015 
Car -1 -1 0 468.77772191348447 175.11254274924696 541.311156654766 236.916022468341 1.6560527 1.6487615 3.9740717 -3.0109782 1.7295561 21.481192 1.5534871 85.61121182923786 
Car -1 -1 0 80.44763297215276 180.2974311742783 210.31522751490257 230.0899353348453 1.4553561 1.663949 4.148908 -15.123633 1.7224199 23.800812 1.5549985 41.47074373450907 
Car -1 -1 0 547.7674187804203 178.45602152710126 572.0673502677917 200.90169406973683 1.542247 1.6329191 3.6557188 -3.5709567 1.9631462 52.357174 1.5369048 16.074077934732863 
Car -1 -1 0 246.609932136727 175.98174569121645 318.42233213081397 212.68314290680348 1.6613903 1.6440171 4.1098537 -15.79431 1.8223469 35.072174 1.5659878 51.49581648959655 
Car -1 -1 0 368.8603185377384 165.85510171649827 499.9904035973373 277.5568232840531 1.7771368 1.6347035 3.6489477 -3.066962 1.6657866 13.327501 1.5409155 97.1322066957471 
Car -1 -1 0 173.9938378718329 179.67261379578756 270.2495549066413 220.69055033421776 1.5049913 1.627196 4.190076 -15.580117 1.8015041 29.274733 1.579358 20.48675659361897 
Car -1 -1 0 871.0402590587419 187.6573211594686 959.0586533465989 217.5112369039519 1.4842044 1.5806212 3.9089575 15.840555 2.271391 37.53408 0.02280226 9.779314511357097 
Car -1 -1 0 500.5386434879799 179.42753143943756 551.2273707849647 220.434922226833 1.4559752 1.5828459 3.6954358 -3.190051 1.7286184 28.069986 1.559596 7.34059568703274 
Car -1 -1 0 666.6644300783211 180.3501704224909 708.0842141981884 211.2720406657771 1.4280233 1.5476779 3.5305703 3.8314865 1.8205676 35.988266 1.529426 8.819787190606498 
Car -1 -1 0 305.5688142469912 164.5366085865553 381.5249760496878 214.47525068710203 2.159243 1.978409 4.5517735 -12.231114 1.7996162 33.505383 1.5374619 0.26704683899879456 

