Car -1 -1 0 810.886111425298 173.2798240989457 1216.7478160500189 295.637421476101 1.4766841 1.6921189 4.4461393 5.137737 1.482907 9.6294565 0.031266194 157.34419928493912 
Car -1 -1 0 256.9613451504261 191.54698265168292 416.6823651012236 279.6330577494359 1.4742186 1.6608399 4.3652596 -5.505939 1.9249038 15.20166 1.5853888 107.62010918562123 
Car -1 -1 0 729.5348253056537 178.53489099948163 929.2007362991804 247.43555813639063 1.4877546 1.6268628 4.090848 4.958749 1.6255369 16.61308 -0.03616465 88.54537752809848 
Car -1 -1 0 711.0605590108984 177.76882756654808 881.7790276889577 237.77631090004738 1.5015974 1.6172001 4.092698 4.8982935 1.6390865 19.200573 -0.08732428 18.348761956094936 
Car -1 -1 0 670.9218366195623 177.33570720976874 757.9360901109341 212.87561754396197 1.5524282 1.5817995 3.6957335 4.677987 1.7593617 32.51727 0.003987423 15.293935974494287 
Car -1 -1 0 677.2694669214345 175.91438846701917 812.7394073309141 227.21930650137878 1.6552267 1.687464 4.2073393 4.533704 1.763468 24.462263 -0.103954405 21.747552384865514 
Car -1 -1 0 691.7987989763673 177.98742640933855 843.3926753316671 229.99360196537415 1.4731386 1.6261843 4.1480713 4.6902013 1.634865 21.688118 -0.11395118 15.098690923186723 
Car -1 -1 0 472.5523213845529 180.84912223910462 513.0199136020238 211.1231047533422 1.5871898 1.6628699 3.8673835 -6.6849356 2.065123 41.034332 1.2463793 2.770403105165818 
Car -1 -1 0 622.1205179214596 175.99304106999392 662.0462540552192 190.09834666179384 1.4683697 1.6160736 3.983799 3.4876196 1.8129718 77.534225 0.50870323 2.3166571939155696 
Car -1 -1 0 887.435718485759 169.67097393257643 986.8129746130435 213.0162490091143 1.4613768 1.6478554 4.0420604 11.841508 1.3540616 26.384018 1.5237722 0.27606984972953796 

