Car -1 -1 0 705.1367380160352 176.2517521548874 782.7416376730629 236.33978198269185 1.5021446 1.6143919 3.7526293 3.6523144 1.606072 20.161665 1.6121814 79.92784417769776 
Car -1 -1 0 682.6698556846391 174.36781106993058 721.769477358054 209.14532048365305 1.5128464 1.6207305 3.520539 4.2353435 1.5866592 33.36384 1.6489319 40.15328816772147 
Car -1 -1 0 753.060285761902 179.6141064916969 1044.7992931601975 362.4858114914272 1.4988111 1.6485988 3.487536 2.7915998 1.5887382 7.821698 1.5290582 61.769087380905745 
Car -1 -1 0 239.23615248270303 189.8645186733226 490.2295514017804 337.56524795107407 1.424706 1.700498 4.335534 -3.4712472 1.7045166 9.667809 0.8644501 132.40740541259186 
Car -1 -1 0 221.4314661897233 184.76253729202145 336.435248298192 250.40636735621038 1.7819871 1.6268235 4.076169 -10.098163 2.1854305 22.388803 1.5932388 36.43031894801907 
Car -1 -1 0 486.10887388876563 180.0402746166791 587.511951339635 220.48109813616767 1.4088974 1.587763 3.872184 -2.828291 1.7023755 27.628607 0.6833611 27.2387768391416 
Car -1 -1 0 363.2017998342514 189.59364564552178 514.9522226339 263.47198140741403 1.3992658 1.5362906 3.5627503 -3.8932672 1.8160286 16.21196 0.7198601 45.620450042095065 
Car -1 -1 0 368.3375584355707 181.86467516838132 432.49823985059396 216.07755248029417 1.4567258 1.6058179 4.2335663 -9.766658 1.9084022 34.012833 1.6226666 6.843024227302032 
Car -1 -1 0 448.12072658004917 183.56738759219712 567.5184175844305 235.7949645287245 1.3890927 1.5753632 3.839939 -3.1503081 1.7423168 21.8814 0.7771898 34.93822741148629 

