Car -1 -1 0 189.87092401474808 141.588532283512 293.96512881927686 187.25407058736326 1.4365239 1.5678059 3.551446 -12.3678255 0.45299017 24.517506 1.6310854 86.65408141840953 
Car -1 -1 0 764.1082569672028 174.10358491007722 943.3626219970865 301.64918736350506 1.6359785 1.7150443 3.8536916 3.5688412 1.6589261 11.272091 1.6357431 133.8637776719424 
Car -1 -1 0 719.750040605712 166.09228426173246 794.8357458012781 220.42318500223243 1.4361755 1.5911403 3.849617 4.2051454 1.2574371 21.0373 1.623827 58.9709641750296 
Car -1 -1 0 638.0099031362929 148.31462952360738 697.4125568345141 204.1029081340003 1.6755936 1.7714218 4.2138166 1.8308872 0.93855673 23.809292 1.6075128 36.33730925806243 
Car -1 -1 0 265.88472946170504 141.39878181351656 354.22973750599755 180.252091667914 1.442638 1.6132438 4.0606823 -11.865002 0.2746938 28.874323 1.6431732 39.76989520917264 
Car -1 -1 0 345.58482170158743 142.8696769685721 413.6663380779066 175.32377801174368 1.5128495 1.6182141 4.0812225 -11.307367 0.11512864 35.765896 1.70663 10.121449912661241 
Car -1 -1 0 745.2512575615108 172.8466302948072 842.5038502109516 245.2950483935993 1.4406679 1.5609357 3.5994742 4.015452 1.4405212 16.21029 1.6601528 38.39275997698188 
Car -1 -1 0 695.4968618651113 151.21902159766861 722.4658020486169 177.32326094285432 1.6252127 1.6673106 3.683697 6.4338884 0.27824956 46.853943 1.6968375 9.18710291403934 
Car -1 -1 0 0.0 133.61822515649948 131.3940832898484 188.19859308251955 1.4977416 1.624824 3.9145865 -16.212704 0.42107135 20.772905 0.08368093 26.545975348702292 
Car -1 -1 0 709.5043173102191 156.90693261758324 751.4932389443172 189.50230967563328 1.401599 1.6203624 3.7429528 5.468857 0.71587604 32.96424 1.6630697 13.095783025685046 
Car -1 -1 0 728.1883100315953 143.9495000602198 753.5558804331515 161.32220579218912 1.5552416 1.6490438 3.4765575 12.476131 -1.1265934 68.71821 1.5278641 0.400598406791687 

