Car -1 -1 0 719.6038340541884 189.4557680535235 831.4303746665087 258.0674937742926 1.3961031 1.5754547 3.4426148 3.8642373 1.8366091 17.34819 1.4616623 103.12025005606918 
Car -1 -1 0 374.80413187492104 180.40693322147408 495.5898450197205 271.5113124116248 1.470487 1.5513501 3.3790784 -3.153039 1.6311752 13.6402 1.5429567 84.77945374601327 
Car -1 -1 0 0.0 168.37323582931455 130.77395798949163 231.11272225950714 1.6219969 1.6362811 3.9686337 -15.824606 1.5061561 20.642586 1.5653387 82.04807164708171 
Car -1 -1 0 521.360528100617 179.63796601384945 555.3546334445866 210.07691121524104 1.4924319 1.6066504 3.589732 -3.709237 1.8671753 38.02562 1.5220927 33.51837492831396 
Car -1 -1 0 699.5827082894467 186.28832230889662 776.2628343721092 239.87979341446479 1.4088483 1.5795155 3.6087818 3.766984 1.8469777 21.707075 1.5449213 44.881101485470175 
Car -1 -1 0 97.88368516424867 163.20690739625465 437.3145906829747 375.0 1.6770566 1.6593009 3.8629518 -2.9874167 1.6059072 7.271018 1.5484563 107.6132142198279 
Car -1 -1 0 141.03132825289822 176.3509680395447 242.19230290269115 217.12640672266352 1.3868434 1.5595421 3.905709 -15.412284 1.526487 26.845612 1.5516763 14.462455059806365 
Car -1 -1 0 655.7363124805571 181.5722138266084 685.7297878198386 208.1096290011012 1.5149498 1.5816784 3.671872 3.7134135 2.0719666 44.252274 1.5858513 4.4171168056698695 
Car -1 -1 0 545.479458454979 176.9538448445092 569.914904490199 202.0345993218183 1.6395708 1.6162069 3.6514835 -3.5792923 1.9324784 49.66648 1.4933273 5.774411159178719 
Car -1 -1 0 271.83064690406934 175.30691411316477 340.2485749223917 205.50880970854809 1.4490619 1.6038285 3.8740692 -15.4525795 1.5814548 36.94391 1.6591253 0.705157859947081 

