Car -1 -1 0 749.891273583335 199.54759766757098 967.7477654668461 342.5054028997475 1.3600414 1.5581077 3.948815 3.0121377 1.7879181 9.584895 1.5790507 78.78275396138876 
Car -1 -1 0 189.80668220970767 171.02635941257353 292.667442047773 215.08253980976002 1.5135242 1.6381253 4.3017635 -13.599036 1.4507365 26.940426 1.5726812 36.28124330579467 
Car -1 -1 0 581.1938083871763 176.18700614516635 638.1220419685446 232.50760454670115 1.6948571 1.7371775 4.2962904 -0.07452169 1.8164752 24.149658 1.5341122 36.73363822427908 
Car -1 -1 0 674.9089501676129 179.9081919368145 752.5516052383798 251.54343716929068 1.7310832 1.6892272 4.1731167 2.7690833 1.94699 19.968418 1.6068119 101.44965491942182 
Car -1 -1 0 269.95420508424587 172.8504363952076 339.18583262052323 206.78780614398738 1.4719656 1.570781 3.7059832 -13.928012 1.4718108 33.159595 1.585501 15.160228657112029 
Car -1 -1 0 655.6101730603384 184.69412548345983 712.880754033352 228.85228152114365 1.4891993 1.6103148 4.1988134 2.774932 1.9770386 27.60155 1.5342696 14.349056480774331 
Car -1 -1 0 337.7196760427163 172.24663659773526 393.77897507988945 201.48650386971718 1.6150959 1.6589984 4.176072 -14.107606 1.5815473 41.984936 1.6251484 18.91929966655458 
Car -1 -1 0 646.9629331323438 184.14149099389823 688.9881544318016 219.1530465517131 1.4352031 1.5996771 4.0271835 2.6043205 1.9812973 32.89273 1.5733392 15.416165000389203 
Car -1 -1 0 435.57954643347415 177.06896407680605 467.77755654697955 194.7601977303587 1.4745374 1.591324 4.0476685 -13.791433 1.8560979 63.22643 1.6671525 0.6325653936899547 
Car -1 -1 0 634.5546777811613 182.65967956398 672.6226794384111 210.3505994005815 1.505405 1.5831034 3.6824336 2.548823 2.1093695 42.516006 1.445089 0.25438737869262695 

