Car -1 -1 0 460.36772752357695 142.72131441860756 527.2866749529196 175.87347140790152 1.4156566 1.6016961 3.492227 -5.1816344 0.12893668 32.71704 1.876097 52.98440156835468 
Car -1 -1 0 778.6384462223189 143.8272952336397 849.8230334567195 208.99965437505455 1.6643612 1.7737403 4.2290764 5.9032326 0.9230818 20.70768 1.8663204 40.05063135735183 
Car -1 -1 0 885.1254032197805 155.11950453493733 989.9746674187213 238.315783021207 1.6213765 1.6907573 3.952931 7.209341 1.2757565 16.201668 1.8797377 95.94202521787057 
Car -1 -1 0 935.4221334399678 179.98484344603088 1242.0 322.32469050262245 1.3939531 1.6192333 4.1250987 6.1305327 1.497694 8.863439 -0.45498785 34.9792611544074 
Car -1 -1 0 506.85729798938667 139.53407275896583 565.0412234283813 170.615371751912 1.4835415 1.633797 3.8533127 -3.690444 -0.120672226 36.81654 1.8514838 24.58501460312989 
Car -1 -1 0 0.0 133.92279619298318 191.86831615863707 232.09168839547607 1.8448019 1.6681913 4.200716 -11.637054 1.1132019 15.818232 1.9204409 49.59135773031122 
Car -1 -1 0 869.4894950992361 149.5178022674268 927.8656781881582 193.3555146155444 1.4192815 1.607508 4.0897684 10.149975 0.66375303 25.552036 1.8744924 17.946706080519867 
Car -1 -1 0 185.4577997559442 143.87526779132273 309.0916629750518 190.5151577645012 1.5048311 1.5866268 3.6503615 -12.302862 0.56983525 24.546867 0.2798128 31.949049878522587 
Car -1 -1 0 94.07483255266885 147.0462370661483 239.1119620569809 200.41495203689402 1.5073733 1.5912764 3.695705 -13.242711 0.77844554 21.619652 0.25761604 16.95061313365942 
Car -1 -1 0 557.8654075870274 138.2798748290343 606.7445910867683 165.2987415208369 1.4959452 1.6979902 4.060936 -1.580576 -0.47699437 43.36373 1.8670623 7.594903588208883 
Car -1 -1 0 321.5915769150499 139.94550271499537 426.3849856504764 179.17315185747094 1.5470965 1.6607357 4.0668354 -9.806929 0.24922043 30.027458 0.4091502 8.642268002318504 
Car -1 -1 0 256.44447073744794 140.04149247283107 371.3999544627022 183.1737196366126 1.5385884 1.6239134 3.9574072 -11.135385 0.36811906 27.19067 0.35708582 22.142784792333092 
Car -1 -1 0 874.4950986330508 153.93237519286325 953.8071471325599 208.0524803987968 1.4446201 1.5992938 3.6947165 8.859602 0.93954784 21.245775 1.8149523 0.8290471557892831 
Car -1 -1 0 854.9964040756715 134.50747379560704 882.7997125406267 158.11809711356165 1.4885476 1.6074783 3.8316848 18.056976 -1.0668597 50.160763 1.9717146 0.7994478264610452 

