Car -1 -1 0 373.24644640199256 180.15973405975564 450.73492986095033 231.1015027210718 1.4598091 1.6380697 3.910889 -6.2591996 1.7154957 23.251528 1.510968 78.13949778117494 
Car -1 -1 0 175.382456126663 187.32663314669497 375.7905403499498 292.44766678587774 1.4812196 1.6808047 4.3490486 -5.6969023 1.7853374 12.966635 1.5452791 125.40578285119346 
Car -1 -1 0 712.980907737075 165.09663055015457 945.7049734441252 248.03494562003726 1.5391703 1.661278 4.1714087 4.219572 1.3952088 14.372795 0.07396147 76.4670982463849 
Car -1 -1 0 808.8080236337013 167.66630908457378 1161.80999374973 293.5260238306509 1.5128777 1.6212702 3.9365954 4.873544 1.4505198 9.655553 -0.0890231 44.14976132359578 
Car -1 -1 0 881.5138637707743 156.85678469401668 1242.0 356.2055037410437 1.6141963 1.6389887 3.895936 4.827286 1.4846612 6.821795 -0.08357805 62.94069423075103 
Car -1 -1 0 464.56288648952994 175.36771450991398 504.59218542130543 204.6854360427379 1.4806976 1.6289861 4.0366096 -6.6719184 1.623186 38.846745 1.5253267 12.492112447016561 
Car -1 -1 0 706.7210520677446 148.5063242227504 907.1419169054482 234.1733158697634 1.8828127 1.7182114 4.216209 4.4633837 1.3476927 16.790018 0.034766555 29.195123676150878 
Car -1 -1 0 428.91753201140546 177.2342987580833 484.8358304620646 216.73075386615196 1.4654136 1.5908151 3.8707504 -6.0971756 1.6544609 29.173788 1.5292242 5.563315167498538 
Car -1 -1 0 623.7066261956378 164.1149776733481 684.8672420937996 188.09505572951446 1.6153874 1.6504449 4.035826 3.0387857 1.026694 49.52185 -0.045615576 6.197628092406213 
Car -1 -1 0 480.33987872715613 173.875614474203 515.0260619500883 198.08963127270633 1.4370008 1.5631485 3.6506624 -6.90351 1.5030327 44.805717 1.5780697 7.240195316656168 
Car -1 -1 0 680.2154280385341 168.09598903419038 785.6523727593268 208.9885403500438 1.5186937 1.5973535 3.6975856 4.7330284 1.3419875 27.887667 -0.16455112 6.6327286226613404 
Car -1 -1 0 758.831785581876 139.11936332632519 783.6740423457525 162.27540046404266 1.4552153 1.5873566 3.6608315 10.965402 -0.7482319 49.081787 1.7743572 2.1944734669782804 

