Car -1 -1 0 703.4761890445075 169.87990421241713 901.2399142166078 240.00616353716993 1.5579836 1.698006 4.3656883 4.500475 1.4919086 17.281775 0.1927832 157.1736991888331 
Car -1 -1 0 933.257244152805 167.65096221787348 1155.2421583625035 236.51505393609 1.5025817 1.6375957 4.107134 9.919708 1.3890538 16.71318 0.07459812 124.2645122453886 
Car -1 -1 0 138.97455337910756 183.10942815343688 360.4982141583005 263.519006333719 1.4966372 1.6107256 3.7515974 -7.2238164 1.7192879 14.673771 0.10144806 131.15533486908242 
Car -1 -1 0 663.7239986841438 168.68352345683758 760.6284107829823 210.22349872115817 1.4019828 1.6155835 4.0378103 3.8255267 1.2612282 26.416046 2.271585 52.39196365453649 
Car -1 -1 0 590.797066403613 169.81487784176082 684.5627233417812 212.34174500412112 1.4596683 1.583193 3.561411 1.0918715 1.355355 26.630905 2.2828562 55.46794577098553 
Car -1 -1 0 1101.664660815632 159.494691118636 1170.3871510227843 205.28380298345044 1.4835653 1.5413686 3.228406 18.275373 1.0507241 25.163477 2.0747294 13.860360935281996 
Car -1 -1 0 835.8643867620976 161.85455535499247 925.2906634749482 209.84446749258325 1.5452929 1.7002261 4.066443 9.5815 1.1911066 25.340746 2.2643414 19.384609199531962 
Car -1 -1 0 744.3871709682486 168.35796885968963 830.5064136095867 212.8877671043678 1.4694684 1.6198623 3.758167 6.4190416 1.3211007 25.794727 2.224509 6.948305907220448 
Car -1 -1 0 933.4977812080014 162.27254591736119 1020.8850480678665 205.8503967129744 1.4493386 1.5990319 3.8357291 13.238694 1.097414 25.895617 -0.7570339 20.30671220137646 
Car -1 -1 0 255.47546067693838 175.5377230062852 372.8695537300869 220.6528025883672 1.4956336 1.5601062 3.46173 -10.2184515 1.5926607 25.064075 0.14525239 3.590960767460238 

