Car -1 -1 0 450.41535637473316 172.85091566660088 568.2608624547792 210.0816363499513 1.4328334 1.7121807 4.544853 -3.998133 1.4327146 28.940968 -0.14356813 81.48114492753403 
Car -1 -1 0 0.0 185.95031039040538 83.23407005883422 220.21611282369508 1.4744451 1.5685394 3.4631455 -27.429596 2.1333146 34.40011 1.9678212 27.68798241221972 
Car -1 -1 0 847.3162954127183 169.93270528133374 945.6650787051736 199.98572271443015 1.4303336 1.6457624 4.295544 14.113486 1.2912983 35.558838 -0.1923079 13.002366370838335 
Car -1 -1 0 488.1604782047415 160.97098398042948 522.6681205602767 180.37273482168618 1.4444325 1.6394082 4.1224017 -8.016033 0.5597587 55.860046 1.6874534 5.539072023951827 
Car -1 -1 0 992.8121136025343 158.68489178360554 1073.3663659740519 185.47760698329597 1.6061035 1.6722192 4.269324 26.104313 0.7567286 44.50833 -0.20615695 15.63328238931791 
Car -1 -1 0 603.7855092286823 173.45323437068885 620.6663119331594 188.10692656057932 1.5621555 1.569592 3.5303943 0.3113773 1.6291907 78.89312 1.6542081 1.3065777471121294 
Car -1 -1 0 1094.7029474175695 152.84762555087505 1188.2454978645824 191.25252281255644 1.7559153 1.6462477 3.6764083 25.239176 0.84120107 34.264343 -0.2643523 3.5515020347938506 
Car -1 -1 0 295.84945593666646 176.46023343289605 348.41022991958346 194.78014255473343 1.5661016 1.6424057 4.10649 -25.709705 1.8997892 64.64107 2.2341757 2.796064425715638 
Car -1 -1 0 678.8497765965567 174.06650279990126 703.8746874352246 192.69076678502967 1.466316 1.7085909 3.7493799 6.7266364 1.5689659 59.07722 1.7729204 0.3135185241699219 

