Car -1 -1 0 726.8566743634123 183.96171546292402 867.15501168756 284.22207521684703 1.4668821 1.5884244 3.9095535 3.1767669 1.6968687 12.966648 1.5942706 101.63182927775567 
Car -1 -1 0 674.0270903717345 181.1675980885219 764.9962533029548 242.29331185101077 1.465683 1.6036558 4.165142 2.9234262 1.7209567 20.01877 1.4963181 68.54388405575801 
Car -1 -1 0 786.7215519210756 190.25960956328314 1098.4304815290195 375.0 1.4158993 1.5809712 3.8381226 3.1280885 1.6476591 7.6797276 1.5818987 106.7830222624726 
Car -1 -1 0 364.29101410685246 175.4434672136549 523.495639585258 231.0309108830107 1.5325124 1.6680927 4.283187 -4.7016387 1.6110756 20.936237 -0.057101928 70.9822290019473 
Car -1 -1 0 6.129486176867084 182.58208158558065 401.56999008764524 328.73160684344225 1.5260532 1.6121137 3.805528 -4.6077666 1.6532848 8.5448475 0.045624822 43.32077692934671 
Car -1 -1 0 655.7806485452381 180.81681416299077 698.6577020756723 217.00742271689214 1.4711196 1.5872855 3.8138216 2.9520183 1.84637 32.08769 1.5811685 16.68479757631159 
Car -1 -1 0 419.6172621133853 171.06470628809564 544.9994263604606 220.95843984065527 1.7710981 1.7306961 4.377788 -4.60533 1.7075827 26.599024 -0.05590669 55.460766519829534 
Car -1 -1 0 636.673793446808 180.1470427775546 669.9800203417674 207.96780101408038 1.5250745 1.5515195 3.5019014 2.525553 1.9705755 42.284084 1.5148193 5.35633028727987 
Car -1 -1 0 670.4874191891214 179.17415286974034 725.9000710273962 224.10743791662023 1.5223354 1.6187112 3.9243984 3.2371836 1.7757988 26.967989 1.5787507 8.293911076715503 
Car -1 -1 0 560.2189782857643 175.35366195921623 586.3084553929734 194.27941616226917 1.6692836 1.6421231 4.1372924 -3.3039477 1.906726 66.37556 1.7113488 2.3529630484622213 
Car -1 -1 0 461.72009951984506 179.81520875119625 556.5520528286147 216.1326194120094 1.5078413 1.6076944 3.9271977 -4.282408 1.8173468 31.18965 -0.044802126 1.854290531231209 
Car -1 -1 0 485.91979649310355 174.15667421239166 570.1235145898315 208.12680310524485 1.7673029 1.7330234 4.207039 -4.340804 1.8392236 38.72965 0.117246814 1.648027095678595 

