Car -1 -1 0 260.2548916564451 189.7049808262614 471.30904185570864 330.02062764363853 1.4718828 1.6378473 3.643292 -3.055027 1.7440424 9.830136 1.5729381 114.65673004483722 
Car -1 -1 0 665.4540439542328 177.57159730938102 746.8976347288293 240.84376400790998 1.4697144 1.5667615 3.6179123 2.4242315 1.6049607 18.858978 1.5478983 40.70746807641694 
Car -1 -1 0 691.9383790722036 178.1022527683943 822.5031340352195 276.62658206083563 1.4698237 1.5274271 3.3532562 2.4366827 1.5740867 12.639484 1.5464072 61.80471532970469 
Car -1 -1 0 734.4226751078336 179.29640300182137 982.7433796829799 347.17138931960943 1.4870099 1.5898466 3.6275747 2.572376 1.5778651 8.35338 1.5600152 100.04275880311884 
Car -1 -1 0 0.0 174.4417707162793 332.5681677849061 297.57750479920026 1.8105623 1.7377976 4.321188 -6.933133 1.8380812 11.569544 -0.031287946 116.04130601402478 
Car -1 -1 0 648.0378899036347 174.97884041713797 706.8577182667957 224.22749628056093 1.5365305 1.5733947 3.4741144 2.2278664 1.613625 24.42126 1.5433521 41.11836893428475 
Car -1 -1 0 294.9277620288472 180.03834250012994 447.17997291734014 237.48249556907354 1.5397485 1.6066802 3.7982605 -6.662814 1.7519662 20.436544 -0.03907107 20.174751138504636 
Car -1 -1 0 361.4368086954807 179.16393298179116 479.77023372345394 222.31550817363308 1.5780821 1.6455576 4.0923443 -7.1318645 1.8261646 27.503986 -0.02030046 8.593671623680047 
Car -1 -1 0 197.26507486675186 177.78190797228208 393.744236726055 247.5873385733118 1.5895425 1.6278942 4.0329714 -7.4636993 1.7144244 17.418764 -0.02609613 2.5884278114126933 

