Car -1 -1 0 729.5169543180428 184.29762662841188 1003.9211712817695 360.0691630325562 1.4903452 1.6454335 3.7075143 2.6022353 1.6515085 8.263295 1.5128548 79.86125594356588 
Car -1 -1 0 665.9806544184553 179.37884483005175 796.2641504433357 278.7480256178398 1.5289847 1.615654 3.9456053 2.0765734 1.6679494 13.366097 1.5341569 93.6540008165982 
Car -1 -1 0 639.2851337534102 177.43353762984572 736.018532079783 244.35607625891112 1.5400829 1.639474 3.9680686 1.9274943 1.6735923 18.961903 1.4410079 50.900758994336535 
Car -1 -1 0 562.3641049648597 170.48430359619408 609.625122759754 211.86559950629666 1.6840222 1.6892027 4.200351 -1.0952775 1.5875866 31.5517 1.4467443 45.64696941010682 
Car -1 -1 0 165.13349664663266 181.21581993238232 410.4634013911918 282.1354095782024 1.5219052 1.5985819 3.7890496 -5.6771154 1.6908907 12.872953 -0.58167106 49.57941306964947 
Car -1 -1 0 269.3826272567432 178.1702152025078 435.59319851539243 246.6691704339029 1.5335853 1.5874918 3.6345422 -6.409775 1.6797216 18.12668 -0.6255439 33.21065116130076 
Car -1 -1 0 534.2441908837608 180.6916942682467 568.9388978834331 198.26600894742728 1.4846046 1.6580703 4.1505547 -5.2703633 2.2165933 65.16194 1.0969911 9.348091549091862 
Car -1 -1 0 0.0 186.98696641028837 325.2177028221554 320.48761711942103 1.458646 1.5825009 3.6457605 -5.9485464 1.6829731 9.838988 -0.53812826 6.978686357758078 
Car -1 -1 0 348.7975199167226 179.38666329285758 383.7095710104862 197.00213998404615 1.4426677 1.6436499 3.8816948 -21.142311 2.0280514 62.626785 0.89674664 1.8433449955418826 

