Car -1 -1 0 1009.3560752204487 177.90961695567427 1213.2437045802092 252.2730313926534 1.429118 1.6787696 4.3190475 11.054033 1.5588462 16.338627 1.5911975 99.81064981915928 
Car -1 -1 0 359.69021904615187 191.7642255334023 508.4426076749454 291.6514821750732 1.4423131 1.7110448 4.366205 -3.041218 1.8515182 13.42957 1.5696948 129.68536334827624 
Car -1 -1 0 807.9139350481727 178.53561608498876 869.9220997452635 210.73782040958773 1.4197074 1.6410258 3.7963903 10.859323 1.7058594 34.41493 1.5367634 40.41125168107655 
Car -1 -1 0 912.1362270180568 173.22974035165512 1023.36957533688 228.33848933182009 1.5800732 1.595669 3.7003865 11.066069 1.5928 22.576445 1.5542096 65.3815008224719 
Car -1 -1 0 531.746722112199 184.1038599712573 569.96250789766 217.18135406052758 1.4584432 1.6833708 3.7839026 -2.8001885 2.0347683 35.042484 1.5340762 24.44718347073946 
Car -1 -1 0 779.8347230433512 177.74953285542634 821.3310174304329 204.78315083241924 1.4529281 1.5633248 3.6630576 10.886043 1.7459536 41.321693 1.6181531 20.368348335505395 
Car -1 -1 0 1065.934725485339 169.3593694816504 1187.3693789369756 220.16276624285672 1.5037467 1.5538237 3.3433924 16.377533 1.4003079 23.05178 1.6014801 11.647556991175676 
Car -1 -1 0 880.6487547048067 176.2633681974913 940.8898902891632 206.68653648936416 1.5458198 1.6208469 3.99477 16.24458 1.7401009 39.113594 1.5776728 1.7820616244964782 
Car -1 -1 0 567.9874291498596 182.09439582424747 586.2685031297747 197.6908511180502 1.463933 1.59623 3.909944 -3.2668095 2.4139662 72.155945 1.4662716 0.7455338559800849 

