Car -1 -1 0 371.37806820365273 176.3277250986244 446.10575922468706 245.61496951459253 1.6008247 1.5710051 2.65511 -5.1551414 1.6964753 18.345531 1.1984619 72.41447227089347 
Car -1 -1 0 722.6535873138694 176.97362673538362 854.3442391237968 228.55295690454426 1.4583802 1.633405 4.1801744 5.640177 1.59776 22.554825 -0.60225856 92.20404889463275 
Car -1 -1 0 517.2210697313636 174.265688045911 602.9658188302766 206.51805928644 1.4966574 1.5886478 3.9284282 -2.4003224 1.5693382 35.39244 -0.5927108 50.03689713129018 
Car -1 -1 0 671.9517469388916 176.66474224526 789.4327192530923 222.69012616422071 1.4458044 1.604063 3.9515018 4.187045 1.5857447 24.727757 -0.59280264 25.192803872413347 
Car -1 -1 0 370.37889607252106 178.1789376407432 432.35227608980335 229.64556393748134 1.4268923 1.6144288 3.8478858 -6.5637197 1.6084597 22.519104 1.2255775 11.451181060944084 
Car -1 -1 0 632.5452935309836 177.23729740883678 735.3426322658693 218.304589525368 1.4263636 1.560386 3.7589717 2.832668 1.601855 27.158794 -0.6218377 25.607116735796183 
Car -1 -1 0 495.91623475765937 172.49112047365205 573.9786046408906 202.00741485514487 1.4627893 1.5587649 3.704185 -3.8493874 1.4448053 37.342804 -0.5099826 19.705590603897562 
Car -1 -1 0 91.673548333576 166.72053634562846 181.8854170556034 217.2748209873852 1.6836839 1.6656947 4.418919 -17.143879 1.479412 26.389359 1.2543945 12.667030166767582 
Car -1 -1 0 356.4737007657399 174.9423122670513 397.95324856997553 210.07996283271325 1.3914201 1.5751166 3.5647178 -9.941502 1.4860322 30.74648 1.2289448 9.942601755685265 
Car -1 -1 0 207.57388013068984 169.53616397785083 254.40212042686048 196.60358827011495 1.5006576 1.6729233 4.0225167 -22.054638 1.3167117 42.168976 1.2833872 4.398351960415499 
Car -1 -1 0 611.6524067345636 173.81734255533618 703.7864202786674 213.13783736056263 1.499431 1.5683736 3.498829 1.971912 1.5406275 29.22537 -0.595666 6.147862696583339 
Car -1 -1 0 352.5052782564551 176.64497903519265 401.3824759674454 220.12638288149466 1.4620109 1.6024518 3.7858434 -8.558702 1.6128359 26.66198 1.2734404 1.795850461965347 
Car -1 -1 0 361.46839222933306 161.8995637578584 395.0162800299963 198.08235652971828 1.9751841 1.7146249 4.104791 -13.284245 1.3771917 41.597202 1.2917328 1.6707417956480346 

