Car -1 -1 0 68.93101442132348 183.9960577963079 278.2441885825799 247.66524060535423 1.4196795 1.6585968 4.3981876 -10.870123 1.7296021 18.375805 -0.44440246 112.27159087127897 
Car -1 -1 0 672.2155368295782 177.57605952996835 727.0681172647634 214.6235269261884 1.5238409 1.6877841 4.0584655 3.956848 1.7488031 32.29194 1.5017005 22.295662344659128 
Car -1 -1 0 344.81658910501517 180.36643314585157 481.36610229292825 234.160177579835 1.4659944 1.6047533 3.7815871 -5.882065 1.706431 21.58832 0.42071134 97.91322671243435 
Car -1 -1 0 0.0 175.07890828977722 130.05640787459492 243.2441171257482 1.6011074 1.6809121 4.282655 -15.321873 1.666054 19.070107 -0.6731442 44.67293481597866 
Car -1 -1 0 478.96519802848866 177.59489163859723 513.849561963701 200.61502757147 1.4857476 1.6254354 4.0163393 -7.706047 1.8240016 49.444065 1.6071453 8.737240651482571 
Car -1 -1 0 659.2632485956285 178.15094017896362 698.2603417173981 207.85723765412018 1.4672974 1.6069149 3.9343088 3.6238296 1.7632786 38.332607 1.5475004 5.753175629304904 
Car -1 -1 0 141.24153603661023 172.0073944778744 203.41780639511066 208.68560530633113 1.4322624 1.5990071 3.860111 -18.249279 1.3992028 30.264366 1.1963879 3.664674569994755 
Car -1 -1 0 814.4560540179606 145.0906106094427 846.1764924576702 164.19123828141426 1.5469962 1.7066891 4.05705 19.043844 -0.77398753 62.393234 1.6274831 2.7500700129847817 
Car -1 -1 0 302.40422072008715 170.18510263065477 382.23355985978867 203.15554963589173 1.7760189 1.6339298 3.7869494 -14.678904 1.6322532 39.74517 0.03252265 0.5102176904847766 

