Car -1 -1 0 260.63867825151175 179.1576311926779 375.6135893003338 237.27657448280374 1.5300889 1.6873857 4.1289372 -8.533255 1.7363808 21.530287 1.5929968 114.62400498792766 
Car -1 -1 0 733.2374100235102 186.11374998292158 939.4789726037372 317.21641172354487 1.4728563 1.6170236 4.0744944 3.0418296 1.7054183 10.589434 1.5340397 136.43134860483227 
Car -1 -1 0 703.2520065328912 179.70652350302828 802.1454253980716 258.657562651142 1.5550854 1.5706953 3.391474 3.0988927 1.7251775 16.20861 1.5779079 69.76644873289091 
Car -1 -1 0 354.33808583914424 179.00585837165843 433.33982206569124 224.78612274973045 1.5482881 1.6518519 4.1012764 -7.9692273 1.796363 27.027294 1.593518 45.13727266435803 
Car -1 -1 0 671.7208026734683 181.09634026060877 746.6308728381366 238.0288384836375 1.4759076 1.5673599 3.3147817 2.7997284 1.7338444 20.887476 1.5237294 32.024607722654586 
Car -1 -1 0 398.84180509898107 181.41520198093073 459.38470401369176 215.90486043673454 1.4120255 1.5784695 3.6691577 -8.018307 1.8183461 32.360207 1.6396017 12.931890535901545 
Car -1 -1 0 655.7272743097554 180.29623760147882 714.8210671521579 225.37109992138713 1.4626768 1.640936 3.9903631 2.6567063 1.7525209 26.089483 1.5505022 7.176530879316721 
Car -1 -1 0 650.1293053460872 174.21784519535126 691.6649962280605 209.03040588020664 1.6785134 1.6817257 4.19529 3.091735 1.7525887 37.072388 1.54703 7.714609314606477 
Car -1 -1 0 434.1832221095307 179.27613355822444 480.9563537284706 210.05383705723438 1.4913219 1.5820837 3.7006195 -7.8628993 1.8426932 37.609276 1.5936658 3.461637334321761 
Car -1 -1 0 454.08985838045436 179.5741777820003 494.710853437851 206.20643061967831 1.458323 1.5371939 3.348024 -7.8411355 1.8664993 42.1024 1.6398299 2.4095077714930877 

