Car -1 -1 0 252.91966342263206 174.6832281524522 437.1499278864652 286.69976327663227 1.7943552 1.8721032 4.4661465 -4.801734 1.8352056 13.8723545 1.5794512 141.80304014387127 
Car -1 -1 0 412.2330474382413 185.6707867787985 486.9713152481645 234.49314131967935 1.4499459 1.5803496 3.7034025 -5.290973 1.9148175 24.29255 1.6055064 32.73669225647629 
Car -1 -1 0 474.867089744232 180.16620700344328 518.7383903572575 213.73629016632256 1.4988258 1.6311221 4.023063 -5.4293737 1.8755758 35.13922 1.5383935 10.281079524092199 
Car -1 -1 0 41.240049035867486 195.02170911210033 277.6955144564962 281.3522039045599 1.5184569 1.5819237 3.6610837 -8.646124 1.9772441 14.041105 0.055889577 57.90958393047743 
Car -1 -1 0 0.0 193.94241568223163 209.9931537804436 303.18671707352814 1.5151448 1.5830531 3.6949573 -8.491196 1.8673154 11.193582 -0.035113536 51.16019392712037 
Car -1 -1 0 114.87738040535451 179.14037233352906 226.00275433771523 213.17945541031298 1.4662776 1.6199794 4.0776196 -19.660479 1.7567818 32.388695 0.07214295 8.597438306114794 
Car -1 -1 0 289.3543577572683 163.20061219005163 358.4468190469996 187.35344883531894 1.5857334 1.641125 3.9802527 -19.091599 0.9519484 48.30789 0.058730938 17.394857350609048 
Car -1 -1 0 266.7779816608374 184.05714288670876 328.18180536639903 229.72044404269428 1.3948762 1.5672158 3.6697645 -10.862865 1.8137717 24.996302 1.0549266 5.437876676482192 
Car -1 -1 0 194.4360609699443 182.30659935574278 280.57429053568075 221.7896089502216 1.390936 1.5755911 3.8754253 -14.499587 1.7882817 28.348923 1.5109547 3.682615199667089 
Car -1 -1 0 110.90062907372186 194.58846092629778 307.15021905301586 265.1199255743918 1.4845243 1.5685811 3.6760995 -9.124291 2.011167 16.605572 0.051488854 3.7841325179415572 
Car -1 -1 0 409.19546503644614 159.05770613005083 464.28548731903413 181.28621969438896 1.5485446 1.6315145 3.933185 -12.480337 0.5874285 52.03984 0.5917717 1.5587933200925461 

