Car -1 -1 0 709.0074657840293 177.90282424260073 878.8502143363569 304.05866887384815 1.54047 1.6133484 3.9274867 2.5636053 1.6308377 10.941576 1.5825155 103.49841602772011 
Car -1 -1 0 679.9185327601592 181.28784156264047 780.5281113265361 259.8702170304065 1.477201 1.5767202 3.6485267 2.5125134 1.6830485 15.7833185 1.5666783 62.01934854151704 
Car -1 -1 0 446.0078185478594 184.5799453736988 558.7813165574626 224.52744616631537 1.4528391 1.6236669 4.0284586 -4.116023 1.9253919 27.981426 0.1460799 31.87104361320553 
Car -1 -1 0 392.3265636954561 185.44487878927706 498.25473256218646 239.34095413319318 1.4830308 1.634021 3.8314106 -5.247736 1.9147213 22.758898 0.85197866 65.62425806126815 
Car -1 -1 0 14.130749984814548 192.50564012995775 416.3532103164828 368.46595793824247 1.5543555 1.6368425 4.029997 -4.5850677 1.8523124 8.886192 2.2919466 139.5833561522179 
Car -1 -1 0 630.421241196259 179.08409842791983 658.5331826667233 205.7832158195892 1.4771599 1.5898228 3.7410164 2.0742066 1.8625185 42.720688 1.6232135 7.958620150347629 
Car -1 -1 0 350.3391885382227 189.59546714092346 402.59478782303137 222.07238544371512 1.4584394 1.5039835 3.2293568 -11.475641 2.3245363 35.702652 1.5849048 15.944471031204618 
Car -1 -1 0 648.9234275018728 163.71565791929825 715.4275152552843 223.73520791498132 2.0032325 1.8464406 4.5977497 2.552885 1.698228 26.40652 1.54231 27.532588488485157 
Car -1 -1 0 395.4350600914292 186.54375402121144 441.0016175045872 212.98157827524028 1.4769173 1.5854905 3.9997344 -11.725088 2.3588274 44.44831 1.6165214 1.5078191168370674 

