Car -1 -1 0 718.6486461935319 178.37090620567517 777.5999906271272 218.1917409706613 1.4420112 1.6438278 3.5232067 5.3779516 1.6724707 28.378979 1.571357 58.16909193927115 
Car -1 -1 0 303.46835093327076 184.16596604826515 405.0455119016531 237.52429059024357 1.4919088 1.7214625 4.204393 -8.057045 1.8885767 23.186398 1.5862132 52.61436357957361 
Car -1 -1 0 411.64171914873987 180.99919248101588 458.4902787223444 206.93365838921378 1.5130961 1.7234269 4.3783193 -10.9880495 2.0544095 45.724075 1.6187108 9.042963445279689 
Car -1 -1 0 482.6237749303757 177.21306666564638 524.0623444747829 200.4501896737849 1.4912934 1.6996343 4.1184998 -7.19859 1.8020225 49.274944 1.7127246 9.58734471768104 
Car -1 -1 0 1100.9263131267167 145.097430835495 1191.6433087650403 171.30900918925036 1.4814682 1.6491853 4.177197 31.119871 -0.09182328 41.8905 -0.081788674 12.177837590661028 
Car -1 -1 0 456.1053470908692 180.95146314259063 483.8026254496592 200.61097840707714 1.4713227 1.6103623 4.190029 -11.1598215 2.1449323 57.89013 1.5202963 1.609106807521455 
Car -1 -1 0 612.8058496401509 175.35858975334008 631.8669742851214 191.82070867787976 1.4651629 1.6897085 3.6472726 1.2036588 1.7029033 66.63612 1.6078837 3.6974879915455094 
Car -1 -1 0 1011.8820304730092 195.49377244643452 1109.0671986711664 227.8038954042158 1.5419745 1.6173837 3.8931305 22.687635 2.709354 36.390438 -0.0029190367 0.8323311721372848 
Car -1 -1 0 1161.85406598117 146.2864080608926 1225.253606262837 168.40563679270505 1.4987127 1.5893219 3.5695415 41.532272 -0.32803613 51.41013 1.5534868 0.2707403004169464 

