Car -1 -1 0 422.73261886264225 184.5131605508904 509.30288992926177 243.55624044547343 1.4215643 1.6611614 4.3458815 -3.931944 1.7869537 20.42443 1.5521774 92.68443873288088 
Car -1 -1 0 672.410989626677 178.06197172452676 778.4900852485462 252.41555195910078 1.5538154 1.6615517 3.8301733 2.64775 1.6931424 17.329021 1.492736 93.33495405028548 
Car -1 -1 0 504.72769350212633 177.56266709149108 532.0973395641784 203.12910549131843 1.4893026 1.6142861 4.0126762 -5.649012 1.7958381 44.886013 1.4547077 12.241828936310965 
Car -1 -1 0 648.5796125168499 180.9630350469174 721.8381532846798 230.92521989195737 1.4253576 1.6038623 4.464257 2.3660252 1.7164569 23.61447 1.4934682 32.83218612831337 
Car -1 -1 0 305.3051321530709 176.87442225887776 431.60318906713053 226.94335585394282 1.7137392 1.65127 3.9417648 -8.523346 1.8618685 25.71068 0.02458984 36.85353823617575 
Car -1 -1 0 633.042326986998 173.52238637926305 684.8402618744165 217.3931053956295 1.7327775 1.6582694 4.0486374 2.0264215 1.7630819 30.638292 1.5024798 9.5791279915851 
Car -1 -1 0 605.5732305200683 176.48013588555364 640.060767392013 201.8518074878495 1.5432739 1.6128356 3.811296 0.8115448 1.7868555 46.464973 1.4231439 2.3247364741840317 
Car -1 -1 0 581.0807775562779 174.33664824389115 598.5528545892097 189.35511742920275 1.5169959 1.5966048 3.6673625 -2.0775845 1.675323 75.15351 1.4818913 1.248324807773195 
Car -1 -1 0 615.7073155108232 177.02689296494918 660.6566737733044 206.95297823052599 1.5075638 1.6150594 3.7569747 1.4904035 1.7440891 38.901443 1.3827257 1.9742826511817788 

