Car -1 -1 0 699.4543531967778 184.42909167503637 837.8605552013458 279.3747268740804 1.4623773 1.598805 4.161184 2.8305945 1.7164137 13.730953 1.5396068 101.90069980287583 
Car -1 -1 0 8.05106915223303 165.0741505652882 162.90424071312742 227.7029489323364 1.5187773 1.6221786 3.5320983 -13.81267 1.3301122 19.280159 1.5499965 61.10322685152284 
Car -1 -1 0 669.2796402368793 179.39641552869043 757.1947473105226 242.7270061177352 1.4533429 1.6071324 4.244324 2.6232796 1.6463916 19.145967 1.5416993 75.21429632801576 
Car -1 -1 0 580.7840598501285 167.7470042086847 645.7456537088743 228.99101194581627 1.702313 1.772055 4.327697 0.018987775 1.5603609 22.260302 1.5216805 38.509601034749736 
Car -1 -1 0 198.70348013408352 169.6391774153033 293.43582544619426 209.06385911642732 1.4223628 1.6677978 4.117982 -14.021756 1.3063784 28.103598 1.5549133 40.2281624001144 
Car -1 -1 0 654.728790720632 175.8260656904213 708.6214032178351 217.04585749392785 1.4941787 1.5979954 3.6119313 2.7584743 1.618162 28.26012 1.5262505 23.53402170448154 
Car -1 -1 0 797.7891266658754 167.7734968814554 1242.0 375.0 1.7280657 1.6668503 4.0864873 2.863853 1.7001741 6.0375338 1.6126702 84.93641779040371 
Car -1 -1 0 384.99288315442345 171.37481558826843 429.14047096369507 194.73792171150367 1.5328692 1.6861941 4.0467653 -13.8059025 1.4358187 49.409184 1.6284547 6.651689394431996 
Car -1 -1 0 649.4011911960365 176.1136566697824 693.4884412511043 209.36353488558876 1.4850196 1.5623363 3.5396454 2.8984792 1.6486661 34.403217 1.5000187 1.6025827986764272 
Car -1 -1 0 446.3578444295106 172.55963942473775 470.7640101630126 189.00275713347233 1.4894047 1.6227987 3.78607 -14.047396 1.4627414 67.280205 1.5309092 1.3867062156067773 
Car -1 -1 0 644.8212040218592 174.63076096701423 680.641788819019 203.6348154885043 1.5268071 1.5685005 3.4372928 2.9025924 1.6295116 39.952873 1.5214446 0.7811523320393838 

