Car -1 -1 0 904.5859121396762 181.08651024996786 1154.7003135328123 375.0 1.6566149 1.6375028 3.8549216 4.3638754 1.7730101 8.116187 1.8803608 89.52370765715953 
Car -1 -1 0 840.6697874221724 190.0988713730865 925.8786207858415 254.5986771640528 1.4081054 1.5883986 4.0039454 7.090138 1.9136534 19.021893 1.8017082 57.04047135119866 
Car -1 -1 0 411.677978813213 179.6952907035807 617.1613382347867 268.9870229792448 1.5432358 1.5901486 3.5708458 -1.7654626 1.6852026 13.810731 0.21789873 135.88625725649325 
Car -1 -1 0 866.7301278400919 188.0005961418591 1018.6900646408609 291.05423615733287 1.4982479 1.6214821 4.1193857 5.9153337 1.8233304 13.308113 1.7660031 52.306635505155015 
Car -1 -1 0 816.8084696396695 187.02411309121922 868.592309166847 225.5931106929996 1.4632164 1.6056081 4.093789 9.977217 2.1167178 31.117737 1.7527153 16.136058893267304 
Car -1 -1 0 523.0134438266188 182.71442269230286 680.4047362368965 247.64919357453812 1.5360781 1.614584 3.8497114 -0.2192902 1.8184651 19.103085 0.44744304 24.959261141759693 
Car -1 -1 0 618.4499890069004 181.1557517753851 711.4472555347523 214.1456648532253 1.4639099 1.6273298 4.2324424 2.61784 1.8640225 33.673813 0.14027704 25.21220821902959 
Car -1 -1 0 454.5951403693553 169.21044647987276 647.9321514686236 258.18471637628716 1.8456374 1.6921935 4.014773 -1.2644377 1.7700573 16.251564 0.2316438 65.86917472831118 
Car -1 -1 0 647.7162024331681 177.98673075936014 728.2946845052561 212.65176563851784 1.8020701 1.6964053 4.1814427 4.2803955 2.0900178 39.185375 0.22491919 15.494297929262956 
Car -1 -1 0 834.3960138885395 188.1920776712694 896.233672690947 237.96052379250017 1.4388378 1.5818061 3.8841126 8.494019 1.9976809 24.214191 1.8129723 8.052475806480391 
Car -1 -1 0 805.4347278744873 184.84903842724577 838.5174553133794 213.03598976903635 1.5223444 1.6242536 3.909634 12.5605755 2.2689843 42.828117 1.7897363 1.4802332117375854 
Car -1 -1 0 685.7524609973663 178.6906089929826 745.3703277270146 203.40278738347413 1.6702387 1.6692889 3.895649 7.48648 2.0941586 50.934265 0.3630202 1.7094596275452127 
Car -1 -1 0 537.2311186083631 185.7725807296357 677.0014979751135 240.41245912697903 1.455126 1.6064941 3.9507203 -0.10595369 1.874835 21.73275 0.54358613 0.44421714544296265 
Car -1 -1 0 669.4630656532357 182.79850146272543 736.4149655293108 208.97003665364437 1.5080822 1.6172488 3.934782 5.645548 2.1234355 43.535275 0.16047421 0.2768080234527588 

