Car -1 -1 0 681.1457169442083 180.44810389248315 793.6992712314952 265.23688744323647 1.4611614 1.5826414 3.9053082 2.4607434 1.6369393 14.743078 1.5638587 88.23843700439988 
Car -1 -1 0 490.79481224394374 176.84737112205164 541.971965321066 217.94828476583083 1.471075 1.59132 3.646582 -3.553462 1.6363509 28.022688 1.5492454 51.829612801674045 
Car -1 -1 0 731.9132341933636 183.10772786864152 974.8195476284823 338.3702535628862 1.4464042 1.6444025 4.1191115 2.7140496 1.6044171 9.056634 1.5672336 83.54335251850668 
Car -1 -1 0 655.5588491322274 175.69641855137164 734.5769833818733 236.52398356017778 1.4971881 1.6054454 3.6152685 2.245566 1.5823028 19.768742 1.5320766 47.57768319842911 
Car -1 -1 0 262.689310470506 180.83346076574284 425.4556493003826 238.55532225473164 1.4736316 1.5816176 3.9139504 -7.1403875 1.7029208 19.717484 -0.11808584 69.76837762639185 
Car -1 -1 0 303.5057695920695 171.6700615126786 451.26791784767613 231.2106426070356 1.7888441 1.7097441 4.1515517 -7.2020793 1.7532736 22.711155 -0.0875963 62.584681910818986 
Car -1 -1 0 41.44289774414233 190.45804187548887 371.250573136411 299.6362727506328 1.5254655 1.6618427 4.1912446 -6.074229 1.820322 11.22252 -0.01525036 67.30894285934863 
Car -1 -1 0 354.27140777170024 174.86715628089595 471.51697527014926 216.0640338393704 1.5600741 1.6673962 4.2236023 -7.666636 1.6421952 28.427599 -0.0828449 9.384909809728917 
Car -1 -1 0 385.13400610234237 175.65885340435935 488.89184522698133 215.5170036934372 1.6799155 1.6932638 4.2083807 -7.4770145 1.8066095 31.572926 -0.08324115 16.1453552411927 
Car -1 -1 0 95.43839974627764 188.26901007989335 330.4636450118917 276.2721480495757 1.540565 1.5914904 3.589965 -7.405134 1.8504738 13.708307 -0.0011131403 9.32939147332382 
Car -1 -1 0 647.3140526534703 175.45538319007187 706.1133670832594 223.4608161815062 1.4659927 1.5636965 3.6268451 2.1658547 1.5593181 24.058867 1.5536684 0.4755687713623047 
Car -1 -1 0 420.3593953366584 175.5295050410371 504.3790934835335 205.70367013288362 1.5619859 1.6798131 4.1299877 -7.929371 1.7114246 38.946144 0.26700118 0.6541600377385521 
Car -1 -1 0 634.7188399757093 175.043408915217 680.8295730552084 212.44433613108652 1.4605659 1.5612801 3.5532517 1.9618504 1.5576625 30.19379 1.5324634 1.835750952832704 

