Car -1 -1 0 577.1936762999906 174.38548524571533 610.9484914133169 205.74524208016268 1.5817703 1.6498911 3.7605348 -0.86934227 1.6676008 38.5101 1.5087371 24.928819184021535 
Car -1 -1 0 413.9851622182481 178.5820534653337 490.18147508633956 207.5228257224646 1.4926115 1.6065472 3.7442944 -8.343122 1.8047504 38.439896 -0.040762387 25.85877469321988 
Car -1 -1 0 288.76726433630404 181.38176354613378 432.91322866359997 230.1415723235419 1.5345917 1.669531 4.187201 -8.136154 1.826328 23.843288 0.0028177558 42.935529163861645 
Car -1 -1 0 526.8985008460306 177.79834929654024 558.8026113503968 204.25290965546264 1.4552627 1.6820575 4.142277 -3.8906736 1.7615237 42.58628 1.5256586 13.49520507599758 
Car -1 -1 0 68.68059538855853 188.95048137892763 300.2258452212796 274.16394702387987 1.5012288 1.568562 3.518364 -8.021608 1.8275845 13.822683 0.012653059 55.229528168258796 
Car -1 -1 0 146.8613849200925 177.21239949775946 375.7193766450427 258.88202129329215 1.7229034 1.7245259 4.320914 -7.6999245 1.8263521 16.222061 0.019397534 78.4602964952842 
Car -1 -1 0 206.0238614346337 184.33250569643496 381.06673392797506 246.40713687409968 1.5091429 1.6104835 3.825436 -8.079878 1.8194764 18.678072 -0.012699545 10.734243883841426 
Car -1 -1 0 350.6030963157394 183.32495604564386 455.1931530418768 224.59760133095915 1.4633089 1.556478 3.4317768 -7.609757 1.8630915 26.764133 0.0035269083 18.296241210907628 
Car -1 -1 0 250.28360144084382 183.8053535232145 396.6687915414508 237.88107909307075 1.517032 1.5930446 3.7192955 -8.431885 1.8557253 21.453053 0.035487894 4.3542628266628505 
Car -1 -1 0 0.0 201.3333039645254 259.5585630766956 303.13519805573526 1.4388185 1.5859175 3.7999625 -7.8465557 1.9237123 11.469575 0.011872014 2.9559434657994847 

