Car -1 -1 0 0.0 194.58173431664645 429.3121685969392 375.0 1.4582012 1.6961167 4.3252797 -3.034013 1.722096 6.5995493 1.5692974 108.38750012046958 
Car -1 -1 0 822.3631263650764 175.46617705166807 894.4619633461298 210.32560773315456 1.4087676 1.6452276 3.8834145 10.746833 1.5297368 31.435118 1.5225248 44.501752646555445 
Car -1 -1 0 948.1155548700489 171.30182948467208 1092.7952143483478 234.59425519385036 1.553181 1.6310648 3.8080907 11.00309 1.5150911 19.649092 1.5203756 94.34571193228642 
Car -1 -1 0 506.33807575503306 179.95669883693333 559.4276014306312 219.63039057219137 1.4028372 1.6818925 4.2169943 -2.9388676 1.7031236 28.388077 1.5606018 35.0726261270488 
Car -1 -1 0 865.8431335565882 170.92318898517422 919.7374337269773 199.93708156319653 1.5660697 1.5958929 3.6604257 15.939399 1.461851 40.7798 1.5664215 11.170366214682964 
Car -1 -1 0 896.7057099604233 174.02037004855546 971.3905843471352 205.62195328767135 1.4802842 1.6025836 4.1488256 16.125992 1.5420686 36.088417 1.489462 6.373529061833299 
Car -1 -1 0 1013.7228872665587 174.18744935754734 1125.002716811038 218.47119688242472 1.4250474 1.5772663 3.9693651 16.011553 1.4756874 25.37149 1.6335013 3.911590146865002 
Car -1 -1 0 798.726525380714 172.73371737969273 880.5132648072407 203.26621049646272 1.5416989 1.5985532 3.7105453 11.826414 1.5356252 37.23307 -0.00036413787 4.571220186189555 
Car -1 -1 0 560.0981783005068 176.2120710368939 579.8193184510101 193.2892395706089 1.4828858 1.6175969 3.9768062 -3.6220298 1.7974052 65.52177 1.4726847 0.25766369700431824 

