Car -1 -1 0 147.52898567712674 191.3842598284941 250.94236459550802 233.38172179322848 1.46141 1.6764071 4.1942368 -16.405005 2.2635236 29.107977 1.6055883 50.9409474635997 
Car -1 -1 0 674.3804470967873 183.29548831615094 740.9183748073316 233.0328622842876 1.449675 1.6635175 4.2225904 3.1698182 1.8280957 24.03433 1.576091 46.17725352691815 
Car -1 -1 0 0.0 192.17862256063498 119.52147260259873 252.8248888341933 1.4863145 1.5961276 3.6266654 -16.112226 2.089468 20.686314 1.5976107 36.990691626798636 
Car -1 -1 0 227.84953022044527 187.42455491372053 295.2480299782392 223.30442252598857 1.5312815 1.6235492 3.9720395 -16.551357 2.2697394 34.515133 1.4766979 25.260852653460887 
Car -1 -1 0 317.24987903636344 187.99896232012117 364.36708061878664 213.69606926200157 1.4471228 1.5782323 3.724184 -16.59361 2.4249914 44.714455 1.5563946 20.9374659181635 
Car -1 -1 0 651.1644994421687 182.55083413708073 692.627266531279 213.51745789679845 1.453871 1.6025239 3.6081607 3.1361065 1.9743937 36.882908 1.5106186 2.133239209966841 
Car -1 -1 0 380.5236042148094 185.37727461372893 412.7582074028478 206.4252907858617 1.4671052 1.5993044 4.144029 -16.175705 2.458456 54.97815 1.474529 0.6224721548915434 
Car -1 -1 0 277.10430756614215 188.18251085939332 339.4183978497433 218.7319710872302 1.4912987 1.6349149 4.2705727 -16.403538 2.3759155 39.503574 1.5689676 1.1842164904963648 
Car -1 -1 0 424.23102143370846 183.58540146661812 450.1304444494476 199.83139497807863 1.4642313 1.5828068 4.1695967 -16.662504 2.5351148 69.903145 1.5525031 0.3085329532623291 
Car -1 -1 0 603.8272816488992 181.71802112264533 620.113467620868 196.81527177480532 1.5150824 1.6841842 3.709782 0.27398103 2.477394 76.46693 1.5841604 0.28730159997940063 
Car -1 -1 0 663.9886504187232 183.11080846613874 713.1985581234749 222.94607105273337 1.4484252 1.6104014 4.131062 3.1475868 1.8956301 29.38236 1.5856538 0.5368861203098289 

