Car -1 -1 0 821.9396420287136 180.77470255528257 1055.3654816201388 317.4251406454325 1.4824402 1.5953548 3.3302474 4.1527276 1.6071968 9.693029 1.5624833 115.8366441356856 
Car -1 -1 0 489.23842997130384 174.9618060250896 549.425359832906 221.06044546111644 1.3884354 1.5651747 3.749621 -2.8962445 1.4634397 23.789787 1.5568836 21.327891584468393 
Car -1 -1 0 7.076319788064502 175.66029938112933 158.59222144894412 232.19292284060958 1.4730074 1.5990264 3.815833 -15.056117 1.5617155 20.898958 1.5723009 62.276829956127735 
Car -1 -1 0 760.0478495055573 178.8315086646015 896.9215679528554 265.43509440180253 1.4488504 1.537921 3.3803797 4.0970035 1.5792305 14.022945 1.5371615 86.38122279751752 
Car -1 -1 0 149.16324316904686 172.9562935091175 263.0149178843972 215.92629368907194 1.5000725 1.66985 4.4245834 -15.181627 1.5042844 27.454834 1.6265583 43.2004032187518 
Car -1 -1 0 725.1856708228775 174.55560300520716 808.8157921135689 235.58620780898238 1.4798048 1.5970778 3.5026307 4.12422 1.5296886 19.37339 1.6070514 35.01717085888477 
Car -1 -1 0 247.54298007320642 171.85584257918984 324.14364094144986 206.17742422739363 1.484014 1.581712 4.084906 -14.818466 1.440855 33.26739 1.6062127 13.036410366067646 
Car -1 -1 0 513.6926259323731 169.07568166307948 565.2952076966885 209.29910039024276 1.5663786 1.6318424 3.9548645 -2.8536654 1.4192433 30.103956 1.6072648 21.161299310599603 
Car -1 -1 0 662.4271715305568 166.8469022586251 703.7542517490252 197.39945166760907 1.655728 1.7281897 4.0464005 4.139315 1.3301864 41.171402 1.5136403 29.81106168986567 
Car -1 -1 0 279.4254400358908 154.04760539369516 477.8312820902295 298.6160914832217 1.7517309 1.657202 4.097046 -3.172216 1.5238545 10.79161 1.5705049 115.83092163603713 
Car -1 -1 0 423.6584935109648 154.78428982604024 532.69764813864 243.47004052034083 1.8911668 1.7554293 4.6758823 -3.0544882 1.5058417 17.738892 1.587842 46.498972553538344 
Car -1 -1 0 811.7802079086006 171.66740437465202 910.3228298196962 205.40572315587934 1.5903575 1.6444948 4.1898017 12.112926 1.5344236 34.90027 -0.03178592 12.84107921534139 
Car -1 -1 0 695.0330759382108 174.3124347523779 760.6241362386478 218.12201372731724 1.3976161 1.5930353 3.9961512 4.033355 1.4525237 25.158426 1.5603323 18.147859362590005 
Car -1 -1 0 647.8808808441177 170.84714505284882 667.4678227604504 187.48484306521928 1.4919555 1.5591947 3.6054006 4.4104743 1.3119941 66.50658 1.5691456 1.8576757113875257 
Car -1 -1 0 774.630094557969 169.00879816161074 846.229863793663 193.99639041180362 1.5115345 1.6224741 3.9493277 12.40252 1.2789326 44.657906 -0.103590146 1.823951284433695 

