Car -1 -1 0 281.2658373434146 182.72301033501947 386.27243990178346 238.11995801377975 1.53529 1.6914718 4.09523 -8.564556 1.875267 22.793976 1.5884796 109.54260382134008 
Car -1 -1 0 720.6287607242328 188.79043195613426 893.2945032442976 304.7064120172537 1.4838603 1.60988 4.0869102 3.006874 1.7917616 11.872812 1.5393801 120.63459748156309 
Car -1 -1 0 696.7812752073904 183.0169811064719 784.0965202607437 255.37384206829773 1.5396298 1.5635488 3.2844634 3.0690656 1.8090098 17.471361 1.5857323 69.6735267705629 
Car -1 -1 0 365.4750033167223 182.5689484181913 439.5395655829708 226.0587924798014 1.5232878 1.6247628 4.052846 -8.00107 1.9311302 28.23994 1.6021357 35.67192775703451 
Car -1 -1 0 668.7243831460338 184.9085735884242 738.041793242537 238.6672339857441 1.4707522 1.5426847 3.2568595 2.8048828 1.8687668 22.155802 1.5167251 24.795913267032766 
Car -1 -1 0 651.9471560258863 183.1013567937479 707.0559887412556 225.41896298816215 1.429743 1.5962425 3.8786383 2.5723603 1.8452077 27.291077 1.5404203 10.699230421860925 
Car -1 -1 0 647.7895061840153 179.10046803039737 689.1158569598949 211.5347959571986 1.5934039 1.6554949 4.1128016 3.0727663 1.943573 38.351616 1.518445 5.214004755939186 
Car -1 -1 0 407.0332362129817 184.6839111426041 464.42896814092575 218.7199442270273 1.4395899 1.6029918 3.6638775 -8.048148 2.0229053 33.700603 1.6317643 7.229961927002109 
Car -1 -1 0 490.42583370745444 181.25097549117265 518.0329079597255 203.94942634441287 1.5934238 1.6128494 3.9465914 -7.863303 2.2465868 54.127483 1.539294 1.406551774333096 

