Car -1 -1 0 339.72554875161376 194.42244335361548 442.78052628635595 263.8190641359005 1.426732 1.5924354 3.6673295 -5.2715173 2.016593 17.86427 1.5244416 60.75570548873472 
Car -1 -1 0 440.3183101567644 187.79302442880993 500.5804887703725 230.76423956128596 1.503499 1.6329352 4.0098424 -5.4396605 2.1382396 28.649418 1.5672159 35.57493431481251 
Car -1 -1 0 228.90452859847744 187.23755206275942 340.4322525654142 235.73681932769034 1.4271386 1.5626498 3.622436 -10.728834 1.9331486 23.782555 0.5396718 28.879571829652285 
Car -1 -1 0 383.9814472386048 189.84714577679105 455.0070161573692 244.14508440380246 1.4633087 1.5990186 3.751598 -5.86097 2.0417957 22.613949 1.4663773 14.106158311556591 
Car -1 -1 0 0.0 187.77293049559955 141.57074989890765 231.814064229189 1.4861326 1.6261096 4.1493793 -19.3442 2.0390904 25.848528 0.039659806 27.19572265025547 
Car -1 -1 0 0.0 175.5277185666193 128.07234624917797 237.68610855767986 1.6740432 1.6577239 3.9651139 -16.487764 1.7617942 21.644188 1.499444 5.218978412898809 
Car -1 -1 0 161.34968753200266 188.7210062472178 294.6958839508623 243.4122709054493 1.4629807 1.5724547 3.6780367 -11.419928 1.9697949 21.595144 0.40829653 1.138014999708633 
Car -1 -1 0 390.4983387609843 175.40514335445351 447.22173341329113 203.53543148979082 1.6901488 1.6181794 3.5961263 -12.023003 1.8569245 45.419277 0.6689781 0.29347994923591614 
Car -1 -1 0 54.80052561992127 189.68402496795878 193.25750157746376 244.33680651815797 1.428322 1.6098852 4.053639 -14.719819 1.9931481 22.166914 1.5430812 0.2840697572144723 

