Car -1 -1 0 676.0349025792837 170.72178656779187 801.7812132881827 267.7523253664083 1.6063553 1.6670523 3.5707211 2.3119535 1.5710561 13.752901 1.5431306 96.37100903349142 
Car -1 -1 0 384.6933953763658 182.90386885943616 523.7564040173775 231.72533008924592 1.4436429 1.6129833 4.2160916 -5.106426 1.8030934 23.953035 -0.5985026 75.97540780840787 
Car -1 -1 0 31.645596340809533 204.347646727087 388.34133561076294 375.0 1.4715264 1.6460977 4.140618 -4.344141 1.885199 7.614682 0.6117769 145.49807355280444 
Car -1 -1 0 262.1992557486022 191.33547263866654 471.7247214307396 280.1527871662911 1.3941371 1.5783112 3.9027524 -4.64089 1.7869573 13.67633 0.52414024 59.81208196794833 
Car -1 -1 0 152.57141056818548 193.57464029333903 360.50130816324753 305.180619874975 1.4422524 1.5255789 3.2740734 -5.638562 1.8152261 11.442822 0.59033966 20.051199883152258 
Car -1 -1 0 78.66619143674355 208.22024685171687 217.76875325811199 278.65336523754826 1.4504752 1.5461355 3.562784 -11.685703 2.4502897 18.554373 1.4807062 24.625357956167544 
Car -1 -1 0 603.4150801217926 175.98057666569767 636.9864716840789 198.45090932183575 1.476163 1.6504391 3.9351506 0.69623804 1.7020602 50.055058 1.4054306 3.272769524861982 
Car -1 -1 0 633.3338054321148 164.68210591721993 683.7984511492052 217.58906115184502 1.8640097 1.6610773 3.797851 1.7892294 1.5760987 27.321857 1.573 39.46891650259711 
Car -1 -1 0 391.4630316375215 186.9271333581326 428.3169281876436 213.87866566576713 1.6023104 1.6196944 3.7775338 -12.922244 2.554572 46.876293 1.4918835 8.494378786065273 
Car -1 -1 0 688.8857977414174 168.4557157339964 779.1420492516668 203.8909234233549 1.5635866 1.6165409 3.7378695 5.673219 1.3695111 33.03085 -0.21768788 0.26547253131866455 

