Car -1 -1 0 685.6916620027914 181.31209889911378 785.150478143369 266.13931731930404 1.5988936 1.6531551 3.7202332 2.6370356 1.8069596 15.862962 1.6040859 108.68879098593419 
Car -1 -1 0 805.2901534729708 193.85792680434545 1176.8701368258041 375.0 1.4487681 1.5361615 3.3071985 3.022697 1.687046 6.511093 1.5429356 84.81456310639662 
Car -1 -1 0 210.99785849710102 175.76539610314342 300.38439780845414 220.7219603106992 1.6354156 1.6540973 3.6816525 -13.78773 1.7572693 28.343758 1.5889757 68.68018950251326 
Car -1 -1 0 581.4599243960945 175.5825564011948 643.2347026621011 235.62826590469788 1.6804125 1.745896 4.0069666 0.11191331 1.7727278 22.393932 1.5876448 37.96294038035243 
Car -1 -1 0 94.45550962216649 181.25758280917182 223.91627252331622 233.49827315241848 1.4652687 1.6220481 3.922072 -14.081291 1.7542127 22.840176 1.5804553 31.601154260510526 
Car -1 -1 0 321.2378621495958 177.41322604351913 387.7629588264858 208.5874945281337 1.5427856 1.7390628 4.404203 -13.556509 1.8011442 38.62831 1.6432221 24.28463016818689 
Car -1 -1 0 654.1546740391568 178.5348984522365 696.7965783754252 219.77654265047022 1.6517625 1.6926789 3.9457293 2.8150804 1.9153512 31.465746 1.6211865 35.54101974391758 
Car -1 -1 0 676.8114764954704 185.58405391739757 744.2212542926837 239.07078940395434 1.4195247 1.5508147 3.4355521 2.9540997 1.8324734 21.686806 1.5724798 3.5601786930015398 
Car -1 -1 0 403.4547770323848 177.75115294552333 437.4924970982023 198.96759984282934 1.487774 1.5987757 4.057988 -13.998621 1.8655405 53.602863 1.5345675 1.319292506109987 
Car -1 -1 0 464.51914853915315 179.47734480216462 486.8410615953547 194.26008581964328 1.4558367 1.5799435 3.9636579 -13.851357 2.1608086 74.81667 1.5705739 0.3789793848991394 
Car -1 -1 0 633.2975007332415 182.290617233814 669.0243767163079 208.63326258915222 1.493551 1.5932255 3.7565222 2.5078177 2.0979538 44.26083 1.4635831 0.2902239263057709 

