Car -1 -1 0 422.3423606979778 188.87323409491782 490.6727862506468 235.92796871496432 1.4222442 1.6152889 4.093711 -5.264653 2.029363 25.28041 1.5471044 47.575118278292976 
Car -1 -1 0 32.38831162857233 200.84804759594172 329.8371642247768 352.8231162534924 1.4556248 1.64182 4.176607 -5.382434 1.9175142 9.796406 1.5451751 147.78148531990394 
Car -1 -1 0 289.7513466215415 194.56644276218967 430.1204443573757 278.40401921591535 1.4608353 1.5892102 3.8569407 -5.189323 1.9870398 15.534973 1.6010313 107.97526893591464 
Car -1 -1 0 793.5335427380053 182.16769378615524 1015.0691165269149 267.5950107572719 1.4789541 1.5761406 3.6494603 5.574993 1.6714457 13.821007 -0.17362362 106.70136722229407 
Car -1 -1 0 751.5165094582708 177.79351390375754 937.3766567983436 250.924346043834 1.5599141 1.6054282 3.693047 5.260994 1.6786839 16.431955 -0.06296286 50.402396630079814 
Car -1 -1 0 668.3387610389011 177.069193374427 759.647787743807 208.25762123789767 1.4847045 1.6636893 4.274171 5.077967 1.6970748 35.469788 0.023970908 34.942951663851794 
Car -1 -1 0 456.96253847633517 185.41113688879196 508.7902530018323 222.32672012765957 1.4253604 1.5808773 3.7633 -5.3797026 1.9981172 31.026241 1.5670676 13.67617330499404 
Car -1 -1 0 659.30235795037 178.33754916428367 730.1450155311855 203.99410448763433 1.4611105 1.5974125 3.9208767 4.9658976 1.7898593 42.36491 -0.04840535 7.612476659799652 
Car -1 -1 0 681.3522299490941 182.34177711099795 813.9089376159942 229.76705253656394 1.4767175 1.5967087 4.017431 4.472554 1.8002021 23.711765 -0.045548998 17.8472393042921 
Car -1 -1 0 714.893739500963 181.20963000059072 863.7135895012987 236.3955395094571 1.5106075 1.6020561 3.8893232 5.1384535 1.7632277 20.918375 -0.0495009 1.3917900633339049 
Car -1 -1 0 495.25906395190185 182.64739972562455 533.6820945210594 210.61083851210486 1.4530197 1.608362 3.7783566 -5.3174963 2.0316513 40.728165 1.5884255 0.8243257359110531 
Car -1 -1 0 641.6137339912805 177.75578135974536 680.5675567192159 201.0119940398827 1.4833235 1.6262851 4.0749288 3.4560292 1.8314462 49.086746 1.3752255 0.6000164510808887 

