Car -1 -1 0 718.1133535236528 185.50896035266462 936.1632707952849 320.38404163537683 1.5215006 1.6343793 4.1996174 2.926546 1.7474265 10.713864 1.4762518 110.37292344320714 
Car -1 -1 0 15.47010205223241 167.5632524853861 342.31363417520464 287.05721592852024 1.6733017 1.6613224 3.9927862 -6.398966 1.5992141 11.098044 -0.08345418 52.96482728460145 
Car -1 -1 0 0.0 181.79066993289734 307.58361710279667 329.7420325519111 1.465977 1.6068145 4.061585 -5.830308 1.5814455 8.29799 -0.111729085 81.67547020437314 
Car -1 -1 0 251.29204392403912 174.74522264399062 423.7939222933411 234.85732200240574 1.4755459 1.5947438 3.8902638 -6.939254 1.5270107 18.702398 -0.07052114 24.478775807791923 
Car -1 -1 0 508.07214228410254 170.26821855036087 546.7854532619791 195.1026083800306 1.5203515 1.705674 3.8160295 -5.3060274 1.3620508 46.25249 1.2468607 30.609027499891944 
Car -1 -1 0 144.8134926036195 171.83753458801806 378.5910221916077 259.98925874312675 1.5756409 1.6170309 3.7083206 -6.52269 1.5574723 13.849794 -0.079319395 28.467217450568977 
Car -1 -1 0 601.6736241806025 170.96877176408478 635.2267368105737 197.0756863244768 1.5161202 1.6132742 3.9644587 0.4976025 1.4066381 43.9545 1.4717643 12.630052169148799 
Car -1 -1 0 614.4142841730684 162.91272358707997 658.9271432694659 203.80931328253573 1.9703898 1.8041931 4.523056 1.3258142 1.4914209 37.08381 1.4992077 43.66809966856319 
Car -1 -1 0 359.2512530237706 167.3153529343874 465.04113509098454 213.13964962223594 1.6637523 1.6211187 3.5763485 -7.3506956 1.4626594 27.111565 -0.0589734 11.70346576986744 
Car -1 -1 0 286.57609323204736 174.19554269328603 431.93695972242057 227.73219921414463 1.4959304 1.6007996 3.8112617 -7.2727327 1.5374471 21.271896 -0.13948064 7.048309313414895 
Car -1 -1 0 322.74491678076 167.80355431587049 449.204261654325 217.64223863173004 1.5930136 1.6216141 3.7743716 -7.3656225 1.4315841 24.048641 -0.09482273 8.024696166393316 
Car -1 -1 0 466.9396133166515 171.2537934664029 510.9609296838482 200.67700799485232 1.4832143 1.6176642 4.004523 -6.355804 1.4025482 38.386467 1.5855745 1.4522140368177037 

