Car -1 -1 0 696.2985265796575 179.43116068437632 825.4567244065628 278.3236700069768 1.5476897 1.6178168 3.3069553 2.6173353 1.6830246 13.180309 1.5545217 105.37345851115928 
Car -1 -1 0 668.368285842615 178.33565549496726 755.5706889010515 246.6164602174282 1.5211935 1.6100881 3.839203 2.4846866 1.6750371 18.317581 1.5544314 64.23401566602536 
Car -1 -1 0 0.0 182.35993796848499 352.7901219885742 334.3960511781655 1.5074673 1.6315815 4.0910654 -5.5744066 1.6518862 9.17011 -0.5709414 141.27589449709407 
Car -1 -1 0 224.81525383237363 180.51308763610496 442.10964524233856 262.0158687766289 1.4480846 1.5894599 3.9775548 -5.6187277 1.6226491 14.788181 -0.5044589 114.72980210020036 
Car -1 -1 0 651.2464233336543 172.37553538082784 712.488619384136 225.89331695343938 1.6482611 1.6827744 4.3823457 2.3541262 1.633525 24.422974 1.5823891 44.26374790948694 
Car -1 -1 0 347.71850706391996 169.8044338629817 497.94745367284 236.18157452894198 1.7313147 1.6466513 3.8149495 -5.2846136 1.6517727 20.592226 -0.6144062 64.75958094373915 
Car -1 -1 0 435.4883869653297 171.05790856392926 529.4246769914934 209.0475592823216 1.6804615 1.6506948 3.9886994 -5.907933 1.6010118 33.66388 -0.55063945 10.85087348841431 
Car -1 -1 0 374.1280756250941 178.1584107958564 516.2436772558522 228.5587285843089 1.4879347 1.6643603 4.2011843 -5.3153877 1.6742723 23.516727 -0.5668886 2.0963153805519275 
Car -1 -1 0 640.3580257449684 177.46180377635616 679.8228021946762 210.94506579238188 1.4721618 1.5478133 3.456052 2.3305655 1.7000821 33.94693 1.5507057 0.9183125121498119 
Car -1 -1 0 473.3238784798924 178.61434736622823 545.1443845754856 206.83912080955002 1.4708868 1.5739803 3.613246 -5.5357876 1.8030002 39.93992 -0.59128034 0.8165485613270936 

