Car -1 -1 0 97.70595654184358 195.38229046371433 346.10222955147276 330.4707674811227 1.4280868 1.5895238 3.6348944 -5.0982237 1.800113 10.077919 1.5449691 91.93789353889485 
Car -1 -1 0 379.27166529612725 184.8817109960106 470.5744507097278 244.4301778521149 1.4912413 1.6159432 3.929428 -5.2067127 1.8713112 20.832186 1.5749645 69.56311402653496 
Car -1 -1 0 259.716275422287 188.03176523952786 396.628271116735 274.81723809445026 1.4539797 1.6078093 4.02271 -5.6121545 1.8111117 14.896994 1.4721463 63.378144680117245 
Car -1 -1 0 0.0 179.65451451847827 143.51247200121867 275.05311569403233 1.518789 1.5927596 3.7618968 -10.466138 1.6607319 13.392587 0.5546844 90.74545154031746 
Car -1 -1 0 69.10274893978628 180.97199741830624 214.86144249145232 256.4515445693715 1.4693216 1.5321467 3.3782005 -10.386275 1.6669497 15.976517 0.60304624 56.9416479642136 
Car -1 -1 0 183.27642069016193 178.45727336857192 315.1165479163746 234.92879947694396 1.5019972 1.6668758 4.2876015 -10.778407 1.6836578 21.481441 0.6099208 24.591885014014636 
Car -1 -1 0 129.0388160876518 179.02339393800963 273.36861645210723 243.44430519397517 1.4688312 1.6007198 3.8950877 -10.51585 1.6419113 18.51263 0.57421714 18.780822195887875 
Car -1 -1 0 416.2020593178655 180.4891792365957 486.3560067586983 229.17669428350837 1.5438097 1.687605 4.344241 -5.5456796 1.8397537 25.767965 1.5371447 9.196589212889656 
Car -1 -1 0 348.3475072687875 169.06226296263029 422.2446295645962 200.97592185676243 1.5879829 1.6305894 3.8605778 -11.726282 1.3993107 37.660572 0.59556794 16.205637932914048 
Car -1 -1 0 307.2100242180899 180.37447230254725 405.2727204591394 217.96606755625442 1.4445069 1.5905389 3.8209186 -10.657533 1.7848804 30.602253 2.0861542 10.438113505502747 
Car -1 -1 0 276.7975689628196 175.57525398644387 368.45314464104644 219.21212045644492 1.5271533 1.6170392 3.8248622 -10.909704 1.6372344 27.33529 0.702401 2.008114579308485 

