Car -1 -1 0 479.4172220095036 180.69120965544295 537.5847071589377 224.885594922286 1.4774532 1.6259158 4.0528336 -3.6821113 1.7914302 26.874405 1.5637395 59.80023796607682 
Car -1 -1 0 692.2836953938775 183.23464199152812 836.2250524957434 279.8867109800662 1.4671247 1.643673 4.3044057 2.7049632 1.6942132 13.60282 1.5330945 127.58944406373048 
Car -1 -1 0 2.8378808075599844 194.05188984898618 389.6116443306482 375.0 1.4028609 1.64679 3.9592416 -3.548806 1.671252 7.132256 1.5409734 66.96615468831627 
Car -1 -1 0 756.8158706229448 176.17113523598547 849.8863517382957 213.62190641515608 1.5361176 1.5665903 3.5933237 8.179663 1.6813598 30.675358 0.076042965 50.984033566046946 
Car -1 -1 0 674.5604241696037 179.95883817286557 741.3452055998175 234.44368215999532 1.4475651 1.5724081 3.5961804 2.8422372 1.6767399 21.45873 1.5932972 37.817095179279654 
Car -1 -1 0 354.969609035158 171.91061191419993 493.372210784107 269.58095549572073 1.7495204 1.7008166 4.256419 -3.6710477 1.7326219 15.073853 1.5964277 124.7163727172503 
Car -1 -1 0 649.7101878561564 178.06761123959063 677.9046263922788 204.6926045905067 1.4791048 1.5967205 4.1651835 3.2304654 1.8056314 43.054775 1.6432366 7.074131321186813 
Car -1 -1 0 505.82439015462677 181.18690171203588 553.7549371357184 216.32665717006876 1.4246726 1.6248839 3.969438 -3.4948092 1.8196801 32.20274 1.5908152 2.377681511104424 
Car -1 -1 0 552.2464969792907 178.9532265947901 591.8671775506801 202.27185439063805 1.5026078 1.6141605 4.1534624 -2.5412345 1.9427325 49.85826 1.8087671 0.6658264936500174 

