Car -1 -1 0 377.5776022229708 180.18033747913165 496.185683872898 272.34676811972923 1.6184304 1.6486323 3.8543231 -3.413459 1.7899027 14.934102 1.5376297 127.59354933679222 
Car -1 -1 0 778.4436702721082 177.32974018199496 1097.558852285797 297.4287645674137 1.5505221 1.6065984 3.7904613 4.4678073 1.6192298 10.227511 0.024199557 124.98930159706674 
Car -1 -1 0 519.2401678431028 176.27351551066153 559.4793136132093 213.25128535523302 1.6522417 1.629771 4.1776695 -3.3209147 1.8268621 34.737816 1.5463271 15.91729917725037 
Car -1 -1 0 676.2080807435256 173.03432105503612 790.3593791631616 216.90173259557804 1.5200257 1.5929831 3.7624135 4.412095 1.5267723 26.002983 -0.10720537 24.914950535189977 
Car -1 -1 0 722.7124627616178 152.05728592714937 980.1980285748017 270.9731153631724 1.996307 1.7045267 4.068989 4.2262335 1.6471808 13.026632 -0.030431634 113.2237790549414 
Car -1 -1 0 479.55057389306177 170.7661373277432 536.6539271086062 228.26713812120212 1.8633964 1.6000894 3.9732285 -3.4915986 1.7957363 25.398855 1.5315632 64.28303915059088 
Car -1 -1 0 534.2473685105829 179.77077656362698 579.7518241501147 205.00953027838727 1.4417493 1.5770671 3.8352406 -3.1833508 1.8871839 44.40648 1.8469664 7.44247419523124 
Car -1 -1 0 741.8289304097528 164.18974304201 935.355119118688 253.3397863926139 1.8378384 1.658046 3.6919456 4.9183435 1.6592237 15.802181 -0.05408304 2.6632159525862575 
Car -1 -1 0 669.0320632885866 174.91390342664556 772.3109270927413 214.7604005695027 1.5234334 1.5998484 3.7719667 4.377829 1.6082435 28.698788 -0.11345994 0.9095831636776688 

