Car -1 -1 0 666.5966796873612 176.74337448910202 811.6452530888887 273.81580319921375 1.4986819 1.6355035 3.7565057 2.2002892 1.580642 13.250565 1.4647087 71.37494943436566 
Car -1 -1 0 630.2115097102226 173.36036153649394 718.3741965279814 240.8071559907896 1.5231118 1.6136162 3.854282 1.5287983 1.5373509 18.306953 1.4943814 69.01467412871914 
Car -1 -1 0 0.0 158.9462611041538 321.636271563317 315.14968311560415 1.621778 1.6058013 3.5925155 -5.7004204 1.4773812 9.127155 -0.5612788 140.5098468071109 
Car -1 -1 0 141.50449095400734 175.73439034582955 398.1286761347159 280.54621585161226 1.5001249 1.603626 3.6942694 -5.6413736 1.5553241 12.124037 -0.5987243 33.57855391852196 
Car -1 -1 0 610.6923303223939 171.31486588173414 686.4355259292031 221.7706639385005 1.5260355 1.6428548 3.9809713 1.198116 1.4794843 23.92658 1.394556 36.142010054818684 
Car -1 -1 0 257.7023923254657 171.73938443312457 441.42700257715774 242.7151973584546 1.5346619 1.6121829 3.8633428 -6.210861 1.5105612 17.4475 -0.6848077 37.221116140217994 
Car -1 -1 0 546.4350802302044 163.37197841924012 586.7711697717765 200.5543252209328 1.7591494 1.7251084 4.337522 -2.2239873 1.3105414 36.399895 1.4396667 19.11980174485806 
Car -1 -1 0 515.3610107427202 173.76335475587115 546.9400937340521 190.061568223051 1.520118 1.6646318 4.1619267 -7.614991 1.6108718 69.77804 1.0989211 3.5919118744531238 
Car -1 -1 0 448.26575704023105 172.03076471640927 474.8866815821917 191.5137302253997 1.4286673 1.5997379 3.6949573 -11.209047 1.3683 54.825523 1.4744602 0.5921657121664076 

