Car -1 -1 0 428.51605408870734 181.20652453072773 520.4156470492793 249.49584600451672 1.4799621 1.620264 3.5573277 -3.2294621 1.7072724 17.854652 1.5670455 89.5743202987527 
Car -1 -1 0 738.3707775343324 184.26833729657525 992.513369591794 352.39853474402594 1.4447161 1.5869724 3.9252093 2.6441238 1.6091808 8.431596 1.5735242 103.16728030162422 
Car -1 -1 0 684.2516810718267 176.8351193801471 813.5076208104263 271.74811551226657 1.51504 1.6075186 3.6713724 2.4513497 1.5999844 13.534456 1.5382506 91.96904610375351 
Car -1 -1 0 111.4728707155812 187.54756744810751 359.94465373140736 272.3761284828527 1.4534014 1.5788076 3.8536072 -6.895692 1.749745 13.618925 -0.0758989 112.66892050704423 
Car -1 -1 0 649.1439577561173 176.9358180188982 708.4588292275638 226.0206714394219 1.4844401 1.587677 3.5814464 2.2220974 1.6299273 23.918873 1.5605861 23.970477783467008 
Car -1 -1 0 289.8576902597503 177.0657815182228 445.2043677900686 232.90773582340756 1.6547227 1.6956491 4.2614565 -7.4197354 1.790707 22.405582 -0.020097394 20.76560883969424 
Car -1 -1 0 194.7122236961834 171.60493261041302 401.4354699893487 254.61408841492425 1.7900813 1.6910129 4.0143247 -6.9981117 1.7631452 16.533947 -0.064994164 83.71590274053352 
Car -1 -1 0 666.3729220318129 177.73350551910042 748.803958221422 243.6958105253867 1.4537461 1.5299296 3.3674755 2.329547 1.5859227 17.849026 1.5543488 32.54109649891142 
Car -1 -1 0 635.6360772042445 173.75412529928627 683.0326406639056 214.34612777603076 1.5646574 1.6282728 3.6375244 1.9917 1.6040345 29.729229 1.5497831 13.54135482081378 
Car -1 -1 0 348.6706427900445 175.98669108321755 467.71726047315195 225.4431340074096 1.6744004 1.6307969 3.7814841 -7.029428 1.7889001 25.458206 -0.05276969 9.284197801283655 

