Car -1 -1 0 269.88094934537 208.98224764917853 480.29010509688663 338.95290231044964 1.4092531 1.5984395 3.7063825 -3.2659314 2.0485644 10.833532 1.6890124 111.90361421208446 
Car -1 -1 0 421.9356577555355 200.88276240132626 537.2303877504328 284.4954662759348 1.4912255 1.5975971 3.7074268 -2.7538993 2.1901803 16.074072 1.6623125 77.36475752856346 
Car -1 -1 0 751.7902163141297 192.30005056442437 878.2834480611072 236.90311545817795 1.5269186 1.6501608 4.161908 7.5024333 2.2689877 26.547592 -0.07892415 37.76493638432205 
Car -1 -1 0 855.726539039118 195.57762250622096 1113.559959642828 285.26747074996416 1.5692357 1.6546681 4.111544 7.090515 2.0357528 13.939951 0.022441568 56.383283210150815 
Car -1 -1 0 925.0010264877913 199.4831873692596 1231.8430205420311 309.54419688330086 1.5199864 1.599184 3.7205637 7.131407 1.9677823 11.260285 0.039855495 34.95753789892259 
Car -1 -1 0 805.4616673111402 195.1615716959333 959.3485386434388 249.4922063569262 1.4995985 1.6067302 3.9834356 8.0635805 2.1925101 21.52719 -0.04135378 27.128943972209555 
Car -1 -1 0 735.2800835198891 192.0589717604307 841.7169112328897 232.1788850774359 1.5212499 1.6273448 3.8656936 7.1526194 2.3181024 29.065958 -0.030419381 20.439340840786937 
Car -1 -1 0 839.6178405116642 197.50721254299552 1048.4345305223276 267.85479124841487 1.4782703 1.6071013 4.0554047 7.5739293 2.0745287 16.603592 0.02171997 21.248546591113918 
Car -1 -1 0 725.1804797461413 189.52732337444408 822.7213867579792 227.46073175180607 1.5550032 1.618426 3.8273377 7.1064324 2.3024523 31.38448 -0.08098765 10.682783178737632 
Car -1 -1 0 644.3135429591395 190.1930453640675 670.773266107537 213.43776265289904 1.6066978 1.6242898 3.9599497 3.6132321 2.973466 54.870575 1.5381987 8.260906087760366 
Car -1 -1 0 511.0333764032745 185.832595093485 562.8661265944445 230.92421159155379 1.7716098 1.7536016 4.3589067 -3.1238096 2.3833838 31.812708 1.5931816 28.42115918252847 
Car -1 -1 0 828.8903097320541 197.04405433216874 996.0299582498607 258.1017017594905 1.4819337 1.5789925 3.755754 7.9187975 2.149897 19.060343 -0.03979595 6.1062544310275335 
Car -1 -1 0 668.9519043106492 191.59273932019673 735.0097664208806 217.93355073446787 1.5900581 1.6461617 3.8952682 5.9060254 2.8214107 46.28628 -0.16238278 2.7725804355037775 
Car -1 -1 0 682.9144613250485 193.30468963027369 759.7502973398222 221.99297097254606 1.5392802 1.6394167 4.05556 6.3988194 2.7469559 41.47213 -0.16245152 1.9984003650608457 
Car -1 -1 0 707.6011770093871 190.73569500485087 789.6406762438487 222.79319728880938 1.5060335 1.5882729 3.7159562 6.9172325 2.4248483 36.054882 -0.1251726 3.468585307873839 
Car -1 -1 0 0.0 201.24558189332552 113.90591087262294 266.57573343137864 1.4365313 1.6327477 3.9061208 -15.457171 2.2928216 19.706694 1.4173461 3.5018634499743686 

