Car -1 -1 0 406.33775916453914 180.11879561638176 463.3974490036486 215.64780398952263 1.5510286 1.667412 3.9563146 -8.230568 1.9166467 34.31466 1.5959008 62.812458526295174 
Car -1 -1 0 707.2089488158758 183.98497493086217 824.6052864901462 264.48194120690334 1.6315734 1.6465524 4.0275297 3.5849147 1.9300302 17.272516 1.4891365 99.3698371131238 
Car -1 -1 0 674.6812303975012 187.80481331254413 746.3840095810596 239.26618733116703 1.4390206 1.5970099 4.053011 3.180285 1.9672257 23.432293 1.5273223 58.79968666083588 
Car -1 -1 0 104.65960580696569 182.3442083690541 295.6617741039672 260.8587013932832 1.4360161 1.6750882 4.2422056 -8.726461 1.672996 15.867087 1.6075366 111.86127650688164 
Car -1 -1 0 241.94705818458246 181.61088220686548 362.88415424610156 241.43105738629006 1.4807916 1.6248647 4.1163826 -8.573024 1.7552593 20.541649 1.5902162 54.650550027326695 
Car -1 -1 0 667.8534663608708 185.83499053422264 717.1319809141529 225.3727095667042 1.4371386 1.5724791 3.4489346 3.2849474 1.9916041 29.090767 1.5653105 15.59468131664205 
Car -1 -1 0 446.96739086835794 182.45996159104067 492.4395797395457 211.69334950440395 1.4759381 1.5978715 3.949225 -7.6437836 2.031839 39.751083 1.6102769 5.040226008960195 
Car -1 -1 0 114.95200134268833 159.29121606446077 243.85885556615798 213.56189642613884 1.7670486 1.6009604 3.390679 -14.481979 1.3254454 24.432774 -0.083796464 23.695196728131698 
Car -1 -1 0 653.9113427623291 185.03015692767931 685.0623655434875 215.16635730912267 1.4683235 1.5805578 3.6234202 3.2038603 2.1503088 38.540867 1.6560209 0.5995911763753731 
Car -1 -1 0 374.84375048515983 178.75425404127566 422.89486975741187 208.00393858034397 1.4557495 1.5804604 4.046167 -11.261294 1.7898743 38.80071 1.5220377 0.8995858067057201 

