Car -1 -1 0 747.6119587563778 190.2996597753313 1022.8088364018611 368.58409499306356 1.4376042 1.6294215 4.1478305 2.777269 1.6889145 8.309993 1.5833673 89.6929692411076 
Car -1 -1 0 677.0377167296584 181.89522270692268 750.4151557057495 241.21537674313166 1.5314345 1.6597228 3.7209163 2.946819 1.8189414 21.071535 1.5862377 90.68428327305975 
Car -1 -1 0 654.0144785678981 182.39585594101572 701.4599985298836 220.6859064205687 1.4631922 1.5993302 4.143133 2.8314342 1.8964391 30.684437 1.5640526 36.853009343736765 
Car -1 -1 0 110.2193059122668 185.83624238973013 435.0072446765366 297.20936244393283 1.4445075 1.6633036 4.4006333 -5.189198 1.6832709 11.5184555 -0.4787303 168.64306277043207 
Car -1 -1 0 252.75435538957353 174.20870596875812 470.7423437959441 270.8562436817991 1.7010169 1.6503954 3.860308 -4.9213557 1.731436 14.474688 -0.5622027 53.40529189733619 
Car -1 -1 0 503.6150419880007 181.6203292197568 570.873228111888 208.75613944231443 1.577675 1.6326632 3.8093786 -4.466528 2.1406245 44.678032 -0.52186626 5.599537397363471 
Car -1 -1 0 469.0837206922065 183.07974218314777 548.8767218355928 214.0807380538951 1.5173416 1.6109428 3.7681127 -5.1993456 2.0655155 37.414845 0.2612825 2.8828933757062596 
Car -1 -1 0 644.145281992311 182.12291284153466 682.8085388488595 214.53288135046307 1.4784791 1.6041548 4.2870646 2.6545367 1.9722576 36.290775 1.5659641 0.6836956399391502 
Car -1 -1 0 367.4030462259244 167.52997161489427 516.9417465024175 232.77906202866453 1.9364644 1.751548 4.381726 -5.3600802 1.7784576 23.227116 -0.4962676 0.5431202687910851 

