Car -1 -1 0 196.0108859288129 180.86010066317212 446.3291152471831 277.46026270768897 1.441931 1.7521222 4.5887547 -5.1305265 1.6204548 13.633265 1.9323107 141.93047002649132 
Car -1 -1 0 568.5062133649622 174.83947306699352 695.6919695988034 216.69758738064013 1.4922426 1.7383667 4.5779414 0.85479 1.5688856 26.836027 0.065320015 79.47406221747165 
Car -1 -1 0 173.08070043064026 180.77190845185518 304.550967914096 220.91416530991515 1.4940946 1.6892033 4.3276463 -14.447807 1.8149005 28.240847 0.06974798 83.15735455811861 
Car -1 -1 0 410.3075572939916 177.42819535859556 454.6063605408586 203.98105318139878 1.4991553 1.7923439 4.4374843 -10.675227 1.7909863 43.77476 1.5230744 9.566082935991549 
Car -1 -1 0 930.960151523406 169.89356607124074 1053.5822772331392 209.8755678754003 1.5430741 1.6498157 3.9971359 15.183058 1.4288183 28.773443 0.0512766 72.51872250280262 
Car -1 -1 0 660.4097409875808 168.2378852282069 763.7248398448868 210.4084894643952 1.6905363 1.6969936 4.132905 4.2055063 1.5054852 29.969433 0.09688373 58.520286772191184 
Car -1 -1 0 1091.2864825524118 169.51849441737986 1199.5005997587264 203.4992078877272 1.5042484 1.5914905 3.6633775 24.537382 1.356593 33.16488 0.24992496 18.769348554786617 
Car -1 -1 0 589.2294789021978 176.18731106941078 617.9539616605456 195.6778948748468 1.4581821 1.578294 3.9823797 -0.5058318 1.7303183 56.80422 1.3837507 3.6551028293357795 
Car -1 -1 0 265.55999139021856 178.24023606150368 337.7281544398732 204.06318259111788 1.6041703 1.6910439 4.3619685 -20.457838 1.9807763 48.12219 2.0391052 4.944581591983343 

