Car -1 -1 0 758.4332306656769 177.35634566651117 978.1544727102075 329.46506165531054 1.6162591 1.6912457 3.9103708 3.2006786 1.689591 9.768166 1.6061969 112.48538390324525 
Car -1 -1 0 123.47577833691433 140.43751798100828 240.0701031823935 194.17491645814385 1.5393811 1.5542734 3.4321113 -13.139471 0.61076665 22.39463 1.5827168 75.28960667482666 
Car -1 -1 0 209.64293950471173 142.9551308682929 310.3976092494285 187.3276629768169 1.5146002 1.6358176 4.213802 -12.812273 0.49404 26.74939 1.5879416 58.652212628190725 
Car -1 -1 0 703.1546481789273 171.14988278102138 783.8253475526803 228.50628844300712 1.3946295 1.588617 3.9097812 3.5136597 1.3531935 19.526432 1.6066897 69.33818373343657 
Car -1 -1 0 734.6751300669147 176.2964523131787 845.2733659583181 257.7148295731957 1.4270123 1.5516398 3.412539 3.502111 1.5047288 14.541746 1.6277103 51.19482201945371 
Car -1 -1 0 618.8521975163478 153.95158071387448 676.9267573010428 207.98127321028792 1.651514 1.7757427 4.119235 1.2579559 1.0737277 24.149925 1.6124908 33.49522287148767 
Car -1 -1 0 303.1993648511606 146.3799128962111 373.6169814564029 180.19607383719733 1.4808396 1.6160917 4.1204205 -12.559404 0.32151574 33.684402 1.6063446 16.348876063448365 
Car -1 -1 0 689.6441996058874 160.46011721454138 733.229974995973 195.16428419130565 1.4232174 1.5903201 3.7993424 4.3938413 0.9149443 31.534859 1.6317874 21.77375989993523 
Car -1 -1 0 671.7777241639834 155.42560751778123 699.6834932029545 181.9538405263198 1.5989048 1.6429557 3.8925755 4.841335 0.5484637 45.526485 1.703906 13.020522877667892 
Car -1 -1 0 696.5689608120206 166.26700341524307 761.0715234317362 210.4376120080913 1.3590602 1.591775 3.9113731 3.9072747 1.1563885 24.172598 1.5918614 6.856667774728705 

