Car -1 -1 0 689.8620654131829 177.77951780392272 760.4634038750166 230.0901005697641 1.4522765 1.6018137 4.1440554 3.5043669 1.6201639 22.509071 1.587001 50.36149704744371 
Car -1 -1 0 808.1467026310601 185.56993186124865 1141.6075975637034 375.0 1.4356763 1.5879886 3.5426965 3.1828642 1.5926099 7.1069994 1.6055317 86.80173076163666 
Car -1 -1 0 716.3102809011848 179.68298453200273 821.5060306308469 250.7756090800326 1.4168115 1.5817854 4.162416 3.5734975 1.5962611 16.870686 1.5816147 55.91076079300832 
Car -1 -1 0 751.6884370184781 175.0243504945018 912.5309934157824 283.5919120276972 1.5705204 1.5942849 3.508274 3.593458 1.612777 12.278366 1.550498 86.45294658383857 
Car -1 -1 0 673.6130837869824 177.97996892731283 724.6998911361397 219.3895687351111 1.4735653 1.5627377 3.3790135 3.3906815 1.683008 27.7883 1.5754495 30.514805357859043 
Car -1 -1 0 601.1674874693451 172.28853718784111 628.0480356017835 197.4768809351119 1.6554129 1.721383 3.499094 0.37619454 1.6182497 49.20235 1.6099417 11.978216388827404 
Car -1 -1 0 644.6155545335083 174.48020031372843 674.9823585860048 196.21006478030498 1.4768802 1.5878559 3.823916 3.533718 1.5969589 51.306637 1.4867468 5.337849655461607 
Car -1 -1 0 448.2456955040724 181.28142104813074 474.7341145374548 198.1777094152193 1.4913135 1.6446762 3.793315 -13.817218 2.3019953 67.49933 1.5867599 3.8405896017588876 
Car -1 -1 0 418.41465909718363 179.12498509840273 444.0840253154262 196.5352441272635 1.6240299 1.6254575 3.7501864 -17.400715 2.253559 70.54831 1.5581937 1.648541142376946 
Car -1 -1 0 662.1437010972509 175.78678289370833 704.879409069572 210.56336513278958 1.5082064 1.6175532 4.0477586 3.390387 1.653306 33.666416 1.5806633 1.0822690706978433 

