Car -1 -1 0 300.7008293481345 181.0610051880076 398.11028295076375 232.91711599737405 1.536889 1.7137994 4.0414457 -8.543684 1.8338782 24.070433 1.5940094 86.91783530091016 
Car -1 -1 0 711.3041070721891 189.12780985042443 861.6833153593668 290.3558874909006 1.4695611 1.6109841 4.04598 3.0269818 1.8133588 13.189141 1.5302985 121.4962301241333 
Car -1 -1 0 689.0368683575583 184.410183178509 769.2150292486335 250.6928313649908 1.5221373 1.5577118 3.3301992 3.0261571 1.8503242 18.821484 1.5766748 54.48039965319178 
Car -1 -1 0 801.6269452019491 182.76648826480454 1228.638510681614 375.0 1.6258721 1.646424 4.0809927 3.4456084 1.753195 7.155654 1.4711261 98.75085265756078 
Car -1 -1 0 665.8974888249737 185.7532686631618 731.7292254319085 236.1489871570054 1.4544489 1.5659087 3.3396833 2.8209472 1.9033968 23.405237 1.5202498 22.361591620371858 
Car -1 -1 0 379.64466834242364 183.89925557316934 448.71518501451203 223.62912041577445 1.4547799 1.6094766 4.055425 -7.9244843 1.9396353 29.61829 1.6065489 24.261050716523215 
Car -1 -1 0 651.9986919890239 183.8135665757396 703.4388463593974 224.48856501402105 1.4437689 1.597022 3.7392964 2.6277778 1.9055765 28.516062 1.5475942 9.091398231070155 
Car -1 -1 0 416.1077046239317 184.1132091013115 471.1962867094658 216.55124001393105 1.4254055 1.5952666 3.7827663 -7.974766 2.0015976 34.987816 1.6325822 5.736212579962806 
Car -1 -1 0 445.9023496518374 183.20779253300418 489.2486637426575 212.3144943455753 1.4882786 1.6037024 3.9028182 -7.8622303 2.0940108 40.250782 1.5837774 3.692187064300596 
Car -1 -1 0 647.6918557061587 178.04488412534633 687.908702821677 212.0719579075805 1.739063 1.7052917 4.337673 3.148869 2.0408435 39.74777 1.5323226 3.119345606898396 
Car -1 -1 0 516.1225341951643 181.78780221050624 540.2678207176176 199.24972757581816 1.4898126 1.6128864 4.120146 -7.383379 2.3300552 65.77757 1.6024666 1.4784253782295869 
Car -1 -1 0 502.4479854993764 181.00608420167728 530.3149330139426 202.68938782458062 1.5602813 1.6002539 3.9727473 -7.117293 2.2088218 55.410072 1.5779108 0.5216382928944906 

