Car -1 -1 0 713.6929906921938 187.21460588025425 895.9410263446323 320.0006444730671 1.4417604 1.5756464 3.3900423 2.4647639 1.6725357 9.898228 1.5684031 82.22135164816191 
Car -1 -1 0 484.87484470790014 186.32179482789533 538.0763279321815 229.72787800891962 1.4639056 1.5760486 3.9094796 -3.6694486 2.0145164 27.528214 1.5498813 51.331803162373035 
Car -1 -1 0 229.48970717869796 193.4438857545025 439.78595465398024 335.59488005434525 1.4619342 1.6352496 4.2411704 -3.579002 1.8157567 10.22478 1.4981575 75.83999400010734 
Car -1 -1 0 812.8644787407555 178.8550301387256 1010.2293805693221 249.65248320387568 1.4937232 1.5926521 3.769166 6.6832857 1.6355933 16.2123 -0.026273143 80.12619181793025 
Car -1 -1 0 634.4007449608657 181.29840098731373 668.9517116395683 211.22124493798543 1.5480254 1.6000413 3.6346488 2.3042214 2.0401747 40.209885 1.538542 35.97136387585532 
Car -1 -1 0 545.937427536591 183.32680696813878 572.661994250256 205.34333943362674 1.4739298 1.5722016 3.8630803 -3.594301 2.2585673 52.108963 1.594579 5.843546092661703 
Car -1 -1 0 625.7319171198392 180.9868119495618 648.208773548654 201.87230878036337 1.6088392 1.6469033 4.039202 2.2825472 2.3005927 59.287994 1.6584761 0.7405631745789657 
Car -1 -1 0 564.3467112424972 183.507683081897 582.2095197322142 200.94888284885099 1.4939259 1.5871791 3.7935686 -3.3027484 2.4981258 66.08419 1.5309726 0.37227964401245117 
Car -1 -1 0 382.3196747372851 165.46006012678004 505.17558127567247 266.40357285895453 2.0071363 1.7874298 4.512379 -3.623545 1.860117 16.60366 1.5714569 2.831391755339256 

