Car -1 -1 0 164.46034508965917 177.7903992905262 319.9312889161513 250.09554219997747 1.4833729 1.7106175 3.8553295 -8.445903 1.6128685 16.997147 1.5670804 101.89873876963803 
Car -1 -1 0 330.44219643834526 174.7541270778874 406.6623292082207 207.29016101423917 1.4184278 1.7095606 4.2430606 -11.228305 1.5136168 33.930492 1.7032139 44.98127372529917 
Car -1 -1 0 375.8973293302775 172.92252884337682 453.5257560746362 210.17674188388187 1.4400737 1.6954606 4.118971 -8.009516 1.4431312 30.046553 1.6928523 54.18506178478374 
Car -1 -1 0 905.6659204808623 163.89712893175155 975.5350089658044 194.04792343815885 1.4960005 1.570956 3.507528 17.155981 1.0515847 37.37022 -0.534653 46.072757919909286 
Car -1 -1 0 40.72250156382195 186.8980544368968 107.2323328932859 236.22178083570574 1.3876894 1.6238263 3.769011 -17.419401 1.8820167 23.413265 0.9052615 21.4446763862282 
Car -1 -1 0 584.1108136414165 163.29730147753833 636.5081721753302 210.51408239432664 1.6304889 1.811739 4.018856 -0.02516225 1.300477 26.948298 1.5449445 40.915827976722234 
Car -1 -1 0 881.6326460523212 158.61940027382994 946.203496874493 178.71562725090442 1.5480648 1.7164121 4.490949 23.961248 0.45153615 56.848892 -0.19005784 11.846165338703427 
Car -1 -1 0 521.5575076833043 166.61513452554163 545.7345651271136 182.09127680925357 1.496202 1.6081798 3.9150872 -7.5217133 0.8930408 71.7885 1.676909 1.244547482089248 
Car -1 -1 0 64.95328518878375 181.69149803913174 154.6720029501327 211.26435500202336 1.5478117 1.6175011 3.831143 -27.135433 2.0397468 39.240334 0.060841862 0.5732323247357403 

