Car -1 -1 0 357.1071574606272 186.35659492334 427.83233087793286 245.53254146820225 1.4687352 1.622197 3.9910522 -6.2124386 1.9012337 20.993237 1.3675385 63.92646128039668 
Car -1 -1 0 405.3207516051894 187.6018125383895 444.19590009995864 223.42951548851997 1.4405806 1.5693856 3.8880491 -8.339852 2.1528091 32.77949 1.3567357 11.93501502029945 
Car -1 -1 0 690.9781536826175 191.29646762418946 859.1858773955706 269.66223524841206 1.5749445 1.5644907 3.3115032 3.6467094 2.0149786 16.116974 -0.20218113 29.9173484561532 
Car -1 -1 0 774.9542070738855 192.80020077993592 1053.7332975866004 308.5031460754256 1.4883678 1.5511646 3.588102 4.4765563 1.8172938 10.782543 -0.19971663 31.733672202555535 
Car -1 -1 0 627.2447100153724 188.8226037980201 749.8154855584756 239.1336397936285 1.5276834 1.6005926 3.706194 2.5614269 2.0782337 23.75035 -0.18418537 18.99729453976585 
Car -1 -1 0 640.1607928784844 195.09862583322544 784.3272003101949 250.1725463532896 1.4482124 1.5822986 3.835962 2.88766 2.116735 20.718967 -0.09284824 14.67565466182831 
Car -1 -1 0 681.0883264571183 194.3410789046021 926.3209029303807 290.2754108601934 1.5158328 1.6224207 4.0503397 3.499002 1.9465222 13.2118435 -0.22955339 34.015832024959444 
Car -1 -1 0 502.8458422488817 186.56473938018107 529.5786008051934 206.85635168614007 1.5360564 1.6290392 4.0210834 -7.7538905 2.7112389 59.688988 1.2970793 2.6164886202198243 
Car -1 -1 0 609.5736754998791 190.85406928502596 721.0567376858189 235.18762230652746 1.4696393 1.5936115 3.7115698 1.9910431 2.1510768 26.107615 -0.23561084 3.2435506305891053 
Car -1 -1 0 584.4343297266378 186.63707324174132 639.3539931885625 224.28808360787423 1.4643822 1.6164408 3.936374 0.03568569 2.109707 31.689146 1.361042 2.163487870915777 

