Car -1 -1 0 955.9596645298752 169.30168900497574 1165.0313342176862 237.1999091140949 1.4808723 1.5942864 3.790997 10.288988 1.4033957 16.682508 0.079764694 93.22355736129501 
Car -1 -1 0 695.1765046571373 167.6452100764123 1043.539436946696 279.36160194451077 1.4889543 1.7123508 4.491026 3.57482 1.4195316 10.562442 0.040231455 129.48718216737308 
Car -1 -1 0 707.1644752727651 169.96384247339446 898.6743690923115 239.8591842869854 1.5624058 1.6659064 4.2451468 4.513121 1.4978006 17.311325 0.1712206 75.5503361239711 
Car -1 -1 0 664.2843938204004 169.24059418126797 760.5055926405879 210.30847216753753 1.3847004 1.6019342 3.9939578 3.8254294 1.2628658 26.369955 2.2734017 56.77975026533624 
Car -1 -1 0 253.6642789418071 176.98239322939386 370.5746112753819 223.90128885482474 1.5454519 1.5662994 3.415749 -10.244886 1.6940501 24.958036 0.13958825 64.0494602539981 
Car -1 -1 0 589.9154768371382 170.85590442783308 684.1966451969388 212.52000702793092 1.430489 1.5857162 3.597446 1.0711093 1.3618865 26.65409 2.2807434 59.50186760174593 
Car -1 -1 0 1105.8586482625903 160.41632371366 1168.2353563698798 205.0650927661073 1.4432838 1.5185007 3.3816962 18.313993 1.0412323 25.159822 2.1306655 17.46865523691512 
Car -1 -1 0 745.7802180503746 170.01403439906383 826.5596675124203 213.172906804799 1.4267176 1.6101782 3.7039838 6.383938 1.3328358 25.835506 2.1700492 4.112514449193419 
Car -1 -1 0 936.2844165517104 156.89690127659236 1017.8992110181904 201.3462700567441 1.4809821 1.6071311 3.8287911 13.283409 0.94931686 25.984505 2.3269715 12.944125218978707 
Car -1 -1 0 74.46717089895573 189.68274706901533 259.6424024423 251.76575846601918 1.4920994 1.6298993 4.1521883 -11.681282 1.9656774 19.13909 0.17591983 1.1252533650014371 

