Car -1 -1 0 924.3548175381148 146.8523425002657 1021.5270712849873 227.37921334182755 1.7503715 1.7541134 4.339731 9.150592 1.1851866 17.986813 2.1336894 74.0974180000177 
Car -1 -1 0 1053.378099201257 153.18826645902323 1157.4637461482002 231.80697109401314 1.5842139 1.6785486 3.9421604 11.299959 1.1879375 16.66598 2.094701 43.70886177882824 
Car -1 -1 0 643.9591693123905 150.71968015934513 704.2921453913582 184.11377599596426 1.5604722 1.5924978 3.433381 3.2286906 0.52615774 35.595345 2.12569 57.42155363579673 
Car -1 -1 0 425.2643336747527 160.12488330088013 521.2576313427817 197.76863457800474 1.4478049 1.6010835 3.8121645 -5.5918274 0.9582341 29.468128 0.5826725 26.32456583159906 
Car -1 -1 0 683.4992741265836 147.21077301674114 741.0424896117167 176.9537534063207 1.5300035 1.6325572 4.0473785 5.6419034 0.21089451 39.26908 2.1189065 27.028844292732888 
Car -1 -1 0 524.8920519883534 152.98383903412224 612.3138783428583 188.35656865138765 1.5828733 1.671342 4.005209 -1.9722067 0.6937151 34.16373 0.6489473 17.414185750924347 
Car -1 -1 0 732.1627206045613 146.0027018194079 784.3313551358103 170.9233952566065 1.4744066 1.6238457 4.1317425 9.350482 -0.12659493 45.16728 2.2040405 5.343294942637214 
Car -1 -1 0 284.7647719439404 161.46256843735145 430.4200171114962 234.31984448766863 1.8809904 1.5868361 3.7380834 -7.0890126 1.5868924 20.62656 2.150553 52.90507527516096 
Car -1 -1 0 1056.7142538141998 144.75095235710302 1115.8199953154124 189.8467894933647 1.429443 1.5877893 3.7636652 16.361341 0.5386355 24.889393 2.1243382 0.27637848258018494 

