Car -1 -1 0 711.1759316212568 179.11145888435013 864.2742703110164 237.57129461833148 1.5223207 1.5947142 3.7955523 4.811674 1.7014139 19.810072 -0.023050766 63.426802331140316 
Car -1 -1 0 751.2063107008131 170.12491380035397 1051.3403868698233 288.0413167987968 1.7352664 1.701633 4.215905 4.6088634 1.695105 11.708373 -0.11655033 75.88323989139023 
Car -1 -1 0 808.7889206376291 180.93772400258717 1173.7597617941958 316.48630743969255 1.4830772 1.5788187 3.7347956 4.5698853 1.5937608 8.9428425 -0.08025493 50.481769179876316 
Car -1 -1 0 694.3725118340656 177.88994424115347 831.5129792117982 228.68934280693378 1.4984503 1.6070768 3.8731217 4.694866 1.6611611 22.38967 -0.0626193 15.752730673381508 
Car -1 -1 0 670.7921690433363 176.29828982397734 792.6386132167161 218.20355741681468 1.5310705 1.682332 4.3097167 4.5918374 1.6668386 27.48111 -0.05613439 20.93247217249648 
Car -1 -1 0 487.94224166239593 184.97521426435705 524.3475536220767 213.1066520799485 1.4517384 1.5780437 3.6834235 -5.7845964 2.1663704 40.68624 1.5554967 10.014510638036375 
Car -1 -1 0 468.5018666416851 185.1246075492464 507.7712824144348 217.0808862951544 1.4293659 1.582189 3.70356 -5.9463444 2.0679436 35.64356 1.4952973 3.2983248334099 
Car -1 -1 0 626.0480992300368 174.81311042100867 671.713188459377 192.32299381433998 1.5224193 1.6082265 3.7756448 3.5205574 1.7027264 64.755745 0.532517 9.174335191246673 
Car -1 -1 0 520.8636598300559 183.17576928420578 548.8470040418299 205.8586615269324 1.4887863 1.612821 3.9967299 -5.2611504 2.2498 51.191353 1.5600506 0.6537562143825463 

