Car -1 -1 0 746.067349163249 185.53114803470012 917.7604422665197 298.5919556977979 1.4142823 1.5765547 4.099884 3.315781 1.6537042 11.558346 1.5953667 112.44659378951617 
Car -1 -1 0 718.5037946175959 181.02608319188968 815.7686620267513 256.04465254278443 1.4996073 1.591001 3.6891375 3.522594 1.7101079 16.709011 1.613331 93.3425471458627 
Car -1 -1 0 680.4965422042748 178.20026362961778 753.3609546235292 229.4009091930101 1.5125043 1.6229783 4.0642266 3.4431996 1.7042825 23.81462 1.5237925 41.43639473138618 
Car -1 -1 0 418.9255586785714 172.5496307679153 549.3775390526879 218.9202660555063 1.5391698 1.6586511 4.2865334 -4.243374 1.5290668 24.917881 -0.06560331 54.67420149167606 
Car -1 -1 0 667.3655095036075 178.8718936779661 703.8552018973182 210.52033701503123 1.460657 1.5859156 3.8163738 3.7434206 1.776959 35.981857 1.6164162 13.878236965307606 
Car -1 -1 0 124.97354885259129 175.70015443093166 476.3437493589253 304.36159586428425 1.5834912 1.6730385 4.116135 -4.0634804 1.626323 9.89076 0.06462133 47.53071352184685 
Car -1 -1 0 220.99858231404855 177.15153936044192 472.62214428734114 272.8482328618328 1.5169523 1.6056333 3.7765617 -4.44873 1.5973288 12.510432 0.098398425 16.796176664044992 
Car -1 -1 0 463.7817618055075 169.98182170720335 571.1727926892703 212.56796247058725 1.7538583 1.7179058 4.3285646 -3.8394537 1.635571 30.581875 0.0033613234 26.564714460378354 
Car -1 -1 0 0.0 145.16796772644463 405.13713551588233 363.0049127707851 1.8767304 1.6802119 3.7955327 -4.142875 1.638207 7.074471 0.009558813 46.470767093221866 
Car -1 -1 0 511.5553449666532 171.4161587419276 588.2505397917639 203.56445339827388 1.853998 1.7577271 4.258318 -3.5019317 1.7710772 42.746758 0.12404591 1.8555994083246814 
Car -1 -1 0 542.0494897144782 177.90343256764714 583.9653002237275 209.64759276194255 1.4848076 1.5694082 3.5298667 -2.2839699 1.7506588 36.159966 1.661591 1.1992612026979015 
Car -1 -1 0 580.5781672365334 174.02995197353826 598.6957564770332 191.40449578820557 1.6381742 1.639817 3.7648158 -1.9139514 1.7556145 70.172585 1.5757071 0.309597373008728 

