Car -1 -1 0 271.3737941292518 177.1437506610469 438.54355371123216 282.3801522264125 1.7246493 1.7555689 4.4808636 -5.1894164 1.8234025 14.311289 0.89777434 120.0202363152788 
Car -1 -1 0 932.2360658600817 157.69064830798746 1093.0056971973775 207.18603069804144 1.5234356 1.697228 4.3796086 12.962337 1.0567174 23.318909 -0.122796156 36.76347969376281 
Car -1 -1 0 703.0952409999005 164.281504522315 766.1273025011395 188.06117056912746 1.5519204 1.681331 4.0429173 8.469858 0.9924577 48.80745 -0.50821364 6.211108447369533 
Car -1 -1 0 193.35403754037625 186.54056399150295 284.10483117944153 221.07906778724188 1.5180371 1.6930065 4.346912 -17.927778 2.212359 34.8524 0.47795102 4.424596302132491 
Car -1 -1 0 1036.166154401762 138.16209178379532 1228.787937387199 210.23992042179802 1.9046593 1.7325947 4.2479215 14.483843 0.9879242 20.11087 -0.08535275 33.63254569775627 
Car -1 -1 0 677.5375482431449 169.38485016589505 734.3224958835001 190.58496860716173 1.448828 1.6338193 3.9417477 6.847534 1.2117441 51.124462 -0.62369215 0.8742580590887191 
Car -1 -1 0 517.5471415445387 176.50308289884177 544.5657467714827 193.71197314555664 1.4926648 1.5903639 3.710094 -7.0780106 1.8330162 65.35376 1.7043439 0.31227830052375793 
Car -1 -1 0 177.91731636088286 194.913610167852 252.77659760293201 224.33173295309786 1.527884 1.6184733 3.8180568 -23.212845 2.894536 42.63624 1.88117 0.4965138830673811 
Car -1 -1 0 48.85722565267019 195.60766952149922 148.38432011912386 235.71579452750274 1.4999933 1.6149284 3.904782 -21.408236 2.5011709 30.228508 0.41060197 0.2503136992454529 

