Car -1 -1 0 221.293482001745 190.20069959486952 403.1350694853576 285.42349258012985 1.4675424 1.6759579 4.323838 -5.5406947 1.858995 14.099065 1.597403 113.4965826835468 
Car -1 -1 0 735.9008955689242 179.25846419607083 959.63964475355 252.63669208715135 1.4704103 1.6482075 4.270863 5.021129 1.6166308 15.546959 -0.048418857 106.37315342372808 
Car -1 -1 0 830.113268672192 173.95442248293628 1242.0 312.0650764507732 1.4672626 1.6548835 4.2759075 5.0036945 1.4816811 8.566868 0.02812807 125.90561598802253 
Car -1 -1 0 719.3688722880698 178.41962910438573 905.1743200439004 241.01185612067715 1.474155 1.6267891 4.1888204 5.004377 1.621283 18.11865 -0.068726875 18.01344193942459 
Car -1 -1 0 681.551781424682 174.12821074139092 824.2772072865909 228.93670912588124 1.6944156 1.685506 4.234342 4.56886 1.7373805 23.340975 -0.069883116 22.81003504482841 
Car -1 -1 0 672.5499464093753 177.15986608838165 762.6651637390623 213.90468968598145 1.5497594 1.5807161 3.6745508 4.6609583 1.742288 31.44299 -0.01576622 20.213816984685497 
Car -1 -1 0 697.8215593395767 178.1620593860652 851.2616308740957 233.27165813760922 1.4892807 1.6057919 3.9817512 4.655308 1.6483423 20.653486 -0.08455321 12.208252756045942 
Car -1 -1 0 622.5174944587502 175.49356684405856 664.3207348130315 189.9593020045163 1.4852943 1.6434562 4.1159744 3.5781612 1.7710238 76.40555 0.49451402 2.9602009545657433 
Car -1 -1 0 463.7453545053504 181.44223112709315 509.95839148767993 210.47385742054814 1.4717413 1.632597 3.476682 -6.7796917 1.966358 39.63463 1.1317277 1.1008947394709923 

