Car -1 -1 0 692.9758771474629 164.5313171197283 786.9561500346931 250.31601685284798 1.7146826 1.8684552 4.357834 2.9836938 1.548327 16.725386 1.7364459 50.10215594782976 
Car -1 -1 0 833.3836914635048 178.3453397922963 944.3232241922645 221.52155050479217 1.4103525 1.6023725 4.0571303 10.011623 1.6200018 25.782457 -0.5663685 66.07399446905593 
Car -1 -1 0 733.3394256303244 173.6402277941739 834.1113401960364 211.00670622435848 1.6087248 1.6745615 4.064371 7.6534576 1.6444738 31.953876 0.008169625 26.671462482279214 
Car -1 -1 0 1011.035104096784 177.01159454783937 1114.6707601181135 211.76783534467998 1.5600984 1.6259909 3.8982844 21.066837 1.759408 33.606213 -0.08919371 20.80458678281691 
Car -1 -1 0 1142.8353127924952 182.6611132512521 1242.0 227.00684688036137 1.46959 1.5979228 3.842651 21.070282 1.8219388 25.09951 0.012974633 22.934890871959226 
Car -1 -1 0 529.9530025966045 172.07882408906974 561.8453632866369 194.53929724381567 1.4905467 1.6825846 3.719945 -4.3525105 1.4391034 49.78614 1.6247816 4.031653491743698 
Car -1 -1 0 632.6402309600874 173.42038396886295 657.8310834500653 192.11969516380802 1.4213704 1.7145658 3.7915058 2.77949 1.467519 56.87618 1.5480906 5.387135059113653 
Car -1 -1 0 337.5048238673745 172.99139848730272 378.81776755477415 196.05290316100434 1.5020809 1.6103623 3.9071507 -17.019217 1.5117924 49.010403 1.5223546 4.574644985764507 
Car -1 -1 0 416.2810919329699 172.8041116876579 445.7093637998566 189.64258908747678 1.529047 1.6354556 4.1833315 -16.694798 1.5245165 67.63069 1.5941793 2.703942956585956 
Car -1 -1 0 124.29675940945583 174.4498553307876 188.76215983502289 202.33530623011848 1.4635458 1.5984142 3.7036583 -25.043495 1.5563452 40.02418 1.4519296 1.0755520843409003 

