Car -1 -1 0 685.1177222144466 180.66582054042289 797.3504984909619 265.63214544655415 1.520191 1.6143708 3.3847904 2.596929 1.7005286 14.940961 1.5407097 105.2572847035697 
Car -1 -1 0 661.6248193028737 178.75824813260976 739.8586914216796 241.10331108649484 1.5318462 1.6202464 3.8144956 2.426768 1.7113538 20.014801 1.5518967 43.65814389331402 
Car -1 -1 0 65.25908237423424 183.06636145955366 393.9139195787334 306.77885702810914 1.5109432 1.6371096 4.127271 -5.562492 1.6906265 10.9018545 -0.562809 142.8114915480039 
Car -1 -1 0 267.96073107433045 182.1139659848778 462.21179241573316 255.18316054159234 1.4647777 1.5974112 3.993088 -5.5771046 1.6992571 16.581533 -0.5229745 96.04790873261665 
Car -1 -1 0 647.8596738732962 173.6080743027674 703.6831074106924 224.78403839112323 1.6972723 1.6948665 4.2991605 2.316599 1.7268684 26.156534 1.5865943 43.365689129824176 
Car -1 -1 0 364.4076104113712 173.08968544768211 500.4971075777573 230.83693813841006 1.6451687 1.6315434 3.7530062 -5.435566 1.6529988 22.2709 -0.57142127 47.237152019887986 
Car -1 -1 0 445.1119913709119 174.25192871767388 533.4778957646322 209.06330547162483 1.6263447 1.6457653 3.9695797 -5.90831 1.6985171 35.54892 -0.5218978 11.023758647620701 
Car -1 -1 0 473.5976561519581 180.04007425372808 547.1912715469583 206.7076442779173 1.4413583 1.5883693 3.8954933 -5.7015123 1.8727432 41.614517 -0.5538497 3.6115164412764553 
Car -1 -1 0 502.0910377304125 179.0573116526876 565.1133238844166 201.61166890070876 1.4785471 1.6174474 4.113037 -5.2604704 1.926394 50.212532 -0.6416825 0.3250672519207001 

