Car -1 -1 0 189.50071761889515 190.53635833494337 293.75490758024824 236.93776153826826 1.3956873 1.633121 3.9075153 -12.68338 2.0599442 25.14943 1.5734495 46.560896993172065 
Car -1 -1 0 545.6355455503585 176.34518866189862 631.6677401967489 215.97077430106796 1.4356501 1.60711 4.1461244 -0.91382265 1.585219 28.719942 1.0331213 26.517736190208087 
Car -1 -1 0 491.15995939920606 176.50649703319422 576.4415414079388 224.0969423681352 1.5451502 1.7388945 4.34762 -2.8371754 1.6892161 26.122568 1.1314485 40.33177237297706 
Car -1 -1 0 0.0 189.13959312142848 135.5530501576563 289.5026981100122 1.6671228 1.6955851 4.1832533 -11.457702 2.030434 14.327988 0.5154181 53.19530204217517 
Car -1 -1 0 328.4911859578766 187.97936669589177 386.4611914788158 235.4645744995186 1.360021 1.6374304 3.9188006 -8.34241 1.9099164 24.121202 1.2842321 22.759590402531593 
Car -1 -1 0 139.0739446214975 192.99068876307808 241.35217139424708 236.63626308709956 1.3749363 1.6410007 3.9735136 -15.334492 2.1748352 26.632416 1.5148034 20.25909601574214 
Car -1 -1 0 293.3320258361531 195.21702755639504 361.42308757403475 225.1512264618767 1.4677509 1.6617322 3.864513 -15.776822 2.7885895 40.54517 1.802392 6.606495139343469 
Car -1 -1 0 661.2377199097057 171.15797549112156 730.833872780763 203.06518901308937 1.506273 1.7190936 4.155324 4.273554 1.4262071 36.310295 1.1983191 13.952479203351146 
Car -1 -1 0 604.989039307284 172.5038477598129 681.2815581012027 210.64437603961625 1.5144424 1.6484859 3.9093099 1.3558675 1.5005388 30.77053 1.1437016 9.291645962972945 
Car -1 -1 0 366.8259167742636 192.23181417412547 438.6135248596823 223.72387799034988 1.50758 1.5757834 3.6948462 -11.117762 2.6085277 38.996696 2.0788631 4.66567139850532 
Car -1 -1 0 406.3966896300395 191.22809682765896 483.4160023372515 224.11005868703768 1.5197356 1.6021595 3.8990934 -8.546057 2.533136 37.72739 2.154786 3.9835607125578814 
Car -1 -1 0 448.43067286468175 188.91647140655414 524.1357750788102 222.12950754522237 1.5002837 1.6621194 3.9238296 -6.2119555 2.365387 36.74863 2.1024098 3.238550890205686 
Car -1 -1 0 1127.2048559299778 155.72878579718912 1197.30835703426 179.48792120057297 1.4846478 1.6341536 3.8719902 35.55783 0.41453657 46.4339 -0.2963607 4.295339108332518 
Car -1 -1 0 814.7195481240781 159.01060815186216 838.4327628704357 175.37779939648482 1.427501 1.6376065 4.217879 19.634748 0.22011843 65.192276 1.963264 2.033275808138334 
Car -1 -1 0 1097.9505056255045 158.8049842651077 1165.8746726080376 180.76643559690962 1.4666003 1.6587571 4.002718 35.84686 0.52839744 49.532127 -0.27834478 0.3008667528629303 

