Car -1 -1 0 410.24157062301884 178.44715812476068 509.21225833916225 255.62148893435054 1.4835021 1.5623443 3.37377 -3.1693814 1.6194408 15.827152 1.5409586 67.12547212879012 
Car -1 -1 0 706.8639635269647 187.38603034211468 801.2760759653484 246.30834101703675 1.3785722 1.5384583 3.3946176 3.8069682 1.807646 19.530293 1.4566286 87.2736563108959 
Car -1 -1 0 32.93703729286689 168.27593079385068 168.29819608672076 224.67516592141786 1.62817 1.6117606 3.8076932 -15.862358 1.4960072 22.742804 1.5593058 76.81160606487968 
Car -1 -1 0 527.0178996473231 178.95579544275918 558.7663701586339 206.70230316328468 1.4436221 1.5928738 3.7789874 -3.6822505 1.8007889 40.311047 1.5249989 19.801796085969713 
Car -1 -1 0 239.06444948329923 166.58990960166403 468.495720571099 326.7001766288769 1.6555088 1.6853027 3.9970183 -3.0395036 1.5907393 9.479935 1.5452566 93.80621203133659 
Car -1 -1 0 690.9107049237709 184.18794168450793 758.0828028290568 232.15815638807743 1.4089305 1.5612497 3.5348258 3.7143192 1.8113086 23.826889 1.5419636 44.93663157911699 
Car -1 -1 0 176.96633650730894 175.37929690910394 268.5170889330159 215.4875303616924 1.4874421 1.6458676 4.124852 -15.479731 1.596719 29.12312 1.5222237 32.05359171329782 
Car -1 -1 0 547.3817913928498 176.74862697042644 573.4604527462192 198.75170120424417 1.5011401 1.6093607 3.9349155 -3.4983044 1.791851 51.890743 1.5703152 5.683873202855023 
Car -1 -1 0 651.3490339306712 180.15359222084675 677.0016350875359 204.5965953561824 1.4692109 1.5811622 3.7784896 3.532186 1.9591718 46.482296 1.6542267 1.2937433612533307 

