Car -1 -1 0 703.8263053624505 170.65097463039464 903.0868677967825 240.88552435443455 1.5575927 1.7011392 4.389968 4.516025 1.5087361 17.25344 0.191044 152.59876848421663 
Car -1 -1 0 936.750535173899 167.95246268180549 1160.294948715319 237.66672933239 1.514554 1.6442504 4.110119 9.988468 1.4080672 16.672112 0.08649606 125.34402710310042 
Car -1 -1 0 590.8161049423355 170.88036735250006 686.3999478223593 213.26849087216178 1.4534903 1.6020668 3.6622486 1.1305237 1.3858142 26.652843 2.2799523 73.27625130798667 
Car -1 -1 0 253.02610336106258 176.7284966567794 371.58040044384046 224.53811449598146 1.5706728 1.5818713 3.4755616 -10.232471 1.7102773 24.937307 0.16203426 66.3997659648556 
Car -1 -1 0 665.0620456327089 169.78858459320986 761.1919562750783 210.70185795053058 1.3790127 1.6018813 4.027094 3.8551178 1.2756904 26.378895 2.266538 56.712169228769746 
Car -1 -1 0 1106.3867126026357 161.7142400314561 1166.5098665352134 206.6261931951719 1.4571594 1.5656047 3.7147937 18.456905 1.095732 25.38831 2.1627345 13.583816926070705 
Car -1 -1 0 935.5712250065259 163.16985734302355 1024.659503300007 206.33645943323498 1.4324164 1.6052918 3.9845731 13.346363 1.1110631 25.893667 -0.7558071 24.750006137691596 
Car -1 -1 0 744.4652831686523 168.73828930276852 831.1860918504444 212.24689945198338 1.4329942 1.6033924 3.768084 6.4196362 1.2974396 25.742634 2.2341404 7.457636734183362 
Car -1 -1 0 839.121917059887 163.96873311617097 931.1934626251999 210.70171535020012 1.5025156 1.645962 3.988896 9.69208 1.2168446 25.222717 2.3151903 9.467527855173275 

