Car -1 -1 0 469.6719799693051 190.2458046798089 559.5594442173378 253.16628717126576 1.4559544 1.7062161 4.518621 -2.5294704 2.0000017 20.269667 1.6238197 62.91958475875739 
Car -1 -1 0 277.1047846222125 202.3842114848268 334.59512830548414 235.84173338178175 1.4677947 1.5783209 3.3300235 -15.222589 3.0235872 36.324944 1.5391955 23.765369062334212 
Car -1 -1 0 102.84538978254838 200.59890096076913 255.1581438311419 270.08664802718863 1.619288 1.806053 4.3383465 -12.137721 2.4998455 20.725298 1.564736 81.96321253511928 
Car -1 -1 0 968.7095377267374 178.14238415855874 1186.1671832332781 268.2908772528796 1.4480646 1.6297474 4.1714544 8.801882 1.55964 13.507311 -0.50054955 62.83967593769207 
Car -1 -1 0 577.5145250865712 181.59455221965797 614.4236091171414 216.81073552925335 1.6303012 1.7602046 3.9472308 -0.6977023 2.0952764 36.388687 1.5454347 20.23715722631615 
Car -1 -1 0 906.8586429613141 177.65726022425278 1074.7196389502033 250.9180650316563 1.4706502 1.598887 3.938829 8.717758 1.5913785 16.422276 -0.5519078 50.87090167537994 
Car -1 -1 0 691.6005663296443 179.76544733753545 726.5186846753957 202.27126107135942 1.4907879 1.6769087 3.8610258 6.987997 1.9983466 51.001366 1.4978074 13.459355946493025 
Car -1 -1 0 820.1202992542331 171.51158646523209 989.7888068120631 228.85389147106082 1.6853046 1.7400924 4.523283 9.002678 1.6458507 22.202814 -0.05662131 63.622750668948456 
Car -1 -1 0 1077.5989950290373 174.84300040744859 1242.0 296.3303920311617 1.4778953 1.6464305 4.175155 8.880405 1.5118878 10.583024 -0.51757085 40.85731988457952 
Car -1 -1 0 0.0 209.04490601244305 117.04849357790397 283.77913880898706 1.5951605 1.6461799 3.9617577 -15.344489 2.664236 19.32214 1.5570428 13.014602066349319 
Car -1 -1 0 213.3032206128331 207.36536387392746 295.3922060860234 248.20187773921214 1.4296304 1.6191318 4.003605 -15.002041 2.995229 30.707468 1.54118 6.584508472286894 
Car -1 -1 0 750.6781158555957 176.3441559115331 782.7106049953169 197.0962599708319 1.5662005 1.6874785 3.8685644 12.379457 1.8514751 57.04149 1.5701175 2.803777946719996 

