Car -1 -1 0 701.7827651266704 184.8427471595969 811.9282547797385 260.5066834750441 1.4298022 1.6433427 4.188409 3.1868753 1.7370043 16.393738 1.5697075 79.80216716122754 
Car -1 -1 0 0.0 195.56181721469605 128.3653394262476 254.49183737116925 1.4661782 1.6203171 3.8140714 -16.37354 2.1994739 21.369965 1.6007012 70.96787017818512 
Car -1 -1 0 340.6871619681404 185.63351443382803 384.3161835620285 211.14759620365226 1.5298896 1.6334281 4.09017 -16.177345 2.406796 47.430027 1.5246847 14.772614575306418 
Car -1 -1 0 255.17138423308302 188.03873099352495 314.1271336499386 220.35273846479043 1.507849 1.5720549 3.5659442 -16.67495 2.3288894 37.195522 1.52352 47.97111546411164 
Car -1 -1 0 681.3720209639769 183.53668521388275 755.7551504169717 239.54863367390718 1.4633482 1.6108963 4.3037677 3.1863222 1.8183885 21.826344 1.5735043 36.40717326815939 
Car -1 -1 0 662.4526596201844 183.17845421329065 717.3407120821932 223.1463895062805 1.4644341 1.6203896 3.6144989 3.1896343 1.9094344 29.246906 1.5108799 22.530447437405783 
Car -1 -1 0 192.58002052647447 189.87559899627578 278.243166447715 228.54363629591114 1.4946785 1.6224151 4.363612 -16.476927 2.302127 32.027336 1.5475981 19.005837582494056 
Car -1 -1 0 295.9069792391718 186.80626956184153 347.2429949729151 215.27695817916424 1.5087283 1.5930822 4.0421624 -16.817577 2.3669422 42.319855 1.5148642 8.272858970959565 
Car -1 -1 0 649.4041540485658 182.6813154852451 688.5957100944669 212.3477626244257 1.4637314 1.6029468 3.8911786 3.1528394 2.0205524 38.898773 1.5197366 3.2657857502230114 
Car -1 -1 0 436.0139901612706 184.47781883584065 459.93462106509554 200.56995920052958 1.5380648 1.5980201 3.8987012 -16.482094 2.757554 73.743454 1.5633733 0.25222867727279663 

