Car -1 -1 0 370.40581562440923 188.8034161499051 460.4107205736776 247.54464692861438 1.4031225 1.6472352 3.5945807 -5.28162 1.8867058 20.051563 1.5353806 55.375624725745055 
Car -1 -1 0 45.68074497308308 174.99705589705064 375.61362719034565 351.02888221267705 1.7827297 1.88168 4.4457436 -4.801402 1.8178794 9.598068 1.5854025 136.96311527969124 
Car -1 -1 0 105.18217124897261 185.75733801568998 235.496540224042 235.56187891627974 1.4371636 1.6895865 4.321631 -14.485012 1.9072117 24.114746 1.5814986 37.585750229327374 
Car -1 -1 0 454.71516549052853 183.48795699690768 507.9246650885765 222.0282362645388 1.4894726 1.6169443 3.7795358 -5.4084826 1.9716516 30.82357 1.5663321 19.012386195655107 
Car -1 -1 0 35.41501423600427 181.23587170561845 169.76125501059371 221.47197652258066 1.4888374 1.6186101 4.1490097 -19.604721 1.824676 27.995007 0.05151387 31.386244328054865 
Car -1 -1 0 288.7474146402705 180.94558117616896 386.7779098509177 221.87392266859305 1.4792848 1.5865602 3.7734141 -10.703426 1.8157651 28.365597 0.5304951 14.667967308522185 
Car -1 -1 0 407.0260862603212 185.46703967415434 468.7077268552473 232.19210623770277 1.4215255 1.5569422 3.6424155 -5.8329105 1.8888571 24.851055 1.4821329 4.162167059572971 
Car -1 -1 0 165.16587950734402 187.49348906649004 288.62985375635776 243.89683561919384 1.4313003 1.5789831 3.8468711 -11.1544285 1.8919723 20.960384 0.6062956 3.7980995575207435 
Car -1 -1 0 0.0 200.79864186090194 192.8338391383715 296.17040851831683 1.4350953 1.5575749 3.7456527 -9.409567 1.9482923 12.3252735 0.07980067 10.422241715855687 
Car -1 -1 0 309.8769329602221 181.37968462322434 402.45280960717434 218.08549484448127 1.4616268 1.5943471 3.79697 -10.916046 1.8472602 31.052141 0.48051158 0.6145429759106573 

