Car -1 -1 0 133.15702592449713 177.2283122196643 419.72698286196294 369.27420665723184 1.6596508 1.6257732 3.8486152 -3.433585 1.7216686 8.277109 1.5343312 127.93923696892217 
Car -1 -1 0 693.4035137678181 164.42210181670495 856.850803746644 228.1760034312075 1.6196251 1.6486437 3.9504795 4.357161 1.4054183 19.313824 -0.082158774 73.68996928669637 
Car -1 -1 0 490.70697934927716 171.93825466399014 543.2618389698266 219.40542291725822 1.7059941 1.5845772 3.6916792 -3.497499 1.6730816 27.785967 1.560971 38.093721919264276 
Car -1 -1 0 822.6569412179132 146.8096076053421 1157.9481424545334 305.3513921798332 1.7962757 1.6088893 3.4179235 4.657154 1.5011932 9.116945 -0.0821317 33.75971957902497 
Car -1 -1 0 509.92106325170187 177.60513826425267 565.8257326677625 207.50025729300592 1.4330988 1.5538981 3.5973272 -3.6348174 1.6906266 37.159283 1.8839934 14.033544026692118 
Car -1 -1 0 423.6293583003289 164.63352171135077 510.24194614991666 246.07217095122138 1.8814795 1.6021447 3.9855533 -3.5734625 1.6915615 18.692446 1.5314593 86.81613370362795 
Car -1 -1 0 814.8186832110581 119.6790486236424 1242.0 375.0 1.9521806 1.7104992 4.0674725 4.102136 1.555633 6.3688498 -0.0662673 84.77939984325694 
Car -1 -1 0 659.2150572340535 171.21444851183048 791.4358618343355 218.74460409152783 1.538276 1.6606935 4.127149 3.8486452 1.485213 24.357895 -0.0866902 8.467152633920964 
Car -1 -1 0 652.3456770075454 172.78929223901793 750.2536110313395 208.93112864275602 1.5592818 1.62715 4.142789 4.00756 1.55649 31.965532 0.010819983 2.9710738560454217 
Car -1 -1 0 678.2896894437681 170.8353242804549 829.542764785413 222.65449722762594 1.5008972 1.6461525 4.2163944 4.2757835 1.4424279 21.774773 -0.025260255 0.5909399359068487 

