Car -1 -1 0 452.8097750556773 179.09018340563554 522.4271887373203 234.50035577981708 1.492336 1.6263454 4.0000043 -3.607757 1.6994791 21.92917 1.5214579 80.8272738863078 
Car -1 -1 0 345.1320907808431 187.45823264452332 481.10391652054545 287.2962015656848 1.4249709 1.658947 4.3368254 -3.3792548 1.7370455 13.185075 1.4821823 129.9965243304784 
Car -1 -1 0 745.5461717301283 188.01589572563822 1076.0546411307562 375.0 1.5753733 1.6517943 3.666225 2.720884 1.7724226 7.480083 1.4848013 110.01818682189362 
Car -1 -1 0 1026.3723226788275 213.8404136343344 1242.0 322.20794255211416 1.4830432 1.6232128 4.1723824 9.791117 2.2875843 12.607426 0.39753038 74.7048220312617 
Car -1 -1 0 695.367566747587 185.99375658984016 831.370336176805 294.2776520334503 1.4952753 1.4770739 2.835639 2.380355 1.736222 11.774095 1.5148256 53.88610832016015 
Car -1 -1 0 875.1579902625596 200.64540194704034 1029.976531513016 269.8750162182298 1.5789931 1.5885352 3.5499094 8.940387 2.3672585 19.03528 0.40559477 31.996621063637754 
Car -1 -1 0 527.6309906611493 177.4699016453309 554.0918367363124 202.11312175986885 1.5025289 1.6141753 3.8557684 -4.4114738 1.8140502 46.715332 1.4996707 1.6538378869804593 
Car -1 -1 0 485.4211572679804 180.48171253553082 536.2596319998136 221.9621483924463 1.4273167 1.5658495 3.686832 -3.6814137 1.73667 27.389832 1.5308237 2.7651732290440965 
Car -1 -1 0 825.5750729264555 186.22212188986472 867.3747811993229 210.5447388331213 1.4189881 1.6137563 3.591345 15.028909 2.3038638 45.932533 1.6131186 2.293045739993588 
Car -1 -1 0 853.740294295152 199.65067764916347 990.3161914907563 255.2024024310389 1.5002327 1.5691693 3.734402 9.507343 2.376193 22.203342 0.35393462 1.416919236488554 
Car -1 -1 0 599.7563271812105 177.78734036309848 616.2819687668872 193.5004795055098 1.5671208 1.603949 3.7058702 -0.18103746 2.0928907 75.01931 1.537621 0.36707809567451477 

