Car -1 -1 0 463.5114161023798 177.92677514444213 538.7589858853611 240.72333176246283 1.6448693 1.6324706 3.885593 -3.0780888 1.807301 21.158892 1.5681236 95.69559044936383 
Car -1 -1 0 728.242678403482 178.8764536301246 921.9440927215109 257.0580174302799 1.6543746 1.6362188 3.9222703 4.753462 1.7982649 16.3242 0.049949646 74.30193587883122 
Car -1 -1 0 774.9573980405215 152.63305918033814 1231.9129803494657 331.9747802458732 1.803303 1.7213585 4.281229 4.23016 1.5999789 8.199276 -0.039303076 154.90122342882609 
Car -1 -1 0 518.3608296318467 171.50608563463894 560.9901832117351 217.12812447779194 1.8684076 1.6278365 4.1550817 -3.003932 1.8132049 31.658037 1.5311894 32.37503444214345 
Car -1 -1 0 558.830501211542 178.118405743916 599.3085010724323 201.02436666238847 1.5262654 1.6185842 3.941738 -2.1167 1.9151449 51.17652 1.877408 3.6224698564688183 
Car -1 -1 0 543.9023210893574 177.68522143359365 578.6441997843636 205.95401832012777 1.4944345 1.6047897 3.9924898 -2.686049 1.7814385 40.84842 1.5953634 4.951420218309272 
Car -1 -1 0 696.5865572893515 160.92664001188328 865.9258077299825 240.79875335052049 2.0183156 1.7114558 4.070261 4.4489956 1.716919 19.108513 -0.009849571 48.685174046620396 
Car -1 -1 0 677.3869389812402 171.06411594395814 769.7672858315378 207.04140634959228 1.5562277 1.5956815 3.814836 5.027017 1.4788046 32.09848 -0.04763686 2.4133202381944336 
Car -1 -1 0 718.049360928723 167.73767539225236 849.7768352709247 230.67718519069538 1.8310246 1.6431524 3.5614853 5.240124 1.6821814 21.944275 -0.07542891 2.4521907850435163 

