Car -1 -1 0 567.2467431509334 184.37093677901396 647.2370745028244 257.5352317479849 1.4569958 1.6597722 3.6928325 -0.017212376 1.7550821 16.814783 1.5879396 58.85943797369715 
Car -1 -1 0 691.4431241883105 185.8974016519705 814.0772359143654 283.0348797666506 1.4700265 1.6082404 4.203417 2.5218463 1.7546377 13.617363 1.6034313 97.5849006622026 
Car -1 -1 0 383.0773966818958 190.4981364129298 499.95644237222314 261.4494830057623 1.4248049 1.6597291 4.2511435 -3.9637098 1.9117007 17.740158 1.629956 105.45110531135924 
Car -1 -1 0 757.9266491587986 190.59630586598314 1056.99318644168 375.0 1.4456792 1.601476 4.0956564 2.8163424 1.6893604 7.8535924 1.5815866 115.28719657152027 
Car -1 -1 0 670.171185139421 185.36904309605882 727.5540062860903 241.23506800129732 1.468149 1.5599957 3.327259 2.7241158 1.8721681 21.523884 1.7360843 39.861872489305235 
Car -1 -1 0 301.3032719030683 189.77631160111483 376.69122399687933 219.75119996024608 1.4732018 1.5592699 3.5953784 -14.211365 2.3947775 38.06964 -0.26597607 16.388795061238508 
Car -1 -1 0 653.7673847298894 183.8618954350217 702.4138487557341 229.7496588875961 1.4618537 1.6103833 3.790559 2.5218067 1.8875605 25.920773 1.6998818 7.284240859422614 
Car -1 -1 0 601.3778109951473 176.768802932868 652.0184510033131 225.80948090980348 1.6363301 1.712774 4.078782 0.59189034 1.7909112 26.44635 1.5768416 20.381254147490964 
Car -1 -1 0 552.4743766684568 181.70437362692476 592.7908569140476 213.14311380269038 1.4975116 1.6337631 4.303554 -1.876184 1.9881897 37.804825 1.6329081 17.37430791146365 
Car -1 -1 0 190.78890238714945 193.31423397282043 275.5812229252562 225.58860959149953 1.5445743 1.5879847 3.6242857 -19.390606 2.6373534 37.31134 -0.25532603 8.088442504762398 
Car -1 -1 0 661.1451321252761 178.08979770594328 691.3199763956962 201.52822387623235 1.6075885 1.6178218 3.6069806 4.865761 2.0013025 52.308273 1.8248919 6.951990460380552 
Car -1 -1 0 36.83013770671902 196.1401961458556 136.39702183853808 230.09789596367017 1.5584182 1.5976508 3.6526508 -25.69593 2.738974 35.552013 -0.12967005 9.116747457446996 
Car -1 -1 0 433.5211251994274 184.5709441085412 505.2144899060744 210.24743111880684 1.4684246 1.6230528 4.144928 -8.715857 2.2322466 45.0549 -0.7250671 26.11443188730668 
Car -1 -1 0 116.8090020418973 191.68341934645323 187.4067779108822 215.92019256520356 1.4714979 1.5724616 3.6773405 -29.963142 2.7440286 47.368446 -0.36765483 9.299874800575946 
Car -1 -1 0 714.0506482130924 177.6712705381044 731.5996012614422 193.373230771812 1.4438692 1.5948192 3.945415 10.912635 1.9228263 69.67658 1.7063146 1.5610974920616842 

