Car -1 -1 0 768.0374282558616 194.58805680169905 952.7449689129338 300.4108717643509 1.3770595 1.5363905 3.4521358 3.9402514 1.7908208 11.933102 1.4552007 101.4525323294765 
Car -1 -1 0 510.3123242075301 178.6646334675144 551.6216749991113 214.63874866582097 1.5056174 1.6342196 3.6841588 -3.5061777 1.7839398 32.682922 1.5245254 39.69052652349051 
Car -1 -1 0 185.89350239119042 182.82211040723016 439.15513192274494 348.48267441875294 1.4631684 1.5976206 3.4524045 -3.1239197 1.602515 8.3350935 1.5380114 83.16768210918919 
Car -1 -1 0 732.74470680006 189.36616069014977 843.9019761607861 263.7245914390899 1.4012582 1.5681015 3.5816698 3.8757706 1.8131323 16.197292 1.5582665 66.38038643666997 
Car -1 -1 0 15.495394000627796 172.20763813506983 160.8647002675854 227.01464280174906 1.4829838 1.6430715 3.9011812 -15.3426695 1.4654943 21.509619 1.5251555 60.197127448838884 
Car -1 -1 0 212.47457783342844 173.8716158721779 287.3753099471065 210.16910928504265 1.4902878 1.5889641 3.4061255 -15.577176 1.5370277 31.430723 1.5616907 26.66819260468231 
Car -1 -1 0 541.4396890459104 176.9999523217048 570.2875138581559 204.82062331734724 1.6124113 1.646624 3.9497542 -3.2658954 1.8792151 44.424973 1.5282855 17.40646925294853 
Car -1 -1 0 668.9763667938962 181.80788442754658 699.8363598541865 212.1571311699378 1.5082924 1.5733976 3.6225767 3.9880962 2.0133648 38.83128 1.6523731 7.455805421058752 
Car -1 -1 0 707.8401068571526 185.3437212808218 791.7829204711829 243.00161468953777 1.4742483 1.6212482 3.7550228 4.0087442 1.8737618 21.176804 1.5377011 7.365805468496464 

