Car -1 -1 0 723.8899220814657 184.79160484339454 967.0411521804482 333.33979529534264 1.511277 1.629354 4.214112 2.8826075 1.710344 9.860867 1.4816339 122.72588211338481 
Car -1 -1 0 0.0 167.9647097035548 317.4417238625757 297.9415884380719 1.6590266 1.6597817 3.996951 -6.464864 1.5966196 10.236706 -0.10090761 65.71091614411208 
Car -1 -1 0 232.72715511693156 174.8443867285547 413.9496464485891 238.28745348472353 1.4812605 1.5947446 3.8551714 -6.953321 1.5329351 17.818207 -0.061565273 25.78468960753409 
Car -1 -1 0 507.56645476994424 169.45334038699943 546.3093693976049 195.58878370075152 1.5481651 1.6992097 3.770214 -5.170701 1.3467226 44.79481 1.2641306 28.910857521812396 
Car -1 -1 0 109.73307473702451 172.98136578900517 360.33739557440333 267.41165687522385 1.561507 1.6039178 3.655027 -6.540037 1.5639666 12.934313 -0.11143251 29.0255271467216 
Car -1 -1 0 274.2564336915866 175.10477293698628 426.2701287231919 230.40591384306654 1.4836076 1.5923935 3.793275 -7.243121 1.5505638 20.452034 -0.11711588 13.31112241858068 
Car -1 -1 0 353.89794194405397 166.48599961655756 459.9019354956837 213.57541042859376 1.6548234 1.6059382 3.441174 -7.3059835 1.431038 26.243965 -0.049770556 10.160464510834139 
Car -1 -1 0 614.2899420811414 161.08450081802366 659.4660918281892 202.98433316351938 1.9663222 1.7663469 4.441284 1.301224 1.4139898 36.142735 1.4943508 40.37849469296276 
Car -1 -1 0 316.3401261072915 168.7692977040361 442.9657605794854 220.0906379631661 1.585995 1.6014097 3.6166723 -7.3222294 1.4597644 23.239346 -0.079336345 12.882924387069558 
Car -1 -1 0 601.0078099338401 170.49493046798594 634.5613528574655 197.00333521636958 1.5071125 1.616983 4.0124364 0.44638976 1.3729894 43.09135 1.4836934 9.314634510021305 

