Car -1 -1 0 192.81416756712517 190.383213468666 460.6054703096728 364.86007202694765 1.3833121 1.5739492 3.567273 -2.7548332 1.6183355 7.8777823 1.5544585 69.11590533905692 
Car -1 -1 0 180.2483846472134 171.53030670955908 284.6116782497109 213.1765872275506 1.4941009 1.73173 4.485432 -14.540698 1.446612 28.130362 1.5687397 68.69838402724857 
Car -1 -1 0 70.28791171907685 169.18605338160256 193.44074095834537 223.13599021053886 1.5512242 1.5384977 3.333719 -14.717482 1.4457595 22.441092 1.6085329 68.83169223042474 
Car -1 -1 0 481.7204652286028 179.52260293521212 556.5186776186562 234.27185476864983 1.4134817 1.5901237 4.3043504 -2.5620658 1.6305923 21.323719 1.5906018 59.29097700801681 
Car -1 -1 0 285.0229685130389 173.74203808888973 350.6157702264078 204.84512947986914 1.4958804 1.6567162 3.9522052 -14.796655 1.5436504 36.814823 1.5992326 50.01223928922278 
Car -1 -1 0 400.833420973044 169.58055315557624 529.5442232129686 265.80221112752065 1.6325766 1.6436293 3.8056812 -2.6689196 1.5770365 14.173309 1.6066825 120.85277056159038 
Car -1 -1 0 842.1190512988989 193.90969010088 1165.329729053813 359.2345656473838 1.3982303 1.6220088 3.9282074 4.2597704 1.7069464 8.593615 1.5435237 73.23249539475914 
Car -1 -1 0 702.001573421102 173.3549470180555 777.085025630699 225.90008677151985 1.6834054 1.7773448 4.236522 4.447866 1.7024522 25.295555 1.5471947 93.95007647904757 
Car -1 -1 0 875.532543894287 181.91065940335747 994.0010926460296 220.84915843380568 1.4690382 1.6188126 3.990037 12.837072 1.8399138 28.603928 -0.068202615 53.851016299662696 
Car -1 -1 0 986.5897130239244 179.2972749154349 1184.7855991063507 248.98669001284946 1.7236042 1.6776584 4.0904074 12.341179 1.8998513 18.871151 -0.013103088 69.01914511571657 
Car -1 -1 0 342.4089350435923 174.38122993808068 384.1316495898021 200.9226757013375 1.5023322 1.5785849 3.9201834 -14.658299 1.5979116 43.116318 1.4514052 10.909473559622482 
Car -1 -1 0 657.8904063649663 178.00637851610094 691.7419069075625 200.6787024321366 1.5066874 1.5709884 3.621194 4.547834 1.8824742 50.720303 1.4263309 15.910248066488487 
Car -1 -1 0 523.8738076103555 170.17055945202569 568.9617751816212 211.7080913325881 1.7604728 1.6765692 4.0978527 -2.7914896 1.6467412 32.630463 1.5717747 16.52270345777328 
Car -1 -1 0 551.0250155731413 176.26393835006445 585.758753879244 205.29654869326873 1.5380819 1.6012652 3.7207878 -2.2701187 1.7386941 40.559334 1.6094525 5.182857127521405 
Car -1 -1 0 508.1417902484648 177.01028274409697 563.5536025165653 218.5698309479229 1.4602995 1.5761857 3.6518211 -2.7498322 1.6299436 27.588053 1.6200268 18.300146271546176 
Car -1 -1 0 573.8035153891974 174.525053724237 593.5990022708544 190.91142377379683 1.572459 1.6432267 3.6225374 -2.537099 1.7422712 71.47016 1.6242146 1.1334837583748516 
Car -1 -1 0 934.7620587561544 172.9461656532072 1061.2863502451812 218.68077606818892 1.574385 1.6104472 3.6532495 13.772557 1.5777781 25.703148 -0.030857963 0.5697798773172671 

