Car -1 -1 0 703.2658066957288 189.20997769962608 835.6055226381527 280.03285980103 1.4735959 1.6115891 4.032592 3.0297673 1.8485703 14.493301 1.5285075 103.72819042155942 
Car -1 -1 0 317.1505564736959 181.58191587115803 409.38836982941274 230.15495191764435 1.515836 1.7291205 4.1596446 -8.530148 1.8482105 25.375122 1.5976931 85.53921355789352 
Car -1 -1 0 780.7982958866381 183.18549167530162 1110.414578575199 375.0 1.6380126 1.6863714 3.9684844 3.4730866 1.7875353 8.384945 1.4723269 107.86929155201484 
Car -1 -1 0 0.0 185.82304258610773 193.3007368322867 303.7535173103281 1.4858422 1.6437271 4.1220694 -8.688461 1.7320241 11.621801 1.5539013 102.35745246168017 
Car -1 -1 0 686.7833124186653 183.6885189019986 759.891038991095 245.87905721278992 1.5354298 1.584961 3.3426197 3.0828319 1.862526 20.093204 1.5952228 47.017058912834244 
Car -1 -1 0 661.92831240191 185.4996458141303 725.4614063821269 233.01416987633002 1.4498843 1.552529 3.3489192 2.804973 1.9124159 24.664 1.4968631 15.382720208560524 
Car -1 -1 0 387.2353470542437 183.7101867406355 454.8796946009018 221.63716747515846 1.4517795 1.6000941 4.054568 -7.9760466 1.947688 30.883703 1.6373632 17.957853187169455 
Car -1 -1 0 650.9789017750273 183.72984118210198 699.4374917482921 222.5274307633637 1.4418344 1.630372 3.7693725 2.645048 1.918978 29.764791 1.5636903 6.743868574577026 
Car -1 -1 0 425.20642812845193 183.731231281513 474.1495273993501 214.8424592195879 1.426251 1.5717621 3.670888 -7.96528 2.0002701 36.22521 1.5926522 0.36241066455841064 
Car -1 -1 0 501.6901040926221 181.53881184335197 529.7583724712373 202.6449550167256 1.55079 1.5986084 4.033861 -7.337927 2.2580245 56.72339 1.5927216 0.3344811499118805 

