Car -1 -1 0 231.61566002380067 190.44957396809173 330.3379784567612 239.73615231000002 1.4986843 1.6958144 4.2518735 -11.52569 2.1763172 25.633041 1.5355382 70.21654965625851 
Car -1 -1 0 719.2550151938333 184.02944812853823 905.8512558651616 319.8874368289101 1.475527 1.5685393 3.5831409 2.560451 1.6570446 9.925613 1.573895 115.36480585517408 
Car -1 -1 0 412.86033521020045 184.81118650023473 548.1343089516165 235.4937928204856 1.4567742 1.5875514 3.8044977 -3.906597 1.8400607 22.162098 0.09285326 58.28955124222323 
Car -1 -1 0 299.2667648684251 188.92633747777907 363.68631292190605 227.4628749081267 1.4401658 1.5225586 3.3393183 -11.519124 2.1482258 30.085594 1.5269072 22.18269071572062 
Car -1 -1 0 616.4035530122142 179.30470010731503 665.2064428779541 211.23094219897555 1.5140293 1.569599 3.4159496 1.54473 1.8596741 36.8131 1.3216807 21.865438182417424 
Car -1 -1 0 320.3413591822955 186.39827650659979 457.1243350407254 260.78742692588037 1.4735246 1.6129745 3.623624 -5.22771 1.8248456 16.844765 0.8140071 78.18500744514846 
Car -1 -1 0 648.4814605253279 178.46371846351883 706.0388247508283 225.05162485637632 1.5320226 1.6136913 3.8050842 2.3757846 1.7500623 26.118176 1.5396732 17.339375802153974 
Car -1 -1 0 662.0579264685981 161.19009553368434 749.4640478034001 237.11157412169806 1.9251385 1.7988051 4.569363 2.609114 1.6293771 20.598446 1.5505316 59.2116614173062 
Car -1 -1 0 482.7425815622474 182.86363106587035 558.6369405641227 211.95178092946205 1.4095017 1.5886658 4.0177517 -4.7231364 1.9636813 38.093422 0.65554464 3.342149390865186 

