Car -1 -1 0 307.93344255332494 190.46958156736764 438.5357744725546 265.1989558837062 1.4640638 1.6577791 4.2148247 -5.465991 1.9374952 17.26524 1.5946867 97.00246133551632 
Car -1 -1 0 776.1461021397087 172.64384033202174 1095.9376220040385 268.88801523016923 1.4493567 1.6852072 4.4457827 5.124566 1.4461918 11.766719 0.02638979 173.35303112096625 
Car -1 -1 0 716.8162308837988 176.48560821512032 892.0543078338366 237.97119597937436 1.5103738 1.6374097 4.0908623 4.9764347 1.6093514 18.748867 -0.04818919 80.65708492192115 
Car -1 -1 0 704.1763492668927 176.21168758808216 854.7416836255729 229.05324985172192 1.4847057 1.6160561 4.0357614 4.942299 1.5880687 21.300465 -0.051775116 10.41001697188246 
Car -1 -1 0 678.1085561952177 172.7655012422822 799.1992513279368 219.82384818687112 1.6755342 1.6778761 4.1591415 4.677251 1.6723831 26.540947 0.0054513947 10.421648861523586 
Car -1 -1 0 690.051199634836 175.85839047344598 820.718868933653 223.60320194798302 1.5143144 1.6106313 3.9813626 4.7381716 1.6168082 23.801184 -0.00429748 8.369390337636476 
Car -1 -1 0 668.9769795955519 175.2574679897181 749.5252034087475 209.03969839796483 1.5766006 1.5831252 3.607803 4.749946 1.6949705 34.666504 -0.0433694 2.5154279340153334 
Car -1 -1 0 650.8009018097845 173.98851043378627 722.1528894020884 201.76739538672615 1.5914214 1.6375794 4.0099254 4.461299 1.6591381 42.235676 0.006424376 3.370782964299613 
Car -1 -1 0 828.234095120932 159.5181336695188 867.2151213051127 179.60719559310945 1.5661014 1.6384084 4.0562286 19.195477 0.52646476 58.316372 1.5204179 0.6708586723526072 

