Car -1 -1 0 733.5042380789519 171.82332369104765 938.701043038723 306.3789316552223 1.5234277 1.5852567 3.5381532 2.8854918 1.5117584 9.973646 1.5236671 107.04900233418381 
Car -1 -1 0 674.5182058681365 169.60536679320523 769.5410503185915 236.04822380191234 1.4973787 1.5933051 3.7705994 2.7150517 1.4241663 18.191996 1.5085909 85.57541508855877 
Car -1 -1 0 148.34268440409087 194.5043438152717 241.32365495315835 232.47345835453356 1.4743936 1.7262877 4.3603373 -18.651812 2.5210056 32.695236 1.5651 36.25523629497898 
Car -1 -1 0 0.0 200.14281933630315 118.3598481664766 273.83323126390286 1.5297303 1.6830584 3.8218813 -14.616957 2.2947867 18.312939 1.5765524 62.44554766026114 
Car -1 -1 0 643.4444719260229 172.656019688941 700.5358145012403 213.878023829534 1.4607545 1.5819709 4.105693 2.3149562 1.4537387 27.668215 1.5062344 32.92624984355858 
Car -1 -1 0 231.39161936228726 189.34603294400227 298.54337575693245 220.87790266278552 1.5252342 1.6433473 4.104624 -18.587584 2.466496 39.11943 1.5820459 18.51123396080196 
Car -1 -1 0 339.5771383309957 184.91955026983828 380.7263430878061 206.52496899611512 1.4880347 1.6189222 4.2453976 -18.670895 2.4297109 54.190052 1.5718985 9.984006397284864 
Car -1 -1 0 292.94310988250464 187.96455844976407 347.4749181914173 213.53358554871346 1.4525304 1.6207991 4.334087 -18.271372 2.4567668 45.764393 1.5982586 7.49732983613576 
Car -1 -1 0 598.3889800644554 174.5964923474189 624.3241589090424 193.73315056725673 1.4867032 1.6061497 3.9104948 0.11262895 1.6328347 58.46901 1.4427171 4.5616006148692865 
Car -1 -1 0 609.9243246169926 174.79141402157643 645.2205091060483 200.04881354572703 1.4580815 1.5580945 3.5421247 1.0535611 1.5807168 43.806103 1.4234799 3.0813631361313307 

