Car -1 -1 0 686.3773077268689 181.6175169415742 812.8123312702177 274.2712032596479 1.45636 1.5866991 3.9506412 2.4872386 1.6469016 13.702538 1.5576569 114.6765087939082 
Car -1 -1 0 483.7575305969579 177.05919661366752 541.9469902302021 222.03973709408044 1.5042999 1.6118525 3.6909814 -3.4541533 1.6685067 26.325726 1.5755587 59.17378378366417 
Car -1 -1 0 658.2939909811706 175.87905647722863 744.2568296689707 240.88727596941058 1.5061874 1.6261642 3.7311811 2.2793522 1.5929166 18.790318 1.5311033 61.83679424041257 
Car -1 -1 0 746.8101981188222 185.19764384071925 1037.9487423984094 369.36238425604665 1.446643 1.6472573 4.086046 2.7189698 1.6184019 7.991232 1.5778704 65.89650001870893 
Car -1 -1 0 246.5004644794254 182.44052533334576 417.82959547756286 242.9234827584378 1.4565761 1.5750322 3.8735902 -7.0693874 1.7183435 18.69836 -0.11458025 74.1226463445975 
Car -1 -1 0 294.3171074957837 171.23114513615144 444.61060762585805 233.30264482396922 1.7756605 1.6948452 3.9979954 -7.101648 1.7292359 21.66138 -0.08838731 63.776832165364496 
Car -1 -1 0 0.0 193.78833300991909 346.524333555414 314.46831461372926 1.5150894 1.6647521 4.19482 -6.118067 1.8354021 10.195835 0.0056892885 83.6238343689733 
Car -1 -1 0 635.217119435458 175.88875673259693 683.9488966717593 214.70370282744935 1.454182 1.6105678 3.6603928 1.961762 1.5846893 29.175537 1.5406437 14.672150240039151 
Car -1 -1 0 376.79534249148765 175.53152602769407 485.5421942989767 216.13092067513733 1.6627828 1.6925623 4.2390165 -7.501792 1.7800124 30.63419 -0.052721225 10.091772114437482 
Car -1 -1 0 626.3500948730313 173.96423462153203 665.2520724234972 207.93650639486833 1.5527561 1.5799854 3.491664 1.7051568 1.6091379 34.868717 1.5339253 6.49223082329523 
Car -1 -1 0 356.7042834265292 178.2203058669873 471.2288554699691 218.77341154836435 1.4783189 1.6026635 3.8990865 -7.386064 1.6892191 27.449982 0.054877874 4.569839082316267 
Car -1 -1 0 646.4115486880146 176.33299280204957 709.2405710790376 225.94305395314342 1.447482 1.5524853 3.5845842 2.1112988 1.5677602 23.126554 1.5349023 2.0341048090663656 
Car -1 -1 0 62.408945472443605 189.6856595693158 314.8979114443032 283.065272023217 1.5109568 1.5748621 3.5419548 -7.2986526 1.8267455 12.748323 -0.00081646047 2.961226819601967 

