Car -1 -1 0 37.32796568361409 180.33698414025469 391.79292741101875 375.0 1.4939798 1.6266152 3.9640107 -3.4705808 1.5903151 7.2531343 1.498037 134.10986792312465 
Car -1 -1 0 406.52199905761927 178.2673699728211 489.04841858135853 238.88760828088175 1.4096534 1.5940706 4.0516815 -4.1931734 1.569581 19.2335 1.4909481 85.39238734807111 
Car -1 -1 0 711.9518194259775 171.622587793845 899.7408501883556 236.3830178700764 1.5919735 1.7046546 4.3959 5.0195723 1.5617023 18.770098 -0.083604 54.215624682613765 
Car -1 -1 0 882.6872108268623 186.68070929120336 1242.0 328.3492035087576 1.520344 1.597501 3.7155364 5.509097 1.707432 8.842996 -0.06629801 65.11489455186837 
Car -1 -1 0 728.9242783426395 185.096636745247 934.2039284163795 254.07334989688061 1.4070935 1.5831381 4.054394 4.835473 1.6947957 16.006205 -0.07944379 34.957119210373406 
Car -1 -1 0 587.7930323992405 175.32481746035606 619.6848216907983 201.59212566820057 1.5853132 1.6571128 3.6744797 -0.4079858 1.7488031 45.825417 1.4599384 14.29322236032582 
Car -1 -1 0 807.529276674391 186.43367799574642 1110.4509470352875 295.03557492786973 1.5144407 1.6082107 3.9734502 5.303707 1.7436817 11.238823 -0.07025798 38.91521281610591 
Car -1 -1 0 671.496356568555 176.69140277232296 787.83404602919 220.07086075183008 1.4983814 1.597186 3.872402 4.2788854 1.6417615 26.023903 -0.0718645 6.202200764787831 
Car -1 -1 0 648.7840971560491 176.31929556242974 746.3695753073341 211.66152285538672 1.4769967 1.5997515 3.937768 3.8030446 1.6332576 31.451569 -0.14985238 1.2902908516382923 

