Car -1 -1 0 682.1685192596483 176.90766232920623 777.9139108950759 244.9457006381643 1.428536 1.595651 3.9177036 2.7686753 1.5371047 17.354572 1.5561979 98.0414085033404 
Car -1 -1 0 0.0 184.2417194493671 141.62008132197585 252.47016763702152 1.5106626 1.6497668 4.0149 -14.259978 1.8372393 18.6713 1.5874968 105.00018698691744 
Car -1 -1 0 575.7404030979549 167.00461149738948 638.6206526441028 226.0377296300647 1.6639761 1.7729126 4.2189503 -0.080412254 1.4990983 22.453243 1.5643536 37.78116432386222 
Car -1 -1 0 644.2298338981284 171.1252003016541 686.235694365906 209.09072975879934 1.5428414 1.6369714 3.7307239 2.3532147 1.4725864 31.210651 1.6004834 43.60302314671978 
Car -1 -1 0 726.0904442858418 185.38523856367684 919.5838097033761 311.73051454173986 1.3513889 1.5707846 3.8127122 2.701622 1.558336 10.006112 1.5751063 62.94282811787609 
Car -1 -1 0 352.6143557910606 174.41156674133745 400.0317836926556 201.76430926937755 1.5774658 1.6489974 3.6787043 -14.056113 1.6757233 43.669987 1.5809311 39.03712562896174 
Car -1 -1 0 670.2006693353222 175.42547732226413 742.2459278945903 229.53012865235468 1.5056083 1.6253502 3.4739618 2.8632483 1.5903299 22.009304 1.5376179 29.57381043137253 
Car -1 -1 0 186.07342412232182 181.95260563761016 272.4380355254004 223.35164837909116 1.4226271 1.6012816 3.6197088 -14.372271 1.7926686 27.479834 1.4951096 14.438511117028362 
Car -1 -1 0 403.46853652009366 173.40138554342232 433.49271370165394 195.0372673230037 1.5358264 1.6215887 3.9244947 -14.09032 1.5778646 53.36757 1.4500985 6.616245962521947 
Car -1 -1 0 305.3112242302217 177.39588588180865 364.1543838067279 207.17012182613763 1.465939 1.590047 3.775179 -14.402059 1.7172056 38.01166 1.5937564 4.78043255821142 
Car -1 -1 0 632.861218070486 171.4431670398207 658.8771130980165 196.03845112747643 1.528338 1.6160876 3.7465668 2.3551066 1.4406693 46.748764 1.6228539 0.34455060958862305 

