Car -1 -1 0 419.77710096652953 187.6954957393919 536.7846648022988 272.36124051879017 1.4535168 1.602835 3.6381583 -2.5648677 1.797936 14.8906975 1.6163259 107.61566820301212 
Car -1 -1 0 719.7297374563536 187.41803609540656 840.3819297043103 293.3140555682879 1.4532399 1.6127756 3.4229994 2.7307262 1.73558 12.19184 1.6912149 81.69757660483772 
Car -1 -1 0 586.2458867094326 184.715072661633 668.6638579657422 259.7841346384036 1.4443268 1.6607659 3.761879 0.462893 1.7457974 16.414833 1.6266478 55.007227997015114 
Car -1 -1 0 557.789214485932 181.88073599314794 606.7267528000511 216.45416315994018 1.474555 1.6220907 3.731779 -1.2191501 1.9215741 33.765923 1.720246 33.32115181771848 
Car -1 -1 0 203.0229489767911 194.3795818262881 310.87170681365427 235.29014788009746 1.4928122 1.574275 3.634864 -14.002451 2.3896923 28.839851 -0.2572215 59.7325517749615 
Car -1 -1 0 698.3062720953708 183.17308938252745 779.088339401456 256.68632310330025 1.4187526 1.6112161 3.899634 2.8736153 1.6844866 16.539532 1.7072818 41.78371593044095 
Car -1 -1 0 773.0761956273484 175.91564756036837 805.3327568898659 202.5490771934298 1.5102222 1.6057049 3.818151 10.759304 1.7029195 43.395454 1.7410977 12.906204655198001 
Car -1 -1 0 625.9742368802267 177.93111977570084 686.8686958814126 233.0246828066489 1.6829567 1.6861906 4.0041914 1.6715887 1.8705084 24.542137 1.7328691 33.25454254555125 
Car -1 -1 0 0.0 200.70128999516936 90.83822653697987 231.32699074201668 1.447022 1.5737588 3.7647176 -29.917461 2.9758515 38.16691 -0.39168066 17.268010907969174 
Car -1 -1 0 41.248203225912405 203.88965798022232 164.7276777609854 246.14058786358953 1.4741404 1.5617933 3.5964224 -19.555325 2.727299 27.992847 -0.21177328 18.10889941770228 
Car -1 -1 0 89.74643351553603 197.53760057786525 201.5507804945464 237.66820155483808 1.5766903 1.6192853 3.751144 -19.952919 2.6871247 31.18689 -0.26507914 16.187764323955175 

