Car -1 -1 0 709.9125727377617 179.5666535455767 879.7473948201509 302.52163968626127 1.4935476 1.5773742 3.5911367 2.5540133 1.6104864 10.765623 1.5599139 61.148551424550945 
Car -1 -1 0 0.0 200.3697007344154 178.66677308153243 319.9666408760264 1.4050381 1.5642412 3.6668088 -8.521928 1.9018762 11.178265 1.5487436 39.531350841059215 
Car -1 -1 0 0.0 197.8329129229155 432.4578341715852 375.0 1.4687346 1.5900652 3.7988348 -3.8208575 1.7430663 6.94154 0.10115242 107.56596497045977 
Car -1 -1 0 648.3124233468317 178.03337069137075 722.6783100321662 234.4707193072105 1.5169253 1.681614 3.6521518 2.1811352 1.685343 21.598902 1.5240501 45.80704154668294 
Car -1 -1 0 351.2647043884492 181.5393192955814 408.4529022597677 222.6922007089185 1.8668005 1.607661 3.9233713 -11.2340145 2.318254 35.533764 1.5590417 44.66245797181172 
Car -1 -1 0 0.0 196.54742040180946 142.5296721946246 282.15985611598944 1.3866837 1.5457947 3.6340938 -11.347454 1.92302 14.513562 1.5740278 7.410495430480719 
Car -1 -1 0 422.28028973327946 184.21546460451685 538.6954227524742 234.64858868536658 1.405998 1.6110518 4.0016046 -4.1748977 1.7987458 22.97264 0.76846796 45.3987615027423 
Car -1 -1 0 218.26166118760898 189.5866718150242 428.4618260732325 303.1505899900576 1.4868032 1.5750242 3.5441902 -4.692242 1.7968075 11.6589775 0.6602673 18.575776841655447 
Car -1 -1 0 203.6281637579453 187.47781658533881 314.34971174947776 241.9460724620771 1.5397377 1.6220698 3.972578 -11.25122 2.0558991 23.468697 1.586355 3.553287629840891 
Car -1 -1 0 503.71453513725066 179.55994994566345 574.0034366076297 206.58481233420028 1.4324389 1.6306372 4.0194554 -4.059776 1.8322382 41.105305 0.69361174 0.2573436498641968 
Car -1 -1 0 489.6763109919606 183.61033203268792 557.6291010289592 215.22120999158346 1.403047 1.5514224 3.6920326 -4.240888 1.9571443 35.25015 0.8831676 0.251908540725708 

