Car -1 -1 0 574.2860721740958 174.35357473153934 671.0503119850613 262.24106420776934 1.4808035 1.6458077 3.6725779 0.32006177 1.5140108 14.099651 1.6254028 60.813511322448164 
Car -1 -1 0 326.4288436185753 186.480144396111 477.82279601053625 283.65571962383217 1.4195521 1.6562396 4.142583 -3.5796769 1.7085093 13.213382 1.5505704 129.52283968983645 
Car -1 -1 0 523.7620445495728 175.28572238122024 574.9981351486435 209.3736569263675 1.4649245 1.7678299 4.4859576 -2.7267432 1.5859642 33.62477 1.6282765 38.9410444855334 
Car -1 -1 0 776.3202528799526 156.25785023873598 869.4840539581301 208.9922213864478 1.5090061 1.6621711 3.797272 6.5553074 1.0341034 22.577377 1.5307196 78.11016350692508 
Car -1 -1 0 670.5180972293499 167.50184763128476 710.9807869991548 196.2554911512121 1.4873779 1.6657141 4.305007 4.383497 1.2105198 39.48925 1.5550996 17.114211431403515 
Car -1 -1 0 895.1035260209718 144.65770185655327 1109.4129036626712 235.5678087906077 1.7212805 1.7125292 4.299067 8.340481 1.1874152 15.304709 -0.4106649 74.5959924324775 
Car -1 -1 0 1054.250723785121 127.03378188496042 1140.4521124932933 161.48657417765912 1.5255387 1.6276135 3.7676966 23.606472 -0.58249605 35.08448 1.5644813 7.1860991908232466 
Car -1 -1 0 1104.9227348701695 122.17338014532942 1207.1843180854578 156.35492783850532 1.4693028 1.635995 4.2851315 26.578081 -0.8566342 35.288296 1.5301472 18.41782783802548 
Car -1 -1 0 0.0 197.43610075177543 87.43807867925173 242.45721924978554 1.4207301 1.6038252 3.8930967 -21.194212 2.4182382 27.173773 1.1834568 6.519865901740497 
Car -1 -1 0 1060.8652841449505 150.25122332911212 1242.0 248.2455658602969 1.4914851 1.595346 3.7044685 9.819999 1.1474682 12.126526 -0.1969157 34.46959469428859 
Car -1 -1 0 565.2957779297665 174.09719171260625 594.6867696799061 198.130215858254 1.4931084 1.6154412 3.8742054 -1.8870591 1.5774686 46.996357 1.607927 2.183025705765452 
Car -1 -1 0 983.4692466154492 133.01113115801186 1094.8484512715988 169.1922535999236 1.5267346 1.6421282 3.8714957 18.794302 -0.16617781 31.701405 0.11812478 2.7578983870785425 

