Car -1 -1 0 0.0 155.9265263234903 152.98156246913376 218.99647452131035 1.5118287 1.5473017 3.4405527 -13.885228 1.1060658 19.026062 1.5576177 84.79305187584212 
Car -1 -1 0 122.973608686559 160.04307157232594 239.3548744176489 208.66910013506524 1.4379566 1.5864861 3.7413743 -13.636823 1.0591149 23.224628 1.5490439 54.40695990401389 
Car -1 -1 0 780.1892811748138 182.17180937670912 1154.3988002949482 375.0 1.6014992 1.6781232 3.8503852 2.9014518 1.7150867 6.863022 1.5799472 119.88462825801093 
Car -1 -1 0 731.1562308747576 185.41897757392883 884.920699464541 293.5317741963626 1.4200437 1.5518141 3.5926132 3.0271153 1.655342 11.704628 1.5851591 75.73589068918157 
Car -1 -1 0 690.8306972827654 179.83278113260772 790.232534386901 250.45968731081484 1.3996994 1.5813102 3.9868658 2.8918672 1.5804049 16.688488 1.5723978 87.25205878992288 
Car -1 -1 0 596.5166715975556 160.52918633711795 653.415238376305 214.627806886208 1.6760066 1.764335 4.3206363 0.4492523 1.2941766 24.52553 1.5574794 33.72308106491725 
Car -1 -1 0 673.6864675271913 170.69459814364717 720.7105146448181 208.48204989523018 1.4022596 1.5710547 3.779999 3.423097 1.3221259 28.698364 1.6147997 32.47232761802797 
Car -1 -1 0 683.7332533298876 179.18365424544214 757.5431887705032 233.08381190790604 1.4192066 1.5918136 3.6787186 3.181345 1.6220114 21.274836 1.5654948 9.433499328970363 
Car -1 -1 0 651.3251242605198 165.31247099705942 681.2736439767062 192.14745918930112 1.5112133 1.6163087 3.692498 3.3830514 1.0865116 42.562008 1.6888553 1.7772590841565108 

