Car -1 -1 0 738.1429869484383 178.91417615357832 839.6491589852517 227.8153981318553 1.560225 1.6755693 3.8014565 6.2580757 1.7926881 25.60607 1.2294959 104.06137523972153 
Car -1 -1 0 326.2978654725967 174.08512899602567 387.04656993906747 215.75611180587515 1.6975169 1.6742232 3.7353206 -11.099338 1.7547748 31.534958 0.99632967 82.95517064876861 
Car -1 -1 0 544.4105502255491 178.53458949869864 612.648226350497 210.3698139389247 1.4859289 1.648383 4.117988 -1.6377231 1.791584 36.640556 1.0131193 12.785564851536918 
Car -1 -1 0 208.80679416031293 173.47751940840683 249.75685904511815 203.61436371981435 1.724909 1.6763752 4.186849 -23.005606 1.7644696 43.584335 0.9599991 24.455829560923377 
Car -1 -1 0 417.3258504141174 178.7101408896297 466.33214972012945 207.05125737795836 1.4844892 1.60484 3.8472428 -9.505877 1.8316514 40.710293 1.0351522 4.553738639602031 
Car -1 -1 0 302.5340680386382 166.32727959970376 361.0642514391696 209.18486327356356 2.0059187 1.8515133 4.7940426 -14.033092 1.70044 36.292244 1.0078452 12.551509169382438 
Car -1 -1 0 59.12520058061858 175.85613382376846 157.71742788363204 205.3460501553885 1.5408196 1.6695504 4.1939425 -27.404078 1.712251 39.612698 -0.40246564 1.6286943973661758 
Car -1 -1 0 800.1659804079341 183.80259672686614 900.233485699505 225.79289234171156 1.4338304 1.6626487 4.0081806 9.196405 1.8902977 27.92316 1.2763741 2.3756463527679443 
Car -1 -1 0 509.6044913009774 176.65870243422287 572.3613379363064 209.62781309374608 1.5560127 1.6096584 3.6751714 -3.51464 1.7588146 36.484882 0.98232526 0.28965178414737663 
Car -1 -1 0 468.8114507151393 177.53904741191764 522.9581402082 206.90127245721018 1.4975342 1.6034033 3.7993605 -6.2668114 1.7671958 39.490543 1.0245616 0.26276159286499023 

