Car -1 -1 0 130.790458222003 192.15756509332962 349.6526110518529 312.93448337147544 1.4432921 1.6430618 4.198429 -5.546911 1.8082323 11.4774475 1.4825326 86.12035224079955 
Car -1 -1 0 335.0841737556977 186.21125430996887 449.09007802553305 258.7288023026202 1.4800475 1.6301577 3.8844433 -5.09013 1.8383474 17.400488 1.5556872 75.93817975247686 
Car -1 -1 0 33.596505705805214 180.57968167526 205.52773752015665 262.3932233523709 1.4848299 1.6237289 4.089545 -10.422826 1.6677839 15.263256 0.5992326 47.91476373148919 
Car -1 -1 0 394.5077732221522 181.03535539382156 478.0183180233133 237.28784574331758 1.5523365 1.6745663 4.040455 -5.293833 1.8308046 22.530249 1.5605699 27.516242756559738 
Car -1 -1 0 292.843890244534 181.06903535031714 402.23041588951935 223.39029310668877 1.4692452 1.5914469 3.8528347 -10.04175 1.8105968 27.916199 2.0979772 13.366283523564658 
Car -1 -1 0 0.0 178.16815475334081 119.75113335066969 278.3649315708552 1.5094155 1.597424 3.7236018 -10.406506 1.6155765 12.731163 0.5752119 21.3595717725783 
Car -1 -1 0 112.29434768871864 178.221128663377 260.11143191120937 245.9405091351904 1.4809597 1.6647376 4.2444887 -10.635942 1.6294167 18.022137 0.64073265 31.962400200370848 
Car -1 -1 0 240.286186765651 176.9419988017859 344.75541076717286 230.1390057058261 1.584346 1.6456517 4.041823 -10.493959 1.7301073 23.7594 0.7372246 16.91421018360786 
Car -1 -1 0 331.18972783809926 170.4947276853757 408.2483155324278 211.05104822841955 1.8229525 1.6512085 3.8127887 -11.417415 1.7169062 34.262302 0.6691589 9.013186701859553 
Car -1 -1 0 481.52181648608587 178.53410935705554 512.2589566419958 201.12629894357977 1.4896613 1.581853 3.6917286 -7.8235497 1.9006189 50.354614 1.5669575 0.2686117887496948 

