Car -1 -1 0 432.1909500752862 190.94953109949094 512.8924018065272 243.91629405390896 1.3996557 1.643628 3.93554 -4.149456 2.0119858 22.422413 1.6034137 83.07201280575103 
Car -1 -1 0 682.7057755106003 184.71714298864995 752.7520325109873 238.80654336174314 1.4833217 1.6024837 3.4425702 3.2569914 1.878105 22.279198 1.5569086 68.98132633499084 
Car -1 -1 0 230.1585390147464 196.0383198183739 429.0861395507278 311.7461735744474 1.4434661 1.6451313 3.938106 -4.303766 1.8860271 11.785556 1.5941722 89.88680932488772 
Car -1 -1 0 754.9335318319183 193.46897528309404 951.9702996816646 328.51430001845637 1.4060767 1.524528 3.2864814 3.0403638 1.7289858 9.658232 1.570059 64.87784746688506 
Car -1 -1 0 538.336039622751 182.38961871479327 569.8065186658373 206.313889372888 1.5053351 1.6005191 3.7936316 -3.720182 2.1772578 48.89689 1.6374918 20.811826540034986 
Car -1 -1 0 670.4302059490177 183.39107773152622 724.5016111937549 226.9235622202366 1.4580258 1.6010293 4.2297864 3.249293 1.888145 27.32473 1.5877397 31.978898359868207 
Car -1 -1 0 631.8272689743611 179.4043812408115 664.0546496342105 202.6752476526668 1.5406694 1.628978 3.9898255 2.7572446 2.0237992 51.092216 1.7934759 13.516660689486306 
Car -1 -1 0 443.89216007611464 181.3493816022032 492.72274633939315 214.72962998760306 1.4906193 1.6263987 3.7749689 -6.8020473 1.925801 35.07189 1.5731444 5.106868307426342 
Car -1 -1 0 496.83413914772814 180.90932072040374 528.9826696530381 205.34680480636433 1.5301597 1.6306376 3.8561177 -6.437866 2.0918427 48.381584 1.5731345 0.5529912369225523 

