Car -1 -1 0 478.2465309002161 172.78764446411668 548.2341218234179 232.24036535011035 1.7468524 1.6554748 3.8860676 -3.1890647 1.7449026 23.29872 1.281835 97.34124696358148 
Car -1 -1 0 210.9788977360857 184.87836423535404 316.24253827721367 216.5548758762327 1.4286628 1.6772536 4.466826 -16.771938 2.040748 35.21171 -0.33009222 74.46038345359541 
Car -1 -1 0 762.79922155874 177.95433988447857 873.4322742402975 221.50798154595904 1.3675015 1.6484756 4.4760528 7.2488823 1.5651997 25.589996 1.293849 42.02224767980434 
Car -1 -1 0 598.6011829478958 176.03261827041428 655.691595505466 212.42021206620623 1.4662771 1.6038411 4.1927404 0.6972427 1.6155813 31.67688 1.3683436 6.2799895741811325 
Car -1 -1 0 643.6498076469386 175.30066858896973 693.7839746040119 201.98225580191937 1.5397226 1.6211703 3.9596043 3.56484 1.6967207 44.16469 1.2448561 9.863090777032099 
Car -1 -1 0 242.52634804383607 182.58606125017928 324.12727257819887 211.4365951650808 1.4940461 1.6170287 3.990628 -17.905994 2.0501263 39.78381 -0.35029033 7.17558152998395 
Car -1 -1 0 1083.8971053231885 168.06393342631864 1238.7242250877491 224.9746444703872 1.5001152 1.592205 3.7672143 15.537166 1.3738532 20.345266 -0.3057621 7.827505500444832 
Car -1 -1 0 380.5347332266788 176.24632448535849 410.29379168531 206.46480004220479 1.8410571 1.7069618 3.8766568 -13.845551 2.0697913 46.54215 1.2476354 2.6697919236850676 
Car -1 -1 0 663.1469731142863 173.63646650892525 731.9824453518745 215.59080737050712 1.5886902 1.6393378 3.9211307 3.512267 1.6229242 29.484388 1.3713623 0.528862329616149 

