Car -1 -1 0 848.6572805852244 185.9714164281499 1132.204857888983 347.32081314158177 1.4778246 1.5936632 3.274657 4.178705 1.6626863 8.522427 1.5596619 95.95217365410811 
Car -1 -1 0 770.6109087088025 184.46798585303662 924.2493309545181 280.5226130387424 1.4320741 1.5416906 3.392367 4.071869 1.6672359 12.89137 1.5409348 89.12454119752708 
Car -1 -1 0 0.0 180.29460604364587 134.846408870256 239.73917383443987 1.4339929 1.5714002 3.7854726 -15.0215025 1.6578212 19.7947 1.5473868 51.02420600742168 
Car -1 -1 0 484.70625073107743 178.65374427361667 545.4042553702869 228.3780540469202 1.4026105 1.5438759 3.5321865 -2.8796074 1.5983427 22.560652 1.538482 36.13199933082463 
Car -1 -1 0 127.82387087826264 175.7349584693426 246.80025715920863 221.03624532478247 1.4931123 1.6323125 4.3318195 -15.195988 1.6067873 26.265968 1.6208612 52.7491621101401 
Car -1 -1 0 508.92810483765624 170.82440485343642 562.1864748953908 215.30371200036043 1.6582172 1.6569228 4.028281 -2.8930228 1.5825524 28.927288 1.5877521 24.675964073622467 
Car -1 -1 0 818.1024128259911 174.71631141649007 921.0256104404723 208.79410324110677 1.547393 1.6604462 4.218836 12.120445 1.6369553 33.78199 -0.042106424 22.929075304290286 
Car -1 -1 0 227.82336240640888 155.83222104510838 464.11972290173264 323.0302190920655 1.7554547 1.6727456 4.1132936 -3.182958 1.5767386 9.63685 1.5652659 139.4553451143348 
Car -1 -1 0 665.3522728118656 170.65068287376812 706.0977452393522 202.7119803182633 1.6901883 1.716046 3.9936202 4.1733656 1.5740349 40.061638 1.5377815 24.946298429352378 
Car -1 -1 0 729.7285358811615 179.32602115387377 821.0375449052175 245.41022800168705 1.4836202 1.5897158 3.6297965 4.1115065 1.665107 18.395954 1.5998782 28.475701117689976 
Car -1 -1 0 233.68788056345778 173.01236483000628 310.0066049344743 208.97734533128 1.494566 1.5846945 4.15109 -14.916199 1.5020745 32.106903 1.5329382 7.169271139424011 
Car -1 -1 0 697.1094040001616 178.09232876348037 765.7317553399262 225.36468175403294 1.4126039 1.6003106 3.9251451 3.9539568 1.6008463 23.96289 1.5664743 18.57244212975976 
Car -1 -1 0 402.9631267594797 154.93195242384468 527.4951701323872 253.2351549997493 1.9372152 1.7751842 4.6467404 -3.11765 1.5840337 16.573402 1.6075252 63.905839738245284 
Car -1 -1 0 644.2783088023107 174.39959556726478 667.309314651022 192.0151693534299 1.5432948 1.5702182 3.501443 4.160397 1.6871513 65.3446 1.4830344 2.114872000115439 
Car -1 -1 0 776.1193980080554 172.88340783570962 844.0956753163733 199.3280495129142 1.5580431 1.6005845 3.6129568 12.062698 1.5598562 43.50168 -0.10693493 1.7387234375028793 
Car -1 -1 0 539.2202690447788 175.48935671132259 575.8693591265835 201.76033556819652 1.450398 1.5878054 3.745701 -2.9929233 1.611407 42.15283 1.650507 0.25109168887138367 

