Car -1 -1 0 185.27650778615038 192.2985243358147 453.1867138098481 368.7054635036796 1.4804602 1.629733 3.6252851 -2.991523 1.7523801 8.273114 1.5652199 100.20256723512112 
Car -1 -1 0 671.2667638492907 177.53178698873108 755.2195527168655 244.1972657424684 1.460702 1.546632 3.5073931 2.4583125 1.5876029 17.815289 1.5640193 57.86103484979476 
Car -1 -1 0 700.5125404212907 178.67737494313053 847.1152179683442 284.7180985765398 1.4354428 1.5278535 3.4163575 2.487473 1.5436419 11.681484 1.548485 70.46553085704475 
Car -1 -1 0 750.2148070972087 179.84468080949082 1057.5063342619385 375.0 1.4747405 1.5911189 3.6503162 2.615106 1.5638349 7.3567405 1.552937 85.06871804271421 
Car -1 -1 0 0.0 173.05680079278002 311.6817697031989 306.49355368928764 1.784374 1.733219 4.3190145 -6.8777323 1.7875986 10.562217 -0.020518538 119.53776333714485 
Car -1 -1 0 651.1687738816216 174.93012790813057 712.4379737334981 226.09553202250402 1.5284328 1.563512 3.4508274 2.274519 1.6008971 23.439943 1.5459138 46.74249333176891 
Car -1 -1 0 343.49453975480395 179.03776337526674 474.2580046504972 225.0375709488287 1.6087149 1.7024763 4.360058 -7.274151 1.8439393 26.471302 -0.057592615 14.525712798334846 
Car -1 -1 0 277.8338138192563 178.93595128261722 439.98396787531425 242.7695924211992 1.6236578 1.6343997 3.8175097 -6.6479015 1.7950559 19.429588 -0.04614848 25.24775744365144 
Car -1 -1 0 175.19518766878383 177.4007922241577 381.2208503357818 250.49611871456227 1.5631499 1.6222967 3.9218392 -7.38989 1.6712736 16.344841 -0.0011944785 6.631102641696507 

