Car -1 -1 0 684.3934668725539 177.90086617376886 817.5314658814561 266.9620417430643 1.4411521 1.6005958 4.277038 2.5674367 1.5548906 14.091229 1.5295577 110.58380307704161 
Car -1 -1 0 664.4531344015378 177.9662932540475 739.6514022027324 238.3371958764147 1.4419752 1.5909569 4.06647 2.4093547 1.595541 19.627344 1.58798 53.81555333354969 
Car -1 -1 0 250.97848831234006 187.07228998352835 431.60493370002683 248.38878727462412 1.4805582 1.6242692 4.062559 -6.83337 1.8644204 18.644796 0.011344251 46.82849845699034 
Car -1 -1 0 427.4784727318552 180.7326843979707 504.45377405647145 212.19400265227776 1.4968419 1.5514314 3.5369039 -7.0428877 1.8951863 35.62027 -0.048490096 27.5053391802362 
Car -1 -1 0 0.0 174.26861918531722 326.12496790750356 312.55817578169297 1.8280993 1.7054856 4.129963 -6.5503006 1.8509305 10.602434 -0.09401645 138.48009293343475 
Car -1 -1 0 121.42071416001097 190.10151080864966 376.10187690122694 280.03571769868665 1.4919196 1.6012774 3.8217454 -6.406546 1.8242236 13.091111 0.0052190362 12.63668697472117 
Car -1 -1 0 585.1587112671608 172.1094192785603 624.2858955126469 212.75116010489987 1.765897 1.7006447 3.9871428 -0.19332284 1.7335446 33.35184 1.579371 20.97570024565499 
Car -1 -1 0 189.99067341632042 184.2250588331673 394.5168869665808 261.69790972409777 1.5859656 1.6169137 3.8477354 -6.9484267 1.8533971 16.010883 0.07949834 9.172002142817929 
Car -1 -1 0 650.5960746205998 174.92540729899676 699.9485878471211 215.46974964569586 1.546581 1.6267189 3.934629 2.6381876 1.637528 29.70259 1.558457 0.26112473011016846 

