Car -1 -1 0 87.18451579831152 197.82372097821525 355.49579668746264 338.71916960382805 1.4515555 1.6673229 4.2527723 -5.1674914 1.8841095 10.347727 1.5393124 122.57590633156228 
Car -1 -1 0 363.6137690336609 194.58601048483393 462.13096077865976 255.7592175470049 1.4432914 1.6802754 4.3424563 -5.5073323 2.1338205 20.748837 1.5628383 77.77332498178687 
Car -1 -1 0 447.8326533272174 192.6983567792875 496.2495470884468 231.84608977536973 1.4673638 1.5975127 3.9511104 -5.8644614 2.3791804 31.126747 1.5005162 53.70768728513399 
Car -1 -1 0 832.124758003319 182.92974100316883 1193.755799354587 317.2162579629978 1.6189506 1.6547855 4.0909204 5.3492327 1.7706348 9.856068 -0.08916562 91.38467471129157 
Car -1 -1 0 809.0333956467897 189.7401966501282 1058.7759695582079 290.3455960416465 1.5356251 1.5759807 3.508299 5.348165 1.8407137 12.1702175 -0.044970512 64.17770511913085 
Car -1 -1 0 753.3449058843909 186.13756811437455 961.6980549393788 271.5949193626729 1.5833217 1.6019375 3.6450083 4.9122734 1.8686887 14.577907 -0.06784664 44.256856674558406 
Car -1 -1 0 686.0375198329666 188.01266534953234 826.9089035381222 241.32360011486023 1.5204238 1.630857 4.056728 4.4047537 2.0050085 22.097347 0.07668173 43.343744258670014 
Car -1 -1 0 730.1204386740211 190.30123530505224 919.1684304062461 258.05882749124976 1.4861118 1.6283263 4.020773 5.060843 1.9268361 17.27166 -0.070977256 13.322449365460129 
Car -1 -1 0 682.7300935551341 179.37154839604923 806.6199978435217 234.19664775556225 1.7902226 1.6607172 3.9103982 4.5337715 2.0198658 24.5908 -0.0009917532 4.361469273054179 
Car -1 -1 0 661.1872515912967 186.53926520441158 733.0697578080996 217.68980504919648 1.5733277 1.5799887 3.5210674 4.613061 2.317295 38.25835 -0.10272949 0.301059752702713 
Car -1 -1 0 225.76841902169872 186.53174018551795 329.91070670669455 242.53593783150984 1.5413872 1.6352005 3.791758 -10.3058405 2.008461 22.718243 1.5386628 0.5567086001320636 
Car -1 -1 0 473.7458439983018 193.59855029485732 517.3717294906992 225.38918455668548 1.4363439 1.5833182 3.7187762 -5.777113 2.5516024 36.917812 1.588559 0.27457183599472046 

