Car -1 -1 0 181.00478548151855 188.82521095498493 298.4413561093343 242.88894207999672 1.4540613 1.6660746 4.2611637 -11.532875 2.0075235 22.84329 1.5327854 88.13326092039763 
Car -1 -1 0 757.7345691795438 182.30683353227897 1061.478100617308 375.0 1.4696771 1.5548004 3.4840193 2.5550525 1.5847752 7.0318675 1.5859789 106.23054446392426 
Car -1 -1 0 387.07470589408905 180.23373738594165 537.4629576470641 238.62047410686856 1.4681191 1.5801862 3.648418 -3.8770518 1.6752901 19.31783 0.082578756 83.18292468328367 
Car -1 -1 0 623.627354821892 173.69878574436976 671.549492043586 207.86517630328422 1.5192649 1.5665513 3.4711714 1.7397821 1.5612372 34.0121 1.4134194 16.51182865495329 
Car -1 -1 0 271.37978703202725 184.64066700190185 341.5519574902203 226.43558781949804 1.4187835 1.5329224 3.5932596 -11.429877 1.8974504 27.426823 1.45079 10.832219570440614 
Car -1 -1 0 653.2224238070286 174.2097162017647 718.6888298439854 225.32468240652082 1.5122126 1.5901353 3.6268625 2.385039 1.5594349 23.288418 1.5301658 13.767977721621921 
Car -1 -1 0 266.6899940176433 183.4805155946675 427.7102117825966 275.82426648769035 1.4976442 1.6139491 3.607811 -5.17 1.7310889 13.990501 0.806058 81.3327353965226 
Car -1 -1 0 478.32033799274706 178.4039135836873 557.498504513047 209.5094153147934 1.4123945 1.5788381 3.994566 -4.5278716 1.6988652 35.342392 0.7107845 9.129392464735393 
Car -1 -1 0 667.5647095217618 150.81713259235434 775.391984486783 241.27765334877543 1.9433595 1.8558072 4.629503 2.5949101 1.4699423 17.834639 1.5496267 61.47109118506805 

