Car -1 -1 0 925.9192672930847 180.06281243870748 1134.0040656043857 354.05406173119206 1.6011376 1.6263193 3.7597837 4.864799 1.7100625 8.855936 1.9377291 58.71577342303265 
Car -1 -1 0 471.71402753946177 179.28432089411623 663.1275072019541 261.18507920913083 1.5400248 1.5958598 3.660859 -0.8435296 1.6853868 15.039036 0.27944624 104.19311295702492 
Car -1 -1 0 879.4923983003526 186.73198676089586 959.7009668217194 248.8987764869578 1.4303579 1.5955647 4.0015883 8.348587 1.8506975 19.707064 1.8699042 47.56474976939089 
Car -1 -1 0 898.8318200047211 186.96104211955776 1038.462281215663 281.7064418891024 1.4776496 1.6060816 4.0750422 6.7930064 1.79524 14.071908 1.8177327 44.711724900962295 
Car -1 -1 0 510.3535099292631 167.85662207981392 690.5289367569181 250.60531660167607 1.8394156 1.6928855 4.030073 -0.1938973 1.7283291 17.443602 0.30027655 46.2630969069226 
Car -1 -1 0 858.4407063546331 185.1655879940359 908.9028231677936 222.85435484904974 1.4586488 1.6128442 3.9438193 11.860118 2.0306482 31.413206 1.8191235 3.9916654946369516 
Car -1 -1 0 570.9961750299932 181.5699303169695 721.2973511826912 242.82517842013138 1.5352738 1.6171122 3.8718562 1.003341 1.7982469 20.156654 0.48156843 19.392861339939927 
Car -1 -1 0 662.5443772687643 178.3093493182583 750.4245776798438 213.31344637867872 1.6011443 1.6344261 4.046933 4.674883 1.8725688 34.646973 0.22737978 12.326778120720851 
Car -1 -1 0 875.6644537778809 186.1371651952622 935.4567077479027 234.59646241618466 1.4468076 1.597939 3.82132 10.0624275 1.9401829 24.736736 1.8805609 5.196581625487029 
Car -1 -1 0 847.3338282171519 184.68359912584097 880.2300625478656 212.78391283871645 1.5326514 1.6143306 3.8102121 15.151181 2.2735028 43.13507 1.8455137 0.8028907139748108 
Car -1 -1 0 746.4583721211744 181.15884245604735 775.3083893121534 208.28651042479734 1.5717964 1.6500558 3.8224144 9.412539 2.1139157 45.073692 1.7475543 0.2543880045413971 

