Car -1 -1 0 229.1037352406973 182.89377779145352 440.17664854555665 322.55013079029806 1.4471866 1.603942 3.8737762 -3.4240735 1.6104867 9.749308 1.5030475 133.40639242500492 
Car -1 -1 0 435.19735246277133 179.31679045495446 504.7362609131377 232.37451481872975 1.4172504 1.6161517 4.0168653 -4.1258593 1.6313597 21.840199 1.4947321 80.85313879269876 
Car -1 -1 0 593.5843504763961 178.25690093709258 622.7632888024964 202.6162300799948 1.5408072 1.6181223 3.7222962 -0.12889107 1.9178677 48.42536 1.4754514 13.470272102903174 
Car -1 -1 0 897.4711635820814 200.1419270373321 1242.0 341.5697218829759 1.4269202 1.5373058 3.5414948 5.440078 1.7767806 8.424776 -0.03268619 88.88890798371283 
Car -1 -1 0 826.3563536727703 186.63682382466214 1122.9516321967997 293.8111428539199 1.5173965 1.6153681 3.8812425 5.607355 1.7519698 11.365474 -0.0557499 57.3512382071008 
Car -1 -1 0 702.1422731950981 174.8493247657934 863.6804024063138 231.2949187594053 1.5810134 1.6983587 4.3239098 5.0443373 1.6427691 21.307064 -0.08262022 50.041023663443305 
Car -1 -1 0 716.2064922553811 186.19069928819673 888.0178819634577 244.67279346038347 1.3899585 1.5614101 3.964334 4.8646894 1.7492862 18.507343 -0.07805557 22.112058619543827 
Car -1 -1 0 771.9890127190619 187.56978001527466 1001.2870312363332 273.35308240960666 1.4817877 1.5773845 3.7727537 5.1854725 1.7819425 13.7553005 -0.09371975 25.618843847257665 
Car -1 -1 0 668.8412397192686 177.71591522767127 776.8171550527513 216.8424084112283 1.4852169 1.5989106 3.967215 4.4298477 1.6837357 28.539795 -0.062419567 4.267697937531533 
Car -1 -1 0 499.0393091030195 176.0481775251569 535.2419480128109 203.2072281142185 1.5172682 1.5881612 3.6895077 -5.411834 1.7141385 42.60941 1.5930792 0.9725715355654845 

