Car -1 -1 0 687.1219717478543 175.8407861147922 787.47465895957 251.50511416001487 1.5361378 1.5741104 3.5248125 2.8141923 1.6121607 16.577589 1.5372919 83.92260308578048 
Car -1 -1 0 731.0670096854151 180.99182757513833 905.3883228062075 305.2074109025292 1.4476626 1.5338864 3.3734705 2.780724 1.5831434 10.321512 1.5761925 89.20317995392116 
Car -1 -1 0 51.24939090033533 204.9839061332814 162.11338305554202 252.4971283872977 1.5017185 1.633311 3.7018337 -18.80416 2.795216 27.185787 1.5568234 55.69171694667237 
Car -1 -1 0 657.0247687565808 174.50316826126956 720.0392551455191 222.5126875096262 1.5081868 1.6032376 3.8660808 2.6272767 1.5692692 24.762985 1.5334852 52.8054741820759 
Car -1 -1 0 167.85102639607464 197.19971819134446 272.91732536234514 244.85223107322852 1.5539887 1.8515108 4.0661335 -14.765899 2.555769 27.651411 1.5648818 75.4632186077604 
Car -1 -1 0 633.9423742401981 178.05873940769837 673.9602219701377 211.03453080120917 1.4414797 1.5627155 3.8776715 2.045714 1.7016876 34.115734 1.5466336 17.87312863516614 
Car -1 -1 0 329.2806951935712 192.4284456013934 368.7830224864841 215.94593653247207 1.5252662 1.5936266 3.7808764 -18.68967 2.9854667 51.906933 1.5348755 4.686261921809694 
Car -1 -1 0 626.8678725785877 178.27045917112818 658.0491743629169 206.7612915485912 1.4642929 1.6063389 4.0254564 1.7745825 1.7788715 39.8798 1.5875533 2.0019479117886747 
Car -1 -1 0 289.1092783781201 193.99686731503797 329.39879719771056 220.97280368852748 1.5046816 1.6189667 3.91395 -18.91337 2.90125 45.582195 1.3722982 1.42847488575872 

