Car -1 -1 0 457.11449368908865 174.19270556225786 705.9518371517805 259.6318429111618 1.4638586 1.6763848 4.3480687 -0.45516682 1.4905134 13.379893 0.069251314 129.84261944368032 
Car -1 -1 0 732.6398651901245 162.15635409202864 1052.7908818962621 285.27687713724845 1.5503092 1.6183153 3.799593 3.7660077 1.4156065 9.995575 -0.053783037 135.98388657983025 
Car -1 -1 0 956.2414957384508 169.4205034510453 1163.7316631464141 237.76184359950142 1.4898106 1.5950258 3.7551498 10.276346 1.4149618 16.680824 0.08366387 89.44292995909011 
Car -1 -1 0 706.86936114102 171.9449721170493 898.11506391951 242.68143877334126 1.5724798 1.6680546 4.221445 4.5071106 1.552272 17.269554 0.19629915 92.87167517132202 
Car -1 -1 0 253.8834580529289 177.74671544053172 370.3941058048656 223.8915450201185 1.5170299 1.5559516 3.4038808 -10.2375765 1.6929781 24.940865 0.13918266 72.94599146119636 
Car -1 -1 0 664.760479422983 169.7185495561137 757.8142568805001 211.392083412504 1.404321 1.5752264 3.8128304 3.7667756 1.298662 26.280933 2.26928 48.26322571978063 
Car -1 -1 0 1107.86606464917 160.5131125791272 1170.081081506811 205.29289361191297 1.4484404 1.5043638 3.2528253 18.352375 1.0492637 25.1169 2.1280851 22.687596134433935 
Car -1 -1 0 744.3018818408782 169.24698760683427 825.8001600746895 212.6671113671658 1.4355606 1.6002684 3.6784308 6.338993 1.316305 25.820358 2.1834831 6.978284895817206 
Car -1 -1 0 934.6081139698892 158.78816049495364 1021.2576853292188 202.40136767053176 1.4519007 1.577856 3.7770596 13.258741 0.9836433 25.88618 -0.75161785 13.735586304527308 
Car -1 -1 0 584.12592531481 170.970141730923 676.5748810289272 212.98217378055918 1.4247713 1.5509454 3.5698998 0.81827974 1.3608831 26.3513 2.239085 6.034332707302407 

