Car -1 -1 0 869.2167540522223 160.24704018663473 1019.8641333096191 227.49563453150864 1.4543283 1.6813687 4.4034414 8.037321 1.1816882 17.80759 1.5729263 75.17897297879041 
Car -1 -1 0 651.574889356295 174.21600465332588 735.9091995263414 233.37996305681895 1.3352191 1.6077328 3.9820309 2.2604046 1.3741827 18.511631 1.8273243 52.19513392066211 
Car -1 -1 0 509.6657541965102 176.82194771018305 628.3798512908166 229.12219758689704 1.3700455 1.6664608 4.0142846 -1.0886693 1.49958 21.392086 2.0627837 67.28109621321497 
Car -1 -1 0 952.6185149478192 162.52157943374357 1116.0886653723205 222.67211551089153 1.4136074 1.6218249 4.0170927 10.997702 1.1707834 19.046001 1.4545777 49.44697547425483 
Car -1 -1 0 362.2057292429445 178.17016592757585 430.65066186107487 215.84389921520315 1.4428799 1.5798937 3.7639596 -8.802534 1.6787617 30.095642 1.6213429 18.62345162961199 
Car -1 -1 0 386.76771238397293 178.05792093834515 473.506238909153 218.20163508195094 1.4035635 1.6143061 4.0790114 -6.8421507 1.6207986 27.954597 1.7883773 19.15734053511671 
Car -1 -1 0 463.4472656015121 177.97187349157522 570.460482404026 223.99675061339713 1.352778 1.614883 3.9188175 -2.9492998 1.5365462 23.793228 2.0238743 38.455567775902104 
Car -1 -1 0 121.71596231167258 176.79919768399438 230.31840805100973 246.47193421989658 1.6881046 1.8136715 4.502569 -12.119085 1.8101625 20.03241 0.85119283 69.05031598535813 
Car -1 -1 0 1013.2513393650511 159.8879485795011 1188.3136715009357 217.32376240118464 1.4398971 1.618933 4.1920786 13.578838 1.1148423 20.289856 1.4044422 31.598895825917648 
Car -1 -1 0 426.5198544952389 178.2349672725521 535.7503162273106 221.54073928496354 1.3970857 1.6043966 4.159475 -4.5258007 1.6076758 26.031982 2.0823023 22.378750541837867 
Car -1 -1 0 1121.3381371006717 157.33672576251791 1242.0 205.39436531367036 1.4332992 1.5961119 4.032262 18.804222 0.9705028 23.61036 1.6794722 9.649411838809481 
Car -1 -1 0 707.9575016963634 182.8355075988581 792.908551840215 217.82138249734854 1.4638462 1.5897586 3.758865 6.436857 1.9418694 32.85697 -0.58287156 10.186760917744783 
Car -1 -1 0 755.7258725362682 179.1806478515187 845.1717051781507 217.62537195489844 1.5063967 1.653313 4.1067715 8.212532 1.794333 30.877987 -0.7051631 21.73035031558479 
Car -1 -1 0 805.5389255885408 175.72404180522324 884.6410204202282 215.99778825226804 1.4912165 1.6594086 4.143497 9.574935 1.6156422 29.150545 2.2540374 4.43215431016128 
Car -1 -1 0 636.7647682843043 181.98430526046607 716.7617514477183 214.00200926736235 1.4942781 1.6194477 3.9242682 3.4259639 1.9788721 36.497875 -0.6190329 5.281181874815784 
Car -1 -1 0 331.36027307074477 177.92488034692585 405.3781307107306 213.41258091663843 1.4544826 1.605591 3.8111882 -10.652308 1.6943932 32.140144 1.706836 1.973152691292528 
Car -1 -1 0 271.2846578938752 178.19206849828137 360.60447391834487 207.78633003621997 1.5029016 1.6590945 4.2073708 -15.961119 1.8084619 39.328217 -0.6854792 4.005039285274391 
Car -1 -1 0 1076.960000019454 159.67424524144425 1231.3468315409632 209.94835685294896 1.4052213 1.5812771 4.138139 16.575417 1.0368314 22.251957 1.5512627 1.1203463868720007 
Car -1 -1 0 616.2536596533223 184.31749790728952 666.1608893506849 214.797307076444 1.4717951 1.5958235 4.0448294 1.7523713 2.1203022 38.64669 1.9001712 0.5628825526359132 

