Car -1 -1 0 741.1911705980211 184.12449302158612 971.5386019699448 328.0566136993318 1.4167128 1.6156092 3.783666 2.8843079 1.5918881 9.307717 1.5515594 96.03214516567921 
Car -1 -1 0 0.9036965267231197 184.52159498083557 171.23493623914862 244.84325289666066 1.4105738 1.6820621 4.390149 -14.223725 1.7695572 19.967987 1.5240554 87.52355612973373 
Car -1 -1 0 708.2305914417507 179.70605979700272 830.5333745645673 267.1429782702532 1.4451333 1.5257639 3.3508513 2.9361804 1.5931342 13.888076 1.5419066 65.81147891155489 
Car -1 -1 0 574.9542330761984 167.93724376788407 639.6461991438804 230.66528042360986 1.6670358 1.7207499 4.419552 -0.098127246 1.5363699 21.399817 1.5532739 41.76353463651933 
Car -1 -1 0 659.4328969489956 172.95487526608898 721.3332459539085 226.0035682411774 1.5709345 1.68205 3.6671739 2.5225732 1.5744418 23.230791 1.5992662 57.14842082100006 
Car -1 -1 0 297.4586615680182 173.6839998188154 359.1105665471896 209.96380802451642 1.6990399 1.6237664 3.6073318 -13.833079 1.7421665 35.682297 1.5771642 58.921344329913474 
Car -1 -1 0 645.3139327048355 170.06707746504415 678.0945327019863 204.01089370952587 1.7320274 1.6706231 4.2926416 2.77 1.5898209 39.002754 1.6207497 11.1055922584277 
Car -1 -1 0 369.26777006603174 174.39984950363586 415.5791846480438 200.73467160793777 1.58464 1.636262 3.944657 -13.674729 1.6867168 45.64833 1.6020683 13.356235887584763 
Car -1 -1 0 226.13973118829276 180.34073353037206 309.51192247421875 218.9668206586975 1.4650351 1.6414766 4.0499325 -14.185474 1.7995828 30.200354 1.5496445 4.43924096814584 

