Car -1 -1 0 515.2402684456764 171.1590567540799 590.9576530566926 233.9547383998556 1.7106425 1.684556 3.6776655 -1.7766064 1.6644697 21.643044 1.3281429 96.87593649884946 
Car -1 -1 0 250.76416088715231 183.91706296741458 355.38446420922384 215.69100571643804 1.4127263 1.6619271 4.4160194 -14.527529 1.9620662 34.43842 -0.2699858 77.65382235096983 
Car -1 -1 0 828.1429056910133 176.26999151725957 950.850156884084 223.88685402386363 1.3656027 1.631676 4.0932894 8.843105 1.4857035 23.187016 1.3333802 48.163218932894054 
Car -1 -1 0 650.7410598981072 176.65714569856064 704.031441222179 215.504293024112 1.4695555 1.5954633 4.1052227 2.7272303 1.6376638 29.7995 1.51447 7.18664724210859 
Car -1 -1 0 280.21843727304986 181.34885771678236 365.0825873753066 210.42449868133482 1.4926184 1.6277272 4.120598 -15.485996 1.9690499 39.141327 -0.265478 9.815911566578453 
Car -1 -1 0 422.7568351379792 175.78032651546906 451.1083220847826 204.7109383848622 1.7877141 1.7277251 3.8449142 -11.268996 1.9870529 47.077984 1.3310581 14.949219623639562 
Car -1 -1 0 697.3012533370431 173.79076794797322 745.0534848285472 201.4316268886087 1.5297271 1.6066155 3.8081436 6.4527874 1.5869807 42.083965 1.3947611 3.341304164652588 
Car -1 -1 0 497.42928548554823 163.89430212372648 562.7460814234444 222.78242568011333 2.0006907 1.8023932 4.682168 -3.067046 1.6962899 27.004454 1.3229779 4.475412190975788 
Car -1 -1 0 335.2663958580411 181.2393600986657 389.81380907280055 201.93966287725027 1.5180455 1.6163327 3.905512 -18.8997 2.1769204 55.34902 -0.29771036 0.31541043519973755 

