Car -1 -1 0 556.0075176901854 169.5815317013166 635.5278022540065 237.82070533559013 1.7019271 1.6746505 3.7639823 -0.47682673 1.6203096 19.989347 1.4062049 107.02925139674126 
Car -1 -1 0 287.2079452864038 180.9964571046836 393.33327054290356 213.44441429625508 1.4193362 1.6693563 4.440312 -12.417703 1.8125203 33.5306 -0.22609018 87.04701724647552 
Car -1 -1 0 897.3040644768226 175.31974778106317 1043.530687005544 228.84117159516222 1.3709682 1.6054382 4.1556354 10.246721 1.4497783 20.872942 1.388665 55.30922172583811 
Car -1 -1 0 693.4841547956614 174.55547412797944 763.0366867898571 215.74056928089058 1.4571043 1.5933168 4.2300425 4.4915667 1.5280385 27.89454 1.4667606 9.87171669169364 
Car -1 -1 0 747.3476807704988 172.22950567109294 802.4262421727091 200.213542234508 1.4654268 1.5711129 3.8478222 9.056782 1.432724 39.81817 1.390145 3.2434016676694157 
Car -1 -1 0 320.1839156854671 179.65523379264903 402.19653055871646 209.58165369011147 1.5006366 1.6334797 4.019167 -13.0519085 1.8727528 38.134476 -0.2816312 9.45208950871701 
Car -1 -1 0 545.5816756926193 162.20877616589334 609.3131015852437 224.62131601327826 1.992342 1.8516313 4.8263946 -1.2373095 1.6525235 25.54549 1.4414423 25.784256690869256 
Car -1 -1 0 464.9009578182262 173.14781762780297 491.7475101344509 202.4036356469143 1.8322352 1.6618986 4.017445 -8.643793 1.8523899 47.363297 1.375087 7.592576336718282 
Car -1 -1 0 508.42117900231375 176.18164434774604 527.5828169552475 191.02474721642034 1.4185518 1.6511441 3.913975 -9.092055 1.7592181 71.8618 1.507301 0.9043901223532106 

