Car -1 -1 0 431.29494236771615 182.50177635968328 526.7767561778832 246.1920015958761 1.4260135 1.6774089 4.201224 -3.2827196 1.7071338 18.910053 1.587559 97.43968737699743 
Car -1 -1 0 581.33053791879 177.7435304340824 686.7693096175173 273.00939047635654 1.4694495 1.6614531 3.6154923 0.49454555 1.5713129 13.175901 1.6329792 61.72901174700637 
Car -1 -1 0 777.9419722026114 157.898978410271 861.9034972213319 209.88210905564515 1.6219401 1.6445913 3.9231515 7.026453 1.1553242 24.488895 1.5528756 67.48694126430219 
Car -1 -1 0 553.8008286821051 175.20407516043176 595.7600142767418 205.36902673878978 1.5251547 1.8126751 4.53448 -1.8230348 1.6602263 39.15635 1.6268129 32.926704017866996 
Car -1 -1 0 826.0994842782733 153.17714837214223 1016.2653701883668 237.6554336959145 1.73251 1.7333434 4.3963394 7.23121 1.3289702 16.640276 -0.51891 111.37538069427202 
Car -1 -1 0 684.9197015227445 169.9159524725844 718.4655552700387 196.5085383483988 1.4443738 1.607557 3.9437342 5.214217 1.2847939 41.20095 1.6223918 9.996830492185644 
Car -1 -1 0 1008.7791265869866 156.8954104381176 1191.2312232121753 238.55919048254395 1.4730012 1.637167 3.892275 10.056919 1.1851499 14.734655 -0.55400395 26.780198481764586 
Car -1 -1 0 71.48560570289122 191.52491117605848 164.87482137587705 238.05080321066274 1.5345408 1.6572618 4.0543866 -18.53723 2.2859697 27.168993 0.6353569 2.1782577372102407 
Car -1 -1 0 0.0 195.18369278475376 76.47831948198755 246.53581379590437 1.5461154 1.624583 3.8277645 -20.215004 2.3586855 24.677113 0.46139628 1.007621105152224 
Car -1 -1 0 673.0454592255625 170.4936389091056 699.1934564321595 194.41092496650813 1.562541 1.6252072 3.7496343 5.1711454 1.4083359 49.064003 1.6380647 0.26913538575172424 
Car -1 -1 0 975.4737398543236 142.97583240053888 1080.3466598231412 177.3241360740313 1.5394809 1.6263541 3.868599 19.187494 0.20035002 33.201077 0.025361452 0.7654038600676213 

