Car -1 -1 0 679.4014805103052 182.35446598136724 756.0217346118079 235.32675142426297 1.4188018 1.6886297 4.1223493 3.2095451 1.7375722 22.139097 1.5592759 48.19304329858645 
Car -1 -1 0 113.01522579041428 187.14461055975724 230.19337352338962 233.06461745704877 1.5139356 1.7506828 4.3942113 -16.431433 2.0995517 27.364037 1.578665 86.17557284010151 
Car -1 -1 0 207.47188034096746 186.8441253662594 279.00133864873874 223.1974011890257 1.469155 1.5822835 3.783818 -16.462238 2.139425 32.615986 1.4844949 49.36866200617153 
Car -1 -1 0 303.743641759578 183.70139376707027 353.9992030488986 211.6935699231951 1.5374646 1.5797607 3.7022686 -16.635427 2.210797 42.929504 1.5611498 31.63239971700018 
Car -1 -1 0 370.0111612399919 182.3797661703051 407.224032865997 204.31039180899177 1.4990693 1.5966165 4.0867753 -16.231209 2.2284346 53.180824 1.5418681 16.862721289403257 
Car -1 -1 0 654.0883574064968 180.6898918195053 696.8040232676246 213.3675955264102 1.4612283 1.5728836 3.5659475 3.1406627 1.8606449 34.958206 1.5200806 15.568554935472328 
Car -1 -1 0 259.24025451223383 184.3165063052922 326.7882414735595 217.10355487337696 1.5484207 1.6349903 4.263539 -16.443184 2.1814084 37.707684 1.5777646 16.31476175473506 
Car -1 -1 0 602.0663801996689 178.97917195537656 622.114627754697 193.39652576600102 1.420131 1.7053823 4.052549 0.28980058 2.0742807 74.95767 1.6694628 1.2368607965839087 
Car -1 -1 0 333.9766344936119 183.3560528117299 377.03262036270945 207.79061946310068 1.5029154 1.6035212 3.917808 -16.86668 2.2314823 48.07104 1.5371566 0.2764225900173187 

