Car -1 -1 0 229.45561673907608 141.80586223017102 325.4717322305942 185.1092590708038 1.4411285 1.5812969 3.517868 -11.779206 0.40785247 25.835438 1.6606811 68.30814761231414 
Car -1 -1 0 648.2909505821693 150.14040258365472 713.483893625149 205.58640545442884 1.6405854 1.7538056 4.166047 2.2228847 0.9685153 23.442778 1.5826609 31.579367285372783 
Car -1 -1 0 772.910746064578 173.14263663145775 928.1424670494868 286.9759012757091 1.6170671 1.6924049 3.8557267 3.8798108 1.6227734 12.262459 1.6703868 123.41253621072171 
Car -1 -1 0 731.6605338233105 166.23800668401182 803.3494321004887 216.8981981763975 1.4058601 1.6182489 3.9035726 4.7230587 1.222261 22.032076 1.648702 47.45172158488733 
Car -1 -1 0 298.1354594054287 142.4517317655191 381.1541354874277 179.6582543566643 1.4426775 1.6162955 4.109189 -11.14566 0.26383382 30.097843 1.6630769 35.80133793938516 
Car -1 -1 0 754.6966276123512 171.05644050179933 845.2925914457194 238.17175781246542 1.425235 1.5530484 3.5500813 4.4151716 1.3870627 17.167494 1.6733267 30.052610277462048 
Car -1 -1 0 372.4317392443842 142.22826816284885 437.8688980052984 174.35990024718257 1.5533122 1.6660509 4.1377497 -10.409618 0.07279827 37.05179 1.7226975 9.534741148721755 
Car -1 -1 0 16.78110558130051 134.86663287916693 175.35845529289776 186.24779662333927 1.5012925 1.6277957 3.9294958 -15.71661 0.39134964 22.16595 0.14187422 23.702372130333927 
Car -1 -1 0 724.0530146515732 155.89038212505722 765.9688912628351 187.8963916965085 1.4174511 1.6124017 3.8096771 6.312135 0.6661827 33.92971 1.6693923 10.179201968957443 
Car -1 -1 0 710.1203169521877 149.22805279303802 740.822885242888 174.05531950366807 1.5744663 1.6298376 3.7728333 7.7116733 0.07618362 47.79072 1.8327225 8.939143356964925 

