Car -1 -1 0 675.4408384827908 180.72297344947714 777.6836710351588 258.37140106901614 1.4489762 1.5834626 3.8978872 2.4268367 1.6427667 15.814996 1.5637861 90.85782127889937 
Car -1 -1 0 496.2005963836937 176.33374011905056 545.4067943665428 214.72598185009386 1.4731202 1.6107206 3.6399355 -3.6085753 1.6258408 29.841862 1.5640225 46.06150074141542 
Car -1 -1 0 718.700038282498 183.89920093327282 923.1643621470322 317.54892904187784 1.4264772 1.5977329 4.148215 2.676302 1.6135273 10.132629 1.5548375 84.12807150866043 
Car -1 -1 0 279.96337641525446 181.13564836856892 430.9414992290801 234.82636224065885 1.4532704 1.5694658 3.830174 -7.2163258 1.7025987 20.772943 -0.087868124 73.3632929074107 
Car -1 -1 0 652.4092213724032 175.19558040634894 725.0424245127114 232.84396887015473 1.5112836 1.5785015 3.5449429 2.2016728 1.5848439 20.86446 1.530918 44.60409450888205 
Car -1 -1 0 0.0 190.28415154184435 298.30929310855134 315.461043182789 1.4893376 1.6248727 4.0273376 -6.5613713 1.745995 9.729329 -0.04148685 85.08232171047682 
Car -1 -1 0 318.2815419903659 172.11595325816234 454.1990659007988 227.07232657298502 1.7294095 1.6759069 4.001211 -7.2439284 1.7061839 23.710712 -0.08501725 61.870381742251084 
Car -1 -1 0 86.82869738144527 189.04245948002685 385.03292422365547 288.09562508371084 1.515955 1.656625 4.1852036 -6.1508923 1.8107302 12.237802 -0.034821723 68.8911451074647 
Car -1 -1 0 363.0952306694715 174.98268837217992 471.5148904328365 213.94853683616438 1.5354626 1.6376232 4.0437703 -7.7863216 1.6252859 29.491602 -0.06827264 5.9378401572178925 
Car -1 -1 0 397.99380512967934 175.10032525320995 491.3355969022394 212.10271166527144 1.6219695 1.6360544 3.8902438 -7.402378 1.7264453 32.648525 -0.04779116 10.208202658211814 
Car -1 -1 0 642.1014898721352 175.52846512820955 699.2920611070964 221.21140476062922 1.4606761 1.5698878 3.6325755 2.058167 1.5606374 25.127266 1.537938 1.8000547961190532 
Car -1 -1 0 138.439089270804 188.03788950407886 355.86146445158954 268.55536244990935 1.5000783 1.5830227 3.657052 -7.278771 1.8316798 14.783795 -0.10217983 0.2592470049858093 

