Car -1 -1 0 281.3877726323784 181.34696324519314 420.06227896350055 256.55779854044596 1.4305944 1.6817365 4.098055 -5.629876 1.6460081 16.244871 1.5623403 96.58056686513193 
Car -1 -1 0 372.07252941211397 174.88755204813518 456.846788234781 228.05056385837617 1.4646245 1.6123554 3.75332 -5.8138556 1.5317042 21.91184 1.5549828 69.12015904668895 
Car -1 -1 0 675.291534209268 160.79135268623747 803.0793303750957 202.3114386330295 1.4764429 1.6825686 4.4110546 4.6891913 1.0474983 26.532791 0.015380969 83.33206684205479 
Car -1 -1 0 882.6687656840135 157.2645834145393 1242.0 333.6530965289284 1.6137946 1.6311693 3.755629 5.0217953 1.4711655 7.4843764 -0.036172803 85.51297938439808 
Car -1 -1 0 770.6187812588564 162.84613877375727 1053.8350891015043 262.84253964230794 1.5319026 1.6270862 4.0408287 4.898804 1.3785863 11.996785 -0.065037206 68.4437132581568 
Car -1 -1 0 444.4693113943832 170.30946523557657 499.2917944875445 204.62170263891537 1.4143672 1.5987359 4.073978 -5.988372 1.3094801 31.787336 1.581205 23.754436495584187 
Car -1 -1 0 707.3231305439261 169.51292490984682 926.8190089074064 245.77283371929832 1.4530767 1.5849084 4.002844 4.1437826 1.3894149 14.725848 -0.09434559 52.63392880325726 
Car -1 -1 0 657.5554074615094 161.90908572420926 750.8346196883782 194.7764716362907 1.4795213 1.6117707 4.0443616 4.3413296 0.98683715 33.426018 -0.07037667 2.5460058515698165 
Car -1 -1 0 636.7692724718071 160.65374991262718 665.355730520852 182.94755415042164 1.4950714 1.6287915 3.6886744 2.8554485 0.6768956 50.26505 1.528468 0.2611653804779053 

