Car -1 -1 0 406.28558157343167 180.13990863912926 510.9005214720408 262.1839785574804 1.6242462 1.6471891 3.8135352 -3.3221781 1.8106532 16.542648 1.5574282 123.37128210015996 
Car -1 -1 0 761.0854269434545 177.09629294379147 1034.2783629220787 280.7331286637249 1.5714209 1.6127872 3.8327818 4.5666246 1.6457263 11.822643 0.0046953764 100.56486815915711 
Car -1 -1 0 492.22165295474986 171.38514674910863 545.2464981621338 225.13808391379902 1.8620954 1.6098033 4.0654373 -3.329875 1.8112116 27.054382 1.536587 64.79786125700353 
Car -1 -1 0 711.0858293330382 156.03271440695326 939.2886587156736 261.54765284318285 2.0005763 1.7107347 4.100077 4.256505 1.6816425 14.639668 -0.051230773 104.1285298069414 
Car -1 -1 0 675.1702540897412 174.39253878539816 780.4561259324234 215.9513152080184 1.5307348 1.5872571 3.7114663 4.4615393 1.5913386 27.532055 -0.05241918 15.926421649855229 
Car -1 -1 0 523.7148878738066 175.9434073877904 562.9016113372099 211.67455969431094 1.6740475 1.6388849 4.2469416 -3.275869 1.8386497 36.30865 1.5569502 9.657417785795902 
Car -1 -1 0 734.4068142290124 165.14248231328153 905.6458778610383 246.40928002337785 1.8582276 1.6612483 3.6253822 5.006927 1.6818978 17.451591 -0.06868849 7.331664139101384 
Car -1 -1 0 539.5540226513647 179.10306452959966 586.1467920735556 203.90836560704327 1.480715 1.6047385 3.843512 -2.9405665 1.8988237 46.19739 1.9068841 1.2102223008603359 
Car -1 -1 0 627.653942634535 167.5493843809137 677.3983926306341 189.05322561632744 1.8912928 1.7208828 4.3094225 3.8041391 1.4247441 64.358536 -0.017627332 0.2779082655906677 

