Car -1 -1 0 194.78715609265458 199.7930509376359 385.9531288233074 318.4323853237373 1.4977617 1.6020157 3.7515078 -5.0021977 2.0123167 11.877817 1.5338423 90.42612246629477 
Car -1 -1 0 716.3103443779693 190.0846085943567 878.6569294775738 252.12566595130798 1.4700077 1.5906601 3.782084 4.854456 1.9464037 18.832798 -0.17733954 44.9300473629251 
Car -1 -1 0 790.3305104137999 187.57419401673806 1099.3620337607551 303.05507190344895 1.583834 1.6535083 4.082712 5.0755577 1.8335632 11.201017 -0.10694387 82.8007056510305 
Car -1 -1 0 655.0716558596761 185.22818499184672 797.0154714394737 236.1070222224123 1.5450451 1.6818745 4.298478 3.796935 1.9739817 23.764402 -0.19778503 53.31363752121996 
Car -1 -1 0 890.3335696194068 193.96014455044914 1242.0 345.2033783108042 1.5413424 1.6068883 3.7390242 5.553109 1.8258731 8.685499 -0.13142678 59.17459278338115 
Car -1 -1 0 762.63254717488 191.98368643651148 1004.4526580169726 277.21174995124255 1.4583688 1.6119099 4.087989 5.196894 1.8559146 13.913332 -0.13900459 31.37611249698619 
Car -1 -1 0 619.6883456257596 181.9623462267113 730.0903015420996 227.05863237540808 1.6680555 1.6757854 4.0170135 2.5553577 2.0442133 28.504726 -0.24122675 23.73263996301241 
Car -1 -1 0 374.3790434974162 178.89657804927344 437.665340570761 231.61187336025452 1.8015585 1.6449814 4.196539 -7.6152077 2.0486987 27.334234 1.4596936 44.26711337779365 
Car -1 -1 0 743.1375910520533 189.24668005694312 928.9503755889111 262.3100798621556 1.5072701 1.5849286 3.7149937 5.0880375 1.9043264 16.418377 -0.14840163 21.135668672089942 
Car -1 -1 0 631.4744713669396 186.96864726093315 745.9352746180922 231.52207977483997 1.4993572 1.6253631 3.8184328 2.8269563 2.032258 26.117899 -0.16994877 17.029575710070787 
Car -1 -1 0 600.3489303053849 185.37634247794432 689.1692465965384 220.26105117751595 1.4859687 1.5968046 3.7438266 1.6068095 2.0843072 33.099777 -0.3397045 10.402390582764287 
Car -1 -1 0 559.9939546249313 183.6578705841076 629.0557648196018 211.04973237753956 1.5411422 1.6107574 3.8262515 -0.9065928 2.202658 42.8944 -0.26909477 9.372599673068036 
Car -1 -1 0 536.3473205774577 185.27641816907934 595.2770679512205 207.57607884614913 1.4811192 1.6153346 4.00096 -3.0615592 2.3616967 50.112 -0.11667731 8.724226746066613 

