Car -1 -1 0 0.0 199.78261328434985 248.54286042945006 312.17941337726614 1.4825933 1.6217968 4.0398583 -7.84956 1.9221967 10.866801 0.050657284 139.09614648303872 
Car -1 -1 0 583.7450055743608 174.15452317641964 616.4751467839349 205.84604247235552 1.6056342 1.6663682 3.7074878 -0.5331863 1.678567 38.587017 1.542388 24.60296806670827 
Car -1 -1 0 67.74320841777192 190.1417067332737 318.47381858910944 282.50610728629584 1.5513088 1.6130173 3.6786647 -7.5289516 1.8907435 13.30428 -0.030775737 60.39826695362823 
Car -1 -1 0 429.8570148261813 179.43916277919436 502.7793977139526 206.16637644884634 1.539328 1.6397231 3.9908698 -8.460974 1.9378755 42.821434 0.013906833 15.044945840959501 
Car -1 -1 0 252.64190230381277 179.80198650057181 424.1936979307068 240.59309672886164 1.643537 1.6983774 4.2573195 -7.642352 1.8503697 20.59444 0.016797876 63.248385585028835 
Car -1 -1 0 348.6603767007159 179.85393083400893 463.8147711517479 222.16622041213077 1.5831003 1.6606207 4.0258574 -7.9347687 1.8678463 28.340694 0.09126836 31.309799971714156 
Car -1 -1 0 198.87046502919964 187.5911756678233 373.8125264326035 250.6999201022726 1.484456 1.5843923 3.7150261 -8.076916 1.8742244 18.227509 0.034452543 20.618847190841652 
Car -1 -1 0 543.5310234845873 178.00819158078608 566.5792969388067 199.4015061243881 1.4451666 1.5847371 3.8526669 -3.896441 1.8284204 51.67339 1.4985044 2.724774981838104 
Car -1 -1 0 383.31551674292666 181.5775765539302 479.0377043518939 217.24356120701518 1.475955 1.5804485 3.7158165 -7.672698 1.8643434 31.214193 0.065370165 4.519386355481186 
Car -1 -1 0 293.40961861732706 183.60171690456644 429.053221554455 232.50317969357906 1.4820316 1.596626 3.802359 -7.9218025 1.8413919 23.199728 0.06797041 1.2525669066734046 
Car -1 -1 0 318.8548037668603 166.6865304779597 395.65482521948866 192.3226776344193 1.5581157 1.6405184 4.1900926 -15.589845 1.1832685 44.714718 -0.019542748 2.0481821167336984 

