Car -1 -1 0 616.7673861361731 167.25421518711576 723.028000127125 206.16473889841288 1.6508367 1.7387546 4.5282145 2.6529198 1.4132574 31.712944 0.104422286 96.59092104199333 
Car -1 -1 0 744.9299396249207 164.19096921226156 849.5843255319887 200.96044034168642 1.5671151 1.6654547 4.1540427 8.158562 1.1978965 31.598787 0.006806689 81.99856626041272 
Car -1 -1 0 552.9435115793837 170.68700199504977 613.0240940481286 198.39953566704193 1.4902691 1.5377151 3.4565475 -1.4590629 1.3737364 40.64228 2.221443 43.34414431084944 
Car -1 -1 0 858.70861512675 158.2861617449907 973.2067045008755 195.49587435529585 1.5681117 1.6762772 4.2522006 13.214316 0.95418584 31.270355 -0.011685732 86.46585774493435 
Car -1 -1 0 1091.0185717129382 149.67314377521825 1221.2171116293794 186.63798486240776 1.5169197 1.6649482 4.309701 23.052088 0.5656508 30.521687 -0.037213653 55.89774138221753 
Car -1 -1 0 324.79654480632064 180.31358194355494 403.37315094093304 210.749997951075 1.546435 1.5829554 3.591828 -12.9182205 1.9498342 38.072037 0.08860771 41.54190879145892 
Car -1 -1 0 598.7354350241459 167.7913913767762 666.362485925456 195.67270260570174 1.4917076 1.7006614 4.2898417 1.3587297 1.2208474 40.836872 2.2025328 26.501339199438032 
Car -1 -1 0 985.2013715859066 156.34530135480114 1095.7698018752653 191.8695531590309 1.4732283 1.5806954 3.7487369 18.33748 0.78859496 30.819016 0.057129778 13.906646512308578 
Car -1 -1 0 902.2402675894897 154.95978226407925 992.4586463518145 185.93283983161172 1.5033269 1.6041899 3.8746264 16.903496 0.6348022 36.274113 0.24801572 6.306855709601543 
Car -1 -1 0 705.7610697010763 162.67317348665733 768.3404696566861 191.9059639152905 1.534935 1.5998408 4.067754 7.1060667 1.000367 39.95963 2.2668917 4.4264060079326395 
Car -1 -1 0 458.0541219053064 173.0409411016229 499.54848773322647 198.75445818261733 1.5300082 1.6340744 3.7918699 -8.086917 1.5421507 44.91451 1.6477008 0.2649461627006531 

