Car -1 -1 0 446.6569960007535 184.76803695929107 530.8534877520308 249.1470336659752 1.3948724 1.548754 3.5907993 -2.9259696 1.7236061 18.104847 1.5596443 46.353166364926956 
Car -1 -1 0 846.4703228104792 197.01947496121718 1143.148217640541 366.9207169478062 1.4319136 1.5307277 3.4015088 4.0797725 1.7670743 8.2886305 1.5467443 88.91724081493427 
Car -1 -1 0 760.5355220939246 189.0226417969267 902.7077688203618 282.2708924028947 1.465806 1.5787902 3.4276834 4.0404563 1.8109331 13.67178 1.5501425 86.46056979073539 
Car -1 -1 0 238.39313697026924 175.498707998039 310.1374338038776 211.7358572491056 1.5382537 1.5557798 3.3574536 -15.064761 1.6640079 32.594013 1.6196504 32.631208278267245 
Car -1 -1 0 489.0035661132795 175.65100190694318 552.3829133514529 229.18729209579914 1.6531017 1.6469269 3.8890467 -2.923945 1.7553678 24.43242 1.5762893 57.919839618345875 
Car -1 -1 0 671.6058629145223 176.70154208974583 718.8115421743495 213.68328217407398 1.6963205 1.7912986 3.834877 4.144007 1.895586 35.43382 1.550878 44.100225960053756 
Car -1 -1 0 844.3554199863065 183.59506301143458 960.7508386189505 223.88159495607155 1.5531087 1.6287384 4.0581765 11.806007 2.0016112 29.215767 -0.04895439 33.53328635552018 
Car -1 -1 0 716.2336827416648 185.54119160795503 815.8911633824962 247.87406546284373 1.3988324 1.6226004 4.219504 4.019083 1.7738202 19.193272 1.5412574 24.711538403375144 
Car -1 -1 0 799.8860656287234 179.94873088721718 880.8965799428881 208.79288200651874 1.4996665 1.5956277 3.8514729 12.43663 1.892621 38.98074 -0.09830286 9.674950664283678 
Car -1 -1 0 518.4724344080482 180.66489732186048 564.5202255841538 217.00296425369604 1.4349936 1.6053268 4.1596303 -2.9023378 1.7982113 31.470581 1.573471 7.591480746369685 
Car -1 -1 0 313.12419249629005 147.27428191240668 499.69422777561283 297.7368445633305 2.028863 1.7469411 4.4570994 -3.0872605 1.6839416 11.978453 1.5950958 3.974387111967736 
Car -1 -1 0 643.4583218299314 181.66130957890962 670.409985414412 199.58344747024586 1.4212223 1.5678234 3.590795 3.9714727 2.1883793 60.961315 1.4294074 0.5374666479531497 
Car -1 -1 0 536.861376947783 173.5112851686471 568.1981783387336 205.81164531466422 1.8209052 1.6727433 4.0938396 -3.3405647 1.8618147 42.834686 1.5367572 0.5249183744480909 

