Car -1 -1 0 320.8694587440194 191.01234971442614 433.45140381663555 242.1461701504369 1.4386312 1.6867123 4.063114 -7.5977144 2.0977871 24.018173 1.8112965 61.673277398218104 
Car -1 -1 0 0.0 192.3082128819468 132.28430947608118 283.28142307216774 1.6727273 1.7099714 4.3155303 -12.501413 2.1579785 16.048912 0.61919963 73.93337201118547 
Car -1 -1 0 635.91042398817 177.22907857450616 731.2255816666624 230.3235408092236 1.494174 1.7347939 4.2864447 2.2301536 1.6472566 22.963963 1.3465751 39.20391426421328 
Car -1 -1 0 453.16518407495835 187.64773709807687 524.5844159811841 239.28420828937465 1.3607552 1.6084837 3.9624484 -3.6070743 1.8559952 22.15675 1.5497782 35.93327255178249 
Car -1 -1 0 505.63410051644064 194.87958734660788 577.3939203362567 227.84063563619307 1.484947 1.5853884 3.7690244 -3.4515214 2.6800227 37.158493 2.1979418 21.071699077168805 
Car -1 -1 0 276.03675549336776 193.24345341732106 381.4329976614382 237.96141814729543 1.3539279 1.6457629 3.9826317 -9.943588 2.1451097 25.88543 1.765156 43.257580345625065 
Car -1 -1 0 690.8493139055681 178.88300409076467 800.3171549439722 224.655514399547 1.4128478 1.6758587 4.238141 4.618264 1.6420248 25.149498 1.1675053 32.69906953954106 
Car -1 -1 0 234.6914168886512 195.85255818324003 340.74413035922294 239.10641524645524 1.3859521 1.5995877 3.9179814 -12.11634 2.3275104 27.44399 1.8198361 28.685075318617567 
Car -1 -1 0 546.6851890865951 194.52808375165262 623.6179316866838 229.14980174626766 1.4808929 1.6399406 4.009924 -1.1444175 2.612698 35.582443 2.2146692 22.63951812485635 
Car -1 -1 0 759.6301584773882 175.04550995452257 852.0503172352755 217.8200625945506 1.4426169 1.6588161 3.9592102 7.1399107 1.5300025 26.660952 1.3580191 19.07652695017083 
Car -1 -1 0 188.34170726841086 194.80864269884347 281.2984757047276 237.705653839202 1.4656221 1.6580018 4.0868554 -14.835817 2.4052594 28.820984 1.5501173 9.833131611212806 
Car -1 -1 0 1135.0912036250181 162.85132974630818 1173.6789389655275 192.0295906746064 1.5220094 1.6271061 3.8272104 29.916302 1.0002455 39.657867 2.2108932 2.3019070969426743 
Car -1 -1 0 411.01700928539384 196.4216673374426 480.2109427094883 225.52964804220207 1.4423759 1.5928086 4.038438 -9.338972 2.864777 41.394318 2.0727358 3.9795961982976564 
Car -1 -1 0 819.667385706787 173.4039159515528 908.2556134604115 208.4430925537375 1.4147696 1.6170639 3.919635 10.938702 1.4402405 31.30992 1.2754533 9.227593366211003 
Car -1 -1 0 121.66661556883972 196.54775682448172 188.9977534803694 236.27027330176767 1.4967258 1.6419103 4.292764 -20.17938 2.6303685 32.22512 1.2304376 2.4462230667801035 
Car -1 -1 0 804.6027390690093 171.3737304308003 890.6623367023766 210.26642484336477 1.4725399 1.6264317 3.8159978 9.583946 1.4164944 29.353464 1.3625941 1.5368463747290384 
Car -1 -1 0 435.5822975466992 196.6786026495359 501.0313176088992 227.0455708438478 1.4519317 1.5681703 3.7718668 -7.7178264 2.8312354 39.734737 2.0304177 0.4383573532104492 
Car -1 -1 0 587.8275180036422 190.06496519899267 659.2551861075983 225.77985890275787 1.4790833 1.6832663 4.054925 0.72973 2.3460786 34.165623 2.0758724 0.2795583290736351 

