Car -1 -1 0 88.09889004771642 189.9725204970373 272.33528618467716 301.97189961813785 1.4675629 1.6839029 4.415409 -7.1544666 1.8206666 12.528711 1.2905823 90.00473258507901 
Car -1 -1 0 317.7587372475185 179.4663778623051 379.1447700702694 231.30517617876765 1.6331642 1.8008323 3.817249 -9.243425 1.8850753 25.379137 1.1625452 56.01996656218987 
Car -1 -1 0 959.4112461477026 169.215821090965 1086.6940649209691 264.45414801029085 1.3702062 1.6490067 4.3534975 7.162491 1.3178632 12.689385 2.061205 61.97086846381385 
Car -1 -1 0 1057.267192526691 180.80539125619438 1194.9100009892059 232.35915714834252 1.4792382 1.6227336 4.010383 16.230522 1.7456713 22.67224 -0.3848884 36.52783257425587 
Car -1 -1 0 884.4362011441759 183.1242615326063 986.6879837881254 222.52765519205548 1.4802415 1.6483757 4.1791005 13.449389 1.9278406 29.724537 -0.49756476 29.22906892101269 
Car -1 -1 0 1148.2260025408982 178.68739248596023 1242.0 236.32120784332344 1.4803321 1.6273384 3.9809256 17.313824 1.6588279 20.468494 -0.45794544 18.162483734996005 
Car -1 -1 0 590.1593034452446 177.41232425187943 695.679042375407 225.21882078108897 1.4345149 1.5922551 4.022961 1.2020476 1.6003342 24.149336 2.1935391 19.10950401483673 
Car -1 -1 0 736.5653506816433 176.88007704487472 888.7307210383792 247.6239123214345 1.3780414 1.644072 4.089902 4.70187 1.4807725 16.35035 2.3155425 49.81545166209881 
Car -1 -1 0 560.973151166343 177.86242966250816 647.259507773521 220.89809657021047 1.4486219 1.6156151 3.9917393 -0.11702025 1.6505026 26.93577 2.0236967 7.670102741005403 
Car -1 -1 0 683.8946301262595 179.09006755951435 814.9760431408341 237.11084794304819 1.3415828 1.5932512 4.0051184 3.7991476 1.5245522 19.144722 2.2979813 44.08737447416377 
Car -1 -1 0 638.1628772291721 179.9639280694484 759.3468063618185 231.93634302079587 1.3754644 1.6254687 4.04261 2.766564 1.6096673 21.712784 2.2917175 8.60530079878145 
Car -1 -1 0 414.3154324894363 183.10001703404356 435.204654298441 199.7150552823544 1.3647435 1.617069 3.50394 -16.293835 2.2941399 63.537086 1.2724725 3.2456770226744043 
Car -1 -1 0 0.0 203.44929489872686 70.62109421787821 249.05705257952565 1.4859467 1.6309042 4.1528635 -23.214958 2.7985988 28.727764 1.2380588 2.211393435507105 
Car -1 -1 0 480.70180491726074 180.27722441658452 566.6368964985187 209.84429948364257 1.457613 1.6515445 4.2057233 -4.505241 1.862123 37.820618 -0.35060248 1.057816218886064 

