Car -1 -1 0 174.0465958651173 189.98058066661736 285.8930929959387 248.0379149726589 1.6061743 1.6980798 3.869655 -12.000195 2.201385 23.10134 1.520969 65.54744353736922 
Car -1 -1 0 490.34409530182745 181.1870911281126 557.2651361715057 230.46012295051824 1.5840946 1.6627998 4.127623 -3.0005074 1.9091197 26.027699 1.638422 37.55328889746273 
Car -1 -1 0 685.1425350189271 180.09477564359884 733.1881158564976 214.94131657395397 1.4460605 1.5674255 3.318018 4.4096537 1.7875112 32.335052 1.5290594 19.716210735618162 
Car -1 -1 0 102.0221438699331 193.78381086776477 221.2645103326328 243.57357897738996 1.4811463 1.6294489 4.3180733 -15.637695 2.2835703 25.480856 1.5414088 18.524236786353956 
Car -1 -1 0 338.8354520005148 187.84863924099383 391.2006324984747 215.47601694372636 1.5165138 1.6315846 4.0177393 -14.802494 2.4711657 43.885674 1.6275499 22.282211227025368 
Car -1 -1 0 517.6272972532793 177.4359374870249 566.5811192090129 216.5721650384504 1.6869044 1.7019368 3.9001012 -3.0733945 1.9127128 33.563526 1.6280324 22.326269035742907 
Car -1 -1 0 738.046791142722 172.1055834880698 798.6406830247703 191.61243746158743 1.5301411 1.7128156 4.430335 12.629949 1.4714341 57.539223 -0.038453717 3.7605095972228124 
Car -1 -1 0 540.2840274253527 177.96583907730746 580.3384889299795 209.97468176808735 1.6649219 1.6725919 4.2179427 -2.6995444 1.9663396 40.383102 1.6405585 4.816300436338764 
Car -1 -1 0 378.17687568293354 185.21907859073048 418.9006061256369 209.12248833700522 1.5315682 1.6147665 4.067114 -14.678911 2.4300494 50.386604 1.5818592 3.483016271531284 

