Car -1 -1 0 0.0 185.0212218310906 401.12126489207895 375.0 1.4870069 1.5725195 3.4548538 -3.0592408 1.621623 6.2408447 1.5516913 92.71742075453483 
Car -1 -1 0 801.9382771878911 198.80410550556206 1047.8571991010679 334.319584944669 1.3659477 1.5444728 3.455615 3.9863663 1.7816595 9.760225 1.4669279 135.55701360746926 
Car -1 -1 0 753.4196879084597 191.2118850131806 892.7989372652014 280.36329452936667 1.418224 1.5776474 3.5352821 3.9756746 1.8199836 14.002693 1.5441134 70.74162045708256 
Car -1 -1 0 506.834936104102 180.54337169238187 548.7823603884191 218.29084765660417 1.4564809 1.6196065 3.8255086 -3.4108403 1.8036425 30.609024 1.4971486 45.23178078663785 
Car -1 -1 0 669.4114570348844 184.4652157513482 712.0222811111012 215.20069409126626 1.4222558 1.646251 3.808188 4.0801697 2.04494 36.76894 1.5438617 25.19546707290102 
Car -1 -1 0 186.09587093949773 174.46336398481793 270.07572219964715 215.66474453524847 1.5704322 1.5982524 3.415332 -15.416538 1.6397069 29.347157 1.5753999 38.25316899476057 
Car -1 -1 0 0.0 174.4109476986162 117.96769543326369 237.26459342400554 1.5226315 1.6126628 3.7270916 -15.277208 1.5687547 19.474194 1.521867 51.60932935075418 
Car -1 -1 0 539.5316755130992 177.25440580476328 570.7058782976754 206.20507066776585 1.5897903 1.6141467 3.784049 -3.1361296 1.858259 42.11188 1.5490179 9.302936054752912 
Car -1 -1 0 719.8109871544334 185.0571074366682 813.6201508744949 249.70253830298591 1.4709542 1.629613 4.0451236 4.052018 1.8300719 19.208202 1.5744117 18.006377852946816 

