Car -1 -1 0 430.143944639579 173.05039155248892 511.51928920366436 229.49251856278255 1.7890588 1.8927666 4.4303412 -4.706361 1.7965049 25.121725 1.5927652 64.86354826956986 
Car -1 -1 0 169.57313208630546 172.74009552315505 353.98659529406035 248.63709819745068 1.7919974 1.6458566 3.7717373 -8.504024 1.789308 17.862331 -0.0017185075 61.636920326673454 
Car -1 -1 0 9.54049247339062 190.09315828554267 262.5396995946225 275.59788682069615 1.4307066 1.5680375 3.6921492 -8.616707 1.7698665 13.312304 0.05432032 12.678956742479809 
Car -1 -1 0 230.02982888573814 180.55126470088587 381.6731135923578 239.38023438064846 1.5498669 1.585922 3.5774891 -8.421447 1.7748933 20.172104 0.073262975 12.12313630203474 
Car -1 -1 0 266.13222003435385 182.35963991650286 405.7073262426263 234.1825872972283 1.5176574 1.5950971 3.7187915 -8.416956 1.8242862 22.368998 0.05914501 11.687681452199508 
Car -1 -1 0 111.10788803331631 181.71205428173442 317.5274637762859 256.9163467481217 1.5276358 1.5670848 3.6165874 -8.465005 1.7300093 15.666877 -0.01889958 22.36199680279296 
Car -1 -1 0 384.4286236755998 177.61896858510343 436.0138440792976 209.0490427849265 1.4793599 1.6771371 4.0872574 -10.223856 1.7370608 36.825165 1.0787592 5.363515454881888 
Car -1 -1 0 309.5768304368297 184.04836010493148 426.5158970980415 229.5027970899853 1.4931971 1.572053 3.5761604 -8.43978 1.9029889 25.325886 0.17629805 3.9385847012215542 
Car -1 -1 0 352.94570136383794 159.2008715590315 405.4927385949063 177.5170650462926 1.4935653 1.6051742 3.824387 -19.037912 0.38024202 59.7184 0.04176958 0.7735603913379219 

