Car -1 -1 0 386.67225791839735 183.84014521948995 505.63789077313095 270.68580540944487 1.4829521 1.6275462 3.6515512 -3.1599562 1.7335445 14.621782 1.5575528 95.11354135811729 
Car -1 -1 0 774.9587890531496 185.09639441556902 1179.569725108581 375.0 1.4862847 1.6098773 3.9928455 2.669878 1.6282239 6.348685 1.5970645 108.22661102685363 
Car -1 -1 0 701.0517189540795 177.49364110097216 858.6894682241384 292.8747864826144 1.5104022 1.5934026 3.6890454 2.5015972 1.5959303 11.447681 1.5596216 88.43046608601273 
Car -1 -1 0 268.4873041289577 179.00552529398283 427.5697705973438 239.55017481177637 1.6014652 1.6325377 3.9019005 -7.2318316 1.7822828 20.245043 -0.07693979 18.964910493590217 
Car -1 -1 0 24.032737228688863 192.9626553444064 321.37880200536466 296.1312398709937 1.4565048 1.5717926 3.7575302 -6.7872534 1.805367 11.542306 -0.10336281 105.55082512046167 
Car -1 -1 0 677.6570594673506 177.96082535390838 773.7952541478935 254.5931247120894 1.4717808 1.5311337 3.3948352 2.4292645 1.5955846 15.788433 1.562527 46.192194519809796 
Car -1 -1 0 653.553797482259 176.80184320181925 722.0599186279811 230.74866271928843 1.4774824 1.5845269 3.5704246 2.2842407 1.6068401 21.834185 1.5407186 30.161654555022526 
Car -1 -1 0 130.70688904728198 172.6665121806949 378.18867447792513 267.812149944537 1.7881005 1.7039305 4.1367354 -6.9872303 1.7845769 14.537775 -0.061610047 86.38139163447538 
Car -1 -1 0 639.120762788476 174.8522074020811 691.4012394383614 218.1984628930916 1.5382833 1.5922605 3.5928507 2.0667167 1.6197721 27.599718 1.5328864 22.761049814970715 
Car -1 -1 0 337.8761041933913 176.68501693726085 464.4581858662431 227.0287270360145 1.563932 1.586465 3.698514 -6.696253 1.6933194 23.46092 -0.06299757 7.4803164347547995 

