Car -1 -1 0 294.8066989346154 187.1176008590048 355.885336537744 227.71003466488457 1.4457963 1.6498413 3.8044753 -11.396811 2.0621395 29.151125 1.3731444 48.1576841199563 
Car -1 -1 0 653.4852611374631 165.28896996622845 833.8268349047344 267.22842880810055 1.5706602 1.6520345 3.8601465 2.2532117 1.4540999 13.204157 1.2757449 115.96400809310487 
Car -1 -1 0 42.95327602740686 196.4011032129175 241.75713542462216 305.2993875244695 1.4269477 1.6659443 3.8086643 -7.7354918 1.8976736 12.381152 1.3436987 78.7216153820747 
Car -1 -1 0 397.0457875476083 185.73126182759526 445.46983240016334 228.38918798247147 1.3875883 1.6135868 3.5894651 -6.9358273 1.8966687 26.58356 1.312737 28.92603682640825 
Car -1 -1 0 481.0677476107114 178.34924819538048 535.9203745877223 220.643971516755 1.5269029 1.715037 4.451128 -4.140483 1.7660416 29.031658 1.3234271 26.718025558924186 
Car -1 -1 0 986.9960566786195 134.83666408117458 1097.834777412472 173.3900579375655 1.526192 1.6162714 3.9117198 18.281559 0.021220475 30.676132 1.2341766 39.127988420138514 
Car -1 -1 0 471.29025374635785 182.4777521926582 506.91179631167165 216.144690033283 1.5519946 1.6219473 3.740398 -6.117914 2.0641184 36.39978 1.3647594 3.1267678904060943 
Car -1 -1 0 872.0599393132803 143.57675365829024 1003.5499706995195 200.73484167941848 1.8915766 1.7158283 4.0702205 11.480822 0.92268205 25.284338 -0.29111442 11.347028858959888 
Car -1 -1 0 1150.7631664343417 127.35879375991557 1242.0 167.18041175677226 1.6049029 1.6343689 3.8736496 25.345875 -0.25117326 30.6898 -0.23937652 2.825171249929706 
Car -1 -1 0 1040.6034950190433 126.39595096400627 1160.024820445179 168.62081390766562 1.6673266 1.7279732 4.0689726 21.034712 -0.19554949 31.131603 1.2688917 0.5955934584356979 

