Car -1 -1 0 703.7578523663187 170.34251891402988 901.9814673652143 239.2765121380171 1.5280948 1.6938269 4.367728 4.5094786 1.4724214 17.257475 0.19943427 152.5341317743307 
Car -1 -1 0 933.8305964784496 167.7838773383182 1156.3467118707824 236.50287189669234 1.4981833 1.6374751 4.113001 9.930707 1.3876464 16.699648 0.07422123 127.80286789464313 
Car -1 -1 0 590.3007843382017 170.3844525679565 683.8064341870565 212.55773380647585 1.4480721 1.5896376 3.5878222 1.0720468 1.363277 26.660913 2.2672641 57.42617467308801 
Car -1 -1 0 255.3257802427188 177.77214096172264 370.87693403678185 223.7415949422902 1.5135517 1.5543449 3.3654943 -10.203827 1.6902486 24.944622 0.12347282 65.95374462678018 
Car -1 -1 0 663.4772986918226 169.42598275629936 759.8232004780735 210.5875037073235 1.3861868 1.6078094 4.0169454 3.7975779 1.2707422 26.355751 2.2668836 51.777460592861 
Car -1 -1 0 1102.9574125477297 160.26657758051752 1165.425022602024 205.39035188116821 1.4601591 1.5272886 3.4188435 18.244656 1.0528429 25.202679 2.1288505 17.912153702265904 
Car -1 -1 0 836.7586771699755 164.71293074943614 927.0332416055953 209.92974725853455 1.4560827 1.6634897 4.0658374 9.6177635 1.1939219 25.316917 2.2837493 19.334920982636778 
Car -1 -1 0 933.6226916081143 161.8499327065628 1019.6386139960837 205.0703839339629 1.4383821 1.5886527 3.736776 13.20548 1.0721653 25.874498 -0.75839436 22.227806848750483 
Car -1 -1 0 743.9792201570684 168.4172396489505 827.4912638795348 212.08046919371284 1.4399151 1.6097689 3.6691313 6.34522 1.2936006 25.749704 2.2043886 8.790847530745014 

