Car -1 -1 0 609.2872632119846 165.5511760325222 752.2792081833745 215.75481176960344 1.5417169 1.6969713 4.4060545 2.2565136 1.3174524 23.183598 0.08182196 127.08546381467292 
Car -1 -1 0 523.3242982183491 167.70239246799233 605.2406213612612 202.83985032345439 1.4724431 1.5995806 3.7804542 -1.9630604 1.2565637 32.232967 2.2045774 56.627026076183284 
Car -1 -1 0 779.5923104366268 161.14842722850872 926.0541661135909 209.86524160439944 1.5077022 1.6425534 4.150855 7.74266 1.1454346 23.198322 -0.022597112 110.39414134247288 
Car -1 -1 0 1095.3244902059146 154.56649276574987 1242.0 203.47613109087683 1.481245 1.6083933 3.9344456 17.767841 0.92740154 22.67165 -0.007860259 47.28268343924274 
Car -1 -1 0 931.3544777693188 153.30294025561332 1091.9706494992233 205.0140289085592 1.5791883 1.6685507 4.195097 12.691431 0.9821247 22.928284 -0.028387178 98.46398300332683 
Car -1 -1 0 583.0487347991724 164.93002594963878 663.7510787386216 199.73054481877554 1.4498682 1.6332364 4.047013 0.68451136 1.1197374 32.189453 2.176291 38.26186871215791 
Car -1 -1 0 229.0671181268226 179.63084360669225 337.0608681119968 217.21043060639053 1.4662831 1.5636022 3.6956553 -13.226597 1.7501034 29.343634 0.051025406 34.80996922511187 
Car -1 -1 0 727.15045650356 158.8222668140503 799.6872937135765 195.1106827376222 1.4807209 1.6035024 4.2029614 6.807112 0.90816665 31.624239 2.1795566 21.975242713211603 
Car -1 -1 0 918.0661075377768 153.59877992041507 968.9138513448976 188.92606802605704 1.5100372 1.6851444 3.771105 15.262945 0.68698776 32.8901 2.1183262 7.030798871081645 
Car -1 -1 0 794.6383707205138 155.3014955859817 858.8333572112092 191.07292099077623 1.5217683 1.6081067 3.9157784 9.908795 0.77505916 32.754734 2.1932554 2.116379821869233 

