Car -1 -1 0 411.14945975521385 177.40061456045976 453.7557352114448 203.79527400844566 1.4890807 1.7808412 4.388466 -10.667698 1.7788191 43.73111 1.502641 13.325696753118395 
Car -1 -1 0 125.82227296775301 179.28670034386144 269.9641782816817 226.4817666775786 1.5400906 1.6880798 4.2610683 -14.433479 1.782355 25.57746 -0.39364406 89.9779912324738 
Car -1 -1 0 906.4554770851587 174.50842280689204 1079.1550873624014 225.24763378555687 1.5155067 1.6979952 4.471748 11.84805 1.5691788 22.508892 0.022452582 68.62547911842081 
Car -1 -1 0 747.3962811084847 175.058482356242 818.3943522523244 201.28744158631872 1.4070356 1.5441167 3.5744734 9.752482 1.5365647 40.694016 0.655607 46.59034416798296 
Car -1 -1 0 1104.9948206861282 170.35324462705336 1237.3020040716183 209.04190410708566 1.4717869 1.5931687 3.8872395 21.984055 1.3766534 28.351826 0.055524968 34.482680187283414 
Car -1 -1 0 576.7538963547032 177.02977162414493 603.4556906681689 197.08694494547805 1.3991433 1.7272022 3.8881254 -1.4683986 1.7185943 53.184868 1.4811264 5.333327744160771 
Car -1 -1 0 963.7044546513893 164.43422353066572 1098.7934907151496 210.68705897020408 1.7737055 1.7360191 4.3142776 16.676556 1.4508234 28.699638 0.0763808 3.3628639115016803 
Car -1 -1 0 644.7982645696311 169.01321723809497 715.0221565912112 200.80515347633133 1.929923 1.7267672 4.54513 4.4369082 1.6967689 46.09237 0.8673385 1.4563391335161207 
Car -1 -1 0 376.1391470316345 175.45423043338724 420.33180458341707 201.10044912181206 1.5697972 1.6337512 3.843682 -13.561331 1.7443795 46.502 1.5974369 0.3385699987411499 

