Car -1 -1 0 750.4982310244726 180.31348936904362 856.6594263132586 255.7036028222332 1.5203637 1.5971093 3.1570642 4.3068895 1.7068325 16.450745 1.5801451 99.5569711907111 
Car -1 -1 0 269.03352256656956 181.16432506921183 482.92697447796957 329.009811323942 1.6170857 1.6872685 3.92051 -2.974263 1.755868 10.081441 1.5803561 117.1309244352766 
Car -1 -1 0 177.5266025899063 185.3708128584125 270.4776463596446 226.71772378560456 1.4242339 1.5586754 3.7739372 -14.782459 1.9408858 27.891008 1.5768441 29.43353279257954 
Car -1 -1 0 718.0910021717908 179.94197926361946 796.4985161145761 235.97070955649764 1.4524481 1.542484 3.423576 4.177714 1.6742029 20.856613 1.5633863 57.46564994150532 
Car -1 -1 0 427.10188654878795 169.74968166949057 528.676861046574 252.5253718613239 1.784346 1.6552196 4.208691 -3.0776615 1.717428 17.671543 1.5873878 112.57968554522846 
Car -1 -1 0 521.2460450469358 180.80587058025088 567.3512955691841 217.05497928511673 1.4003987 1.5909458 3.9506412 -2.7156267 1.760773 30.721294 1.5746827 11.34406905497392 
Car -1 -1 0 255.17029822490557 181.90170513483 334.1903807414678 216.2554363963479 1.4807692 1.6025934 4.238597 -14.917208 1.940005 34.437653 1.6654868 25.296477938821685 
Car -1 -1 0 700.3567351757912 178.0112073839223 759.9561882963663 223.98772562776188 1.5302937 1.6085533 3.5987473 4.3095617 1.7307179 26.231453 1.5837476 10.290782679963376 
Car -1 -1 0 665.8646788539236 173.8737279301612 697.1675445777817 199.57244332388663 1.6293738 1.6398636 3.406432 4.792767 1.6994467 47.738113 1.7980509 10.276786361709538 
Car -1 -1 0 486.73520913573833 174.98157826384912 558.798461769122 228.0728154036369 1.6310828 1.6739988 4.3828163 -2.8507276 1.7101797 24.585676 1.6326548 17.4320329543765 
Car -1 -1 0 683.5894081835115 176.88710780882622 735.5577610496625 212.4271452651345 1.4369321 1.6255416 4.201315 4.3286715 1.6263447 31.769903 1.550481 11.06095471624823 
Car -1 -1 0 386.3694445299003 180.12214436816964 426.4416485236658 201.92983831017165 1.4322685 1.6062045 4.2122426 -14.276067 1.966392 50.91102 1.5802089 7.632605693176972 
Car -1 -1 0 782.1980102119052 173.4370383087586 866.6431470342558 200.75367714996818 1.5421281 1.6836777 4.3672314 12.365217 1.5765364 41.677208 -0.029105365 9.254245136892633 
Car -1 -1 0 643.4915452011876 176.02797131320284 667.5371256712383 191.93674072729738 1.5584857 1.6095357 3.7776146 4.6512547 1.8905076 73.480255 1.3997267 1.687589773006236 
Car -1 -1 0 315.887610517764 178.9113225226126 374.7970093890298 207.52782102770823 1.4798552 1.6065733 4.055009 -14.662045 1.8352242 40.26034 1.6287373 1.6299913592152058 
Car -1 -1 0 754.5499093613656 172.93830059736302 789.6555093795766 195.26133544756289 1.5611107 1.6806886 3.9753058 11.770997 1.5674733 52.46724 1.577311 0.5709265026441563 
Car -1 -1 0 355.418705093332 177.35508721137563 400.65011340317295 202.42548837851893 1.4912655 1.5699385 3.5880194 -14.512449 1.7858586 45.399376 1.611995 0.545176247630969 

