Car -1 -1 0 290.4242763251169 186.70120385331126 465.70173171410255 297.8336765470949 1.4698582 1.6545706 4.0610905 -3.6304011 1.7408681 12.085999 1.5647033 125.0763935817675 
Car -1 -1 0 798.6682221892997 190.9723555247757 1176.9983210815305 375.0 1.437857 1.5998386 3.8139577 2.9768913 1.653357 6.646266 1.6084179 78.2609866683327 
Car -1 -1 0 666.6917243584869 176.23919680762393 718.0258941840589 218.85990716330426 1.5272497 1.6103524 3.8658242 3.1564112 1.668248 28.108624 1.5854528 41.694847931816696 
Car -1 -1 0 399.92846670065967 183.32393144577088 507.33450516670354 254.42185015189034 1.4411337 1.6377316 4.191172 -3.5938225 1.7234029 17.348814 1.5810025 51.792390764168864 
Car -1 -1 0 520.3728842648704 178.89113067326417 562.3143490053418 210.64706351775237 1.4193779 1.5973575 4.204067 -3.2637365 1.7312696 35.16467 1.5829793 22.062395256721505 
Car -1 -1 0 892.4977201399986 175.1460604108136 1093.3647756419066 247.1944417039256 1.4918112 1.5617714 3.5773485 8.312059 1.545027 15.8740635 0.055125378 67.03511266635631 
Car -1 -1 0 459.8387944538731 182.32359995370433 530.7273555654207 233.44435652559122 1.433285 1.6034567 3.8895664 -3.5323822 1.7594994 22.90445 1.5792904 21.732848574485573 
Car -1 -1 0 657.2617106856974 172.70180731494017 693.4333634699988 205.0215966984167 1.5514653 1.6132076 3.678087 3.3774052 1.5441593 36.57509 1.7203598 3.3244464580823005 
Car -1 -1 0 577.2369465262507 173.58313890966465 601.830189855283 191.82619185803793 1.4510353 1.5567018 3.6403162 -1.6200728 1.5130061 59.433384 1.6758395 1.4340411383307967 
Car -1 -1 0 593.3206741021355 173.8712207369336 616.356920349583 188.5501914718931 1.4532399 1.6085149 3.9236567 -0.45456886 1.5602167 73.801445 1.7643156 0.278218150138855 

