Car -1 -1 0 392.9926195300464 179.75072497976768 499.82272905067055 245.68253016494535 1.5010765 1.7884355 4.460088 -4.161889 1.7053514 19.133417 1.5796849 108.87643701804035 
Car -1 -1 0 782.671048328226 153.35908164204852 906.9466832692735 223.15045356233134 1.5515463 1.6689982 3.790553 5.7047205 1.1181507 17.983282 1.5097902 106.85432399466521 
Car -1 -1 0 561.1425124178378 174.2395824190269 636.2324499769958 242.17569177950247 1.4941716 1.660778 3.536365 -0.21636735 1.5316198 17.7215 1.5847179 56.705071386767116 
Car -1 -1 0 494.26105222173464 178.65147702485075 542.6533621547958 213.77648697213812 1.4888835 1.6786181 3.8240662 -4.1215005 1.7706891 33.146614 1.5879495 35.71245286236574 
Car -1 -1 0 648.2361298180352 166.7010463592585 696.8096829114941 200.94242072508248 1.547313 1.7256682 4.3511505 2.9676747 1.2692707 34.826927 1.5129898 17.611604247377436 
Car -1 -1 0 536.3235081515113 175.68823997736257 565.9698590367504 198.98511198384315 1.4776065 1.5664877 3.7057252 -3.856122 1.6739008 48.096283 1.6016964 6.781995304993166 
Car -1 -1 0 1002.4538637639622 134.03027549624557 1143.638113617185 180.8749610661964 1.7264589 1.7119062 4.2522397 17.590788 0.29561204 27.527016 0.037362088 42.92486954644913 
Car -1 -1 0 1137.6718392172145 118.95209030354884 1242.0 157.37119290439213 1.472377 1.6280309 3.7952042 25.193264 -0.7125072 31.225874 1.4553397 11.264842817973575 
Car -1 -1 0 1078.179192782668 123.9111710312116 1181.8304831348894 162.33128770369976 1.5039035 1.6524342 3.8565853 22.40681 -0.48418164 31.254686 1.5495349 1.9482799181489343 

