Car -1 -1 0 564.1715818066514 176.5178099745141 647.9542240481259 251.75192333336673 1.4570553 1.65098 3.5888276 0.021850914 1.5475533 15.987531 1.6227179 54.39518016870297 
Car -1 -1 0 462.2462973660551 179.41806184116993 536.248126608172 228.34370546951772 1.5033662 1.7651405 4.4404697 -3.7125344 1.7513971 25.018879 1.6002953 76.80619656601525 
Car -1 -1 0 778.9826113283658 156.50044497124358 888.6292772169998 218.92461627777723 1.5448854 1.6718155 3.7959404 6.0105834 1.1401644 19.793203 1.522047 90.69762757009192 
Car -1 -1 0 527.6220122893797 180.08239228470512 566.436023902996 209.4368565738901 1.4598624 1.5847142 3.8906457 -3.3144417 1.8687633 38.837418 1.6159097 13.110641511924712 
Car -1 -1 0 657.1914407689476 170.96380787165066 702.3457305457855 201.45533437891808 1.456408 1.6579762 4.3934655 3.5037184 1.366124 36.6996 1.5202409 22.198238929329936 
Car -1 -1 0 1041.8362646977373 133.8541614986084 1242.0 241.91910940381004 1.7816366 1.7413151 4.3198786 10.445969 1.1386571 13.279646 -0.2531392 50.164395552931644 
Car -1 -1 0 992.4475191775401 135.7518156188059 1139.738071566073 182.59769492949152 1.8212287 1.7977805 4.7339067 18.321842 0.3788058 29.131372 0.077796966 19.322410744841967 
Car -1 -1 0 1125.4449482786576 117.12301544972615 1236.4857076876779 155.13158262092247 1.5164849 1.653866 4.278538 25.919544 -0.8617203 32.936794 1.5617554 7.060600060282494 
Car -1 -1 0 551.413966834773 176.57360162182857 578.1422328610117 198.58633299284716 1.5311047 1.5930597 3.7148848 -3.3092167 1.8134589 52.81073 1.4097829 1.9867682475825685 

