Car -1 -1 0 648.3455147843977 178.91873268569552 701.6636605405467 218.44422697707867 1.4429743 1.6735312 4.150602 2.5617461 1.7050133 29.080025 1.5459096 52.71003180850635 
Car -1 -1 0 1025.1840944392661 162.52901336400882 1208.1680720433426 232.80574724888928 1.4273726 1.5374274 3.5545063 11.208496 1.2176644 15.971696 -0.33952826 52.496046254256214 
Car -1 -1 0 398.9953655421367 189.04827586789156 510.67103566205986 232.70298713635648 1.4448392 1.5563766 3.741002 -5.70464 2.0805502 26.703617 -0.5329006 64.82841927563548 
Car -1 -1 0 417.1145805501868 184.24573394685484 522.4677007329851 225.21908370038977 1.5359256 1.6333104 3.942028 -5.7151012 2.0281997 29.563274 -0.4671144 8.467690294557912 
Car -1 -1 0 495.2752811282492 183.50335471252868 561.0131628537919 206.85996796769703 1.4525824 1.6062057 4.0619636 -5.42091 2.1893342 48.185616 -0.5395092 6.760668969701685 
Car -1 -1 0 514.8217876111283 180.4117468731482 568.1045411619701 202.39844577091267 1.5627108 1.5967284 3.6326818 -5.086029 2.1447148 53.9712 -0.51779056 3.7836049304841297 
Car -1 -1 0 641.5794473986774 177.34865500747622 675.5216798235624 207.89222760102263 1.6003711 1.6728718 3.8855445 2.692554 1.8637633 40.33163 1.5812228 1.3666935582857322 
Car -1 -1 0 439.59184422130556 183.41434921255828 530.7632223434268 220.13369466406482 1.542576 1.6365612 3.823845 -5.618881 2.0398405 32.552902 -0.34903088 0.5585522760921554 
Car -1 -1 0 365.16226557462386 190.09823303333002 496.8167116790089 249.2602167292189 1.4584839 1.52752 3.256596 -4.982275 1.9790744 20.235981 -0.5966571 1.5954163800358547 

