Car -1 -1 0 627.892768567265 164.42251284922958 811.6163102663457 268.33697131867274 1.5584875 1.6656544 3.8462365 1.7738643 1.4320338 12.910187 1.2438323 108.94367676897447 
Car -1 -1 0 0.0 195.72896299256843 187.89035537790346 326.3540806419303 1.4560659 1.6327765 3.8967776 -7.882636 1.8667185 10.863864 1.322634 83.9934175721337 
Car -1 -1 0 254.21507708591622 186.80047637202074 319.68445094565635 231.71443955092334 1.5040233 1.69617 3.775285 -12.190797 2.0745168 27.472767 1.3102529 44.10175833151716 
Car -1 -1 0 368.2684607451075 185.9102598233667 416.95420019346705 226.0698882354002 1.3325417 1.6456075 3.6586971 -8.167232 1.8610728 27.22116 1.283756 29.271938509756136 
Car -1 -1 0 962.2446036741268 136.36890186184206 1066.3200178154018 173.1262515030602 1.4678373 1.6071974 3.7313628 17.193243 0.010871708 30.841606 1.2190465 27.924058819789185 
Car -1 -1 0 452.76893127374433 177.55076192465643 510.4978735409201 221.36191661673118 1.5536058 1.7465917 4.380476 -5.1160464 1.7540152 28.439083 1.2796682 36.732641782391035 
Car -1 -1 0 847.3367647370593 143.0449116599764 983.3150951615389 201.16969367066255 1.92519 1.743605 4.1970606 10.682678 0.937863 25.276983 -0.25803623 31.02901589794077 
Car -1 -1 0 444.3662799468453 182.6999117385203 479.41396316003437 216.92836885962816 1.5500171 1.6194072 3.7896812 -7.3806753 2.0671387 35.868587 1.3460559 3.21785248206327 
Car -1 -1 0 1015.0823130765871 128.90107522434866 1128.0648070156892 168.10302162197513 1.5610181 1.7235227 3.9733055 19.979591 -0.22094843 31.404371 1.275936 14.089292974179061 
Car -1 -1 0 1072.7019289775264 121.4463617345333 1189.7718179503997 159.99872534548945 1.5208801 1.691245 4.2254276 23.115852 -0.6132484 32.187023 1.3834983 2.261069060794035 
Car -1 -1 0 907.5407689123886 140.6225354099875 1012.6083855661379 178.79651789868652 1.4707136 1.6333913 3.7476153 14.395744 0.22894484 29.842443 1.1605577 0.921418762060973 

