Car -1 -1 0 0.0 193.9707944548115 107.67456745623366 239.81807973664326 1.404083 1.6199756 4.148138 -20.140213 2.239615 26.34053 1.3254908 18.352996597823104 
Car -1 -1 0 23.615794060316027 182.66207790916403 244.77019378431226 293.1781321748287 1.7474304 1.7687832 4.5342407 -9.094934 1.9601463 13.701418 0.55560434 116.79653021338241 
Car -1 -1 0 869.9256739512903 165.2954778380902 940.0019556586394 193.03942500431816 1.5013483 1.6652895 4.0972652 16.756044 1.0923228 40.874733 -0.5879557 9.436711431896628 
Car -1 -1 0 353.40545722094436 182.21330080520343 434.5941713659905 218.15600213969785 1.4985857 1.625806 3.9635453 -9.882109 1.950612 32.95804 0.69165516 12.22147987863683 
Car -1 -1 0 298.57612158279426 184.6442761146843 385.9794737722715 224.26468852578608 1.4663894 1.6227784 4.076914 -11.086702 1.9853413 29.81125 0.71331203 24.049287665713287 
Car -1 -1 0 899.1034414539758 164.0743297259851 976.166055414382 193.17768338545395 1.4865999 1.6112392 3.8446608 17.460278 1.038134 38.391975 -0.4315382 6.322316971768141 
Car -1 -1 0 397.5460335485332 180.42703316370893 472.388103588699 213.43339352769587 1.5052966 1.6044436 3.6738098 -8.602388 1.8957028 35.45207 0.6443737 3.171800864434668 
Car -1 -1 0 594.0620260531541 169.0534086987371 614.0931146803805 182.81764437303684 1.3632771 1.6565201 3.7027116 -0.5331019 0.9868476 73.388084 1.6687262 2.4545943606289122 
Car -1 -1 0 668.26749721843 173.06430140242227 697.1179084858849 192.21442006492663 1.4704226 1.5920329 4.0768404 5.8759513 1.4878542 57.629433 1.850832 0.5225667021022591 
Car -1 -1 0 219.50060723207503 195.89248976415215 303.52043980518323 226.88631214609666 1.5006554 1.6099375 4.0308285 -18.5076 2.7705889 38.38537 0.31359294 0.2771901786327362 

