Car -1 -1 0 242.23166479967296 175.24301181184114 326.3744887297458 212.9550733382849 1.4166851 1.6547031 3.8737292 -13.091553 1.5200964 29.291882 1.5756016 65.71373202198889 
Car -1 -1 0 653.2503059452538 173.03026934456517 717.6021397456157 231.99992656603976 1.6776838 1.8295101 4.1490884 2.3553612 1.6837521 22.690348 1.6627599 46.14817134182429 
Car -1 -1 0 371.46121087967475 173.1351335366242 421.6176307774378 199.62348583079535 1.4908729 1.7249979 3.9412732 -12.521604 1.5082626 42.642662 1.5930483 14.287163438676268 
Car -1 -1 0 691.2454081552976 180.3634362862992 749.6023357061943 214.2276225015016 1.450282 1.6133103 3.9709768 5.280094 1.8262618 33.987457 2.023922 18.89687763914906 
Car -1 -1 0 554.8682963526087 174.75145828707585 578.4862907361678 192.84264767313087 1.5190637 1.717126 3.7557592 -3.7073774 1.6894569 62.889877 1.6034439 5.086319009925871 
Car -1 -1 0 976.3404090957846 188.73102303966638 1076.6359770842928 221.35322985948758 1.6268318 1.6704509 4.262108 21.823324 2.4816313 37.88335 0.060895078 2.0615514693435717 
Car -1 -1 0 1094.8487662277955 186.3437605702356 1200.9250065220926 217.76333891611762 1.5636325 1.6649914 4.225235 28.02146 2.2850633 37.650414 0.050148096 2.8071855286875405 
Car -1 -1 0 250.72185505304634 168.1618655754543 294.92548856193315 190.69708514039036 1.6033126 1.6460856 4.0778627 -24.872644 1.2694812 53.43338 1.4908367 0.3143558204174042 
Car -1 -1 0 631.7352702525784 176.69299752140137 654.7319328046166 192.52554714181886 1.4715445 1.593703 3.8470573 3.2401922 1.8549092 70.04499 1.4450331 0.30617934465408325 

