Car -1 -1 0 208.28758130178338 175.36120473511102 303.6055971411866 217.4601824711927 1.450908 1.649555 3.8505373 -13.121453 1.5515616 27.032188 1.5821884 76.22401885254554 
Car -1 -1 0 654.5441013697406 173.22256647454532 720.5209039589669 233.7047721675439 1.6793807 1.8313602 4.2102604 2.3549633 1.6918514 22.237574 1.6574142 47.535229702599395 
Car -1 -1 0 357.13533167007694 173.23881966708979 414.17039113442087 201.71746254402703 1.5079813 1.692049 4.15385 -12.453046 1.5306537 40.38751 1.6305628 17.220571675010355 
Car -1 -1 0 697.730148714737 180.60505670070174 760.4427855563672 214.93504365729626 1.4409015 1.5918605 3.992485 5.5875177 1.8223193 33.37599 2.0841868 30.05370056617453 
Car -1 -1 0 1106.9493933130088 188.30992466258516 1210.5946989658742 218.31027418852779 1.4549494 1.609869 4.0782804 27.8868 2.259387 36.708897 -0.01979182 14.966878443225792 
Car -1 -1 0 552.3246479428288 174.92655084984966 579.305262118643 193.28243374617827 1.512654 1.7001488 3.6774788 -3.7153316 1.6957372 61.816315 1.6830844 4.398449584249002 
Car -1 -1 0 983.6095241834768 186.03681356700707 1087.740678789035 217.7927932904052 1.5512979 1.6664256 4.3218966 21.663006 2.2387054 36.784355 0.0029924281 9.703731907037499 
Car -1 -1 0 703.1826788724422 178.7609342162386 774.6485421593101 206.07571407307168 1.6137412 1.6809142 4.028111 7.828124 1.9802096 43.8862 -0.018865932 3.995326052238684 
Car -1 -1 0 631.6480272364267 176.31877150232958 653.7150677320585 192.55961726271204 1.488819 1.5938566 3.7960265 3.1372406 1.8293273 68.94661 1.4771135 0.37084582448005676 

