Car -1 -1 0 98.61276733953525 185.68204363421123 192.87901205544586 242.21223132860808 1.5058535 1.7085938 3.8860607 -14.198252 1.9400756 22.303188 1.200795 78.98827401234018 
Car -1 -1 0 363.2329880071896 177.243984680481 415.242101943247 221.13519677478732 1.45136 1.6855967 4.4212275 -8.217321 1.6281753 26.696812 1.2391706 43.82401735263388 
Car -1 -1 0 540.8898218047777 162.90315241005612 736.422227440303 277.99757480253476 1.5788467 1.6561031 3.8305616 0.2967288 1.4423425 11.98333 1.1284585 127.3692744013359 
Car -1 -1 0 268.2697452376774 183.57632348562083 318.4492324996258 222.72842795823456 1.3893079 1.5934855 3.755088 -12.530954 1.8469007 28.75605 1.2221286 32.17896667866831 
Car -1 -1 0 1122.034847348241 118.70515205045366 1214.8681481394337 155.27656389220382 1.4580749 1.6005807 3.9067326 24.626392 -0.81184244 31.786106 -0.42829573 20.41643340002148 
Car -1 -1 0 876.1654196825763 136.70065520092038 974.7304730563006 174.21974525214313 1.5308679 1.6351999 3.7520745 13.694574 0.05572549 31.483019 1.0981392 21.12851872528715 
Car -1 -1 0 1181.8213824500808 112.72689291089593 1242.0 149.36503174408756 1.4989802 1.6425309 4.048627 28.442427 -1.1406455 33.357285 -0.4927975 3.8716397726997394 
Car -1 -1 0 764.4214226497148 143.38767113284834 891.2867398383729 201.12551505421575 1.8885257 1.7179508 4.0577393 7.6097965 0.9247224 25.16161 -0.38695496 51.01564275677393 
Car -1 -1 0 347.00782917962664 180.2909655293272 385.82600403335033 216.54528939726032 1.5466683 1.6258496 3.8419242 -11.341654 1.9155891 33.713894 1.2518533 1.541981061084425 
Car -1 -1 0 1018.467016383668 128.33867596012703 1110.292637999573 164.35051965077113 1.5161301 1.6382883 3.9325435 20.606607 -0.4036318 32.682953 -0.4312191 7.298033014074356 

