Car -1 -1 0 375.40608415986804 194.38935425223028 523.4116345878937 306.65123750766395 1.4387145 1.5909843 3.8863502 -2.450147 1.8530294 11.93725 1.569394 118.61379943802662 
Car -1 -1 0 700.3867870324368 186.45432315484538 789.8740915289179 254.08682313364653 1.4623433 1.6099619 3.663031 3.3022983 1.8397955 18.18333 1.5835556 112.05387189935495 
Car -1 -1 0 794.755733550259 193.53370195606828 1143.1860584357773 375.0 1.4899166 1.5755985 3.4807167 2.8469186 1.7293079 6.576346 1.6189821 91.92830515011309 
Car -1 -1 0 460.70779444375654 188.81377884354157 546.6393119819649 260.9684375679461 1.4507104 1.537514 3.495048 -2.3954968 1.8662701 17.034788 1.5641865 53.54058604774084 
Car -1 -1 0 679.5260366913926 182.5703698492437 739.634466813444 232.45510489277285 1.5074162 1.5839508 3.627238 3.298248 1.8598139 24.342093 1.5879978 39.098350545519686 
Car -1 -1 0 496.8293608799019 187.27655192914958 560.9069747180862 241.46142835876952 1.4512197 1.5312885 3.3432019 -2.3754234 1.9225895 21.900797 1.5833849 31.396493079891346 
Car -1 -1 0 659.4253200594409 180.4189658509929 697.9315119718555 211.75213676618588 1.4615769 1.585221 3.74647 3.4402719 1.8632197 36.434944 1.5707109 17.702633169601402 
Car -1 -1 0 521.4778147365616 185.40019430803153 573.3446780965166 227.72696669954826 1.4084778 1.5721037 3.877967 -2.265934 1.9137874 27.112728 1.5822773 8.76482256507199 
Car -1 -1 0 675.1622299153919 180.66218190830665 724.0194446732365 219.15661193894528 1.4733186 1.6017483 3.8789542 3.7212708 1.8228273 30.351336 1.5790901 0.3829984962940216 

