Car -1 -1 0 719.8149359766404 179.93633287717685 900.6028215749895 300.9538912051682 1.4948945 1.6066628 4.0096 2.8577535 1.6243963 11.171534 1.5488715 130.77970992125498 
Car -1 -1 0 43.67200392973232 200.2928417476316 311.2007700135127 293.3324694754485 1.4398184 1.573227 3.7043 -7.340562 1.9462521 12.486635 0.023903532 84.80006270208847 
Car -1 -1 0 591.2544157192021 175.26985689933568 624.5011426623432 206.97866012049042 1.5928354 1.6834276 3.740538 -0.09368107 1.7276976 38.404873 1.5661839 29.261987887265285 
Car -1 -1 0 123.1019728637199 194.30143204811947 367.9736298768649 270.621402411516 1.4389098 1.6352828 4.225189 -7.368811 1.9055486 14.880981 -5.3261923e-05 42.65200890707338 
Car -1 -1 0 238.95097899702102 186.67216050561439 415.7271591109156 249.29073631973472 1.529855 1.641336 3.9879959 -7.299245 1.9086821 18.899206 0.030895555 62.58785659573954 
Car -1 -1 0 401.35446210145653 179.2102339263785 499.5827181852651 214.5768466144292 1.58535 1.6840203 4.176869 -7.3545356 1.8893566 33.591778 0.0366749 18.99409241696469 
Car -1 -1 0 311.6094689038193 184.45932362569576 444.091583253755 233.47292111206042 1.5288385 1.6285737 3.8471336 -7.609 1.9282019 23.89036 0.065940805 16.559394173399212 
Car -1 -1 0 344.69544779693655 182.17277628692236 461.236156139561 226.9632064906575 1.5518281 1.63464 3.7986238 -7.447295 1.9025179 26.261564 -0.03955404 14.773279400988038 
Car -1 -1 0 479.56293977579065 178.38220181002404 523.3207497282432 206.13483600972154 1.523926 1.6198746 4.257935 -6.333415 1.8677223 42.68243 1.6552341 3.432344625491499 

