Car -1 -1 0 111.58268575073896 179.0712333824466 294.01878791924736 260.51932662455096 1.4822237 1.7126747 3.917791 -8.431778 1.6318505 15.397981 1.5613692 101.9492637040896 
Car -1 -1 0 316.22699245379465 174.62917063296706 391.96839192549186 208.68806937953354 1.421884 1.6341592 3.851505 -11.358133 1.5064259 32.347874 1.7003934 35.9902781934604 
Car -1 -1 0 360.07756818838345 174.27752285121542 441.03486531575084 214.25880088718066 1.4420118 1.7098126 4.0562134 -8.077978 1.5019038 28.265095 1.6542001 49.406292835636705 
Car -1 -1 0 872.0389338001047 159.14289516133593 937.2135147845182 179.22705128306112 1.5240533 1.7005184 4.43804 22.853354 0.48360828 55.93866 -0.15660745 33.86124755370363 
Car -1 -1 0 582.3474554875037 162.5255297408752 635.8987668626461 211.04119255456482 1.6379242 1.8080927 3.8265955 -0.010411143 1.2892274 26.27501 1.5730929 29.63132874212215 
Car -1 -1 0 19.0136713457572 183.54122082508914 93.23606420474084 236.90842117897418 1.4692372 1.733331 3.9675384 -17.475832 1.8380969 22.804186 0.91175365 20.81684938866743 
Car -1 -1 0 921.1456185589541 163.63413233395454 1002.1381335632833 193.31052669509788 1.4677489 1.6300335 4.0022883 18.201923 1.0117482 37.28688 -0.44753346 24.17896748143208 
Car -1 -1 0 521.9326473925321 166.5142290415382 543.1807152384198 182.09953342589952 1.4940206 1.6033194 3.881341 -7.562065 0.88628435 71.12419 1.5916562 2.1929853402789714 
Car -1 -1 0 63.57575951313283 181.3737278841741 155.46390512014494 211.1302496490835 1.5321074 1.6381857 4.009774 -26.88727 2.0035458 38.84734 0.13362962 1.921981035873016 

