Car -1 -1 0 739.0447606326741 179.9041065879547 992.2382788822307 353.199003187282 1.5310029 1.64062 3.86484 2.6669612 1.6327798 8.474419 1.582479 122.27719421840176 
Car -1 -1 0 686.878058653235 176.53671445925252 830.083107729223 269.43376961003554 1.5253267 1.6255169 4.094687 2.72098 1.6082205 14.1279335 1.4792361 103.00318589657806 
Car -1 -1 0 0.0 181.0653777727884 353.94066497094457 350.0623745237719 1.5333678 1.6070364 3.8060682 -5.109359 1.6474822 8.367665 -0.53348684 90.49276281435367 
Car -1 -1 0 211.8447161871185 184.02388901364756 422.0972319441787 269.93698729483845 1.4033937 1.5282063 3.4907165 -5.551428 1.6420975 13.811914 -0.59154797 66.682138105728 
Car -1 -1 0 592.9026624701769 167.76543759896092 645.6149910457293 218.84591333648305 1.7477686 1.7141472 4.0656104 0.28699297 1.5736583 26.758581 1.5242805 38.922035528808216 
Car -1 -1 0 374.49271308031683 179.44445760033966 404.05541406505847 198.23353036446179 1.4465387 1.5831375 3.4671671 -17.968357 2.0007675 58.77993 1.0539095 2.3366292988884516 
Car -1 -1 0 455.6274202190363 179.30118985752455 486.04457791391945 198.8712597733055 1.3388329 1.6018422 3.6856325 -10.045977 1.8242154 52.456352 1.541743 1.5842383085064988 
Car -1 -1 0 564.2301019508965 178.38483800479568 595.7840912056981 197.59035050490746 1.5252732 1.6367698 4.060411 -2.5247412 2.0076275 60.743694 1.2616777 0.8351209163665771 
Car -1 -1 0 408.7828124721141 178.3279935710151 436.77691348265154 198.34476884269557 1.5557289 1.6241051 3.8092742 -15.373147 2.0211775 59.281437 1.1528174 0.2701583802700043 

