Car -1 -1 0 733.7260494471954 187.30072544282189 960.3596635531538 330.5708160995 1.4296951 1.6113883 4.1218452 2.870934 1.6654648 9.697389 1.5489069 84.87845875595058 
Car -1 -1 0 683.317679547143 178.6284794200024 806.1842625215842 263.8347503281808 1.4962704 1.6139187 4.259193 2.6556513 1.6346157 15.125116 1.5288965 96.12388702118795 
Car -1 -1 0 581.24753531343 167.44547765582803 646.1537702867848 229.00976161151064 1.6409559 1.7311296 4.088586 0.08790073 1.4967952 21.28601 1.5595565 38.4458663506349 
Car -1 -1 0 661.4456649224821 174.67738857837753 727.6902083913446 223.06468517146192 1.4919164 1.6028228 3.6759157 2.7770615 1.5579963 24.268703 1.5147285 35.16832938727908 
Car -1 -1 0 126.02148983686281 168.48013920871423 245.13185246853388 215.95410355258764 1.4538944 1.6361821 4.0151844 -14.000584 1.3199444 24.10891 1.5656784 36.90643543038345 
Car -1 -1 0 655.6875331714831 173.73273688039984 704.9592879998115 210.88069893355097 1.4639199 1.5601163 3.5032058 2.9139776 1.5030084 30.307423 1.5205327 6.252740127538512 
Car -1 -1 0 364.39948489755443 172.45022741738308 408.1033566360978 197.2277653848338 1.4918069 1.5931921 4.156649 -14.0321455 1.4674963 45.545547 1.5382036 3.0885659671393566 
Car -1 -1 0 434.8038081633624 171.34084779412547 460.2466187343642 188.85741451638256 1.4880716 1.6286254 3.8346481 -14.173128 1.3595256 63.267704 1.4980199 4.744068036228111 
Car -1 -1 0 647.12383031072 174.54175377612904 690.0217684387478 206.09795013129437 1.4938719 1.5959318 3.6688352 2.912112 1.5830795 36.248604 1.4959996 5.142108781827062 
Car -1 -1 0 625.8115555741608 172.14953329864682 656.7123824735056 195.55580790298652 1.5323938 1.6105075 3.8190212 2.1231127 1.4862726 49.2127 1.4809073 0.5445541201543929 

