Car -1 -1 0 1099.5318667948136 195.55908460269504 1242.0 277.893554047072 1.4315294 1.5959926 3.951909 12.211579 1.9538901 15.0108 -0.45779273 84.04564281952185 
Car -1 -1 0 322.6977909797841 178.02469493067457 400.78761461282863 249.87511403067114 1.580521 1.5829226 2.6698108 -6.105485 1.7179375 17.63467 1.1544952 56.7358362550659 
Car -1 -1 0 687.94393321704 177.54524827421983 813.5685010021109 230.40055846129405 1.4754988 1.6002673 3.8780985 4.398843 1.6318517 22.25429 -0.63429046 96.7065949724693 
Car -1 -1 0 479.00663465940727 174.78737949496107 562.7402538023424 207.49457479588156 1.483477 1.5710666 3.7009742 -4.2334104 1.5810213 34.667576 -0.64087206 46.47203476035705 
Car -1 -1 0 594.3382640359829 178.11466664355703 699.1499890905263 219.73284022513806 1.4186791 1.5616736 3.7923207 1.422147 1.6272371 26.825459 -0.6603365 30.77980856844518 
Car -1 -1 0 457.4904644757434 174.13686320085188 536.1930103675111 203.93214743049097 1.4412627 1.5518249 3.635644 -5.711817 1.5093796 36.67755 -0.5702338 28.11966167114884 
Car -1 -1 0 638.4038636224583 177.81538554531716 759.344377464142 224.29128287734733 1.432418 1.6077325 4.0576067 3.073292 1.6132936 24.467705 -0.62349916 27.073276684623504 
Car -1 -1 0 159.393735590731 170.8990421522064 204.83312719510243 199.38972325128896 1.5214938 1.5843381 3.7644596 -23.971817 1.4170926 40.573418 1.2059662 11.819412483582251 
Car -1 -1 0 26.655164300522262 172.84698083373084 121.23368343990545 220.81793191396577 1.510446 1.62724 4.150015 -18.373108 1.5102248 24.947561 1.1884143 14.632005592023981 
Car -1 -1 0 311.8985697721434 174.90696646579048 356.5205815848654 213.00099819967772 1.4570357 1.6012571 3.6420887 -11.414851 1.5474867 29.801054 1.1728723 5.420155206583875 
Car -1 -1 0 319.0729236173227 162.95643945934754 355.84360360677607 198.9370966136175 1.9089155 1.7079747 4.2369447 -15.236854 1.3838108 40.557858 1.2641203 3.6604053364534654 
Car -1 -1 0 316.8713394085419 177.39794707289028 367.64246064661756 221.52409186733573 1.4383721 1.5974185 3.6683564 -9.598129 1.6142404 25.928776 1.2148384 0.6629103976229298 
Car -1 -1 0 328.29655279382433 179.94201318210656 466.59991523160033 234.4972189342657 1.44508 1.5897255 3.670912 -6.164637 1.6657846 20.982582 -0.42762265 0.5712605507029188 

