Car -1 -1 0 136.22987498353018 196.05901271710889 261.9491288762763 259.81477608983823 1.583516 1.6732543 3.8485317 -11.953989 2.3321266 21.31382 1.5210105 83.71779827362178 
Car -1 -1 0 484.86168096275753 186.23562068342508 554.7268298852509 239.2668108860133 1.6002302 1.6837634 3.9218504 -2.992766 2.097393 24.797024 1.633785 59.24401831697462 
Car -1 -1 0 688.704514268763 184.9519951940659 737.3722397580678 222.25549382993606 1.4716738 1.5882436 3.3572218 4.4252553 2.0239267 31.248808 1.5585996 22.18139658807871 
Car -1 -1 0 75.11719908238726 196.2358004094485 200.29562132547315 250.42228251221272 1.519554 1.6663525 4.2771006 -15.71438 2.3787632 24.320738 1.4978943 14.965397872309572 
Car -1 -1 0 516.8642185340118 182.3523893718853 564.6538949475757 223.74463477854013 1.6954305 1.6433918 3.7508192 -3.0222983 2.1461968 32.33567 1.6103762 40.047998838871095 
Car -1 -1 0 331.6280063027052 193.49651744743187 385.11359407965705 221.53187666300812 1.464077 1.6220996 4.0023193 -14.797031 2.7442985 42.71337 1.6155571 11.083598195004381 
Car -1 -1 0 739.0647447090477 180.13038075469882 796.2793520339308 199.7425962145202 1.4927249 1.6328907 4.103886 12.325461 2.0699008 56.389076 -0.013782924 21.058870824316 
Car -1 -1 0 401.8312434825238 189.57250623114095 433.307362569193 211.01888575613205 1.4767755 1.6148266 3.986451 -14.570819 2.7969732 54.92808 1.494365 1.1032289048827568 
Car -1 -1 0 667.814961903499 183.22580767545912 701.1398094231166 211.40870099711302 1.4814894 1.528899 3.3354304 4.2008286 2.092393 40.828636 1.5674922 1.0309685682324004 
Car -1 -1 0 651.5149611999652 181.20599305006726 685.017392174932 200.98905469897454 1.6086547 1.6194264 3.8166559 5.116067 2.3559594 62.490135 2.0226498 0.5193258569338906 

