Car -1 -1 0 548.6847272871695 192.91180648631504 621.9965075903995 253.96729815082037 1.4382687 1.578584 3.7644596 -0.58764553 2.0547688 20.227682 1.6674728 88.46655520884535 
Car -1 -1 0 767.561912287301 189.77295971867048 875.3519294727298 280.59987133936806 1.5032535 1.6217146 3.487359 4.1132274 1.8859653 14.475537 1.7218902 98.56982911192065 
Car -1 -1 0 322.9211916233311 197.97581941119833 546.0562204545599 346.76505050467176 1.4690127 1.6400936 4.207403 -2.131527 1.8951628 10.051258 1.6938272 104.97804177767073 
Car -1 -1 0 742.8512262996295 188.72212882838824 798.7062325851125 233.92050374843228 1.4267031 1.568453 3.5335968 5.7176256 2.0369463 25.908028 1.677502 55.70104624980996 
Car -1 -1 0 581.4968327964133 191.30948893535347 632.202810290604 236.82973758218228 1.3902824 1.5588408 3.6831768 -0.032603756 2.0894518 25.450138 1.630281 15.052905428930567 
Car -1 -1 0 1081.7272202183758 211.54665453455254 1242.0 279.9265804747594 1.5081289 1.5618873 3.6854355 14.052151 2.5133421 17.840992 0.06789042 24.55416001800662 
Car -1 -1 0 598.2581720396413 189.00262325196022 642.4470219429575 228.10560562181212 1.4607278 1.5480618 3.4994476 0.50374573 2.1791348 30.2784 1.6750963 13.572090367176985 
Car -1 -1 0 707.3894617607465 185.50828495156892 745.8846429457939 212.3042607884116 1.4931983 1.5943279 3.8216803 7.08588 2.2985034 43.978546 1.5333359 2.69444256425431 
Car -1 -1 0 1023.0612569292027 205.9778948223627 1195.9262512162738 262.95176489340514 1.490848 1.5677172 3.842972 14.173014 2.4725134 20.592232 0.003921563 1.2463808500746243 

