Car -1 -1 0 684.0695754317236 183.12342716649724 776.061362623387 247.6947466454441 1.4789782 1.6149917 3.566158 3.0529363 1.7745904 18.939363 1.5075049 71.44210236301527 
Car -1 -1 0 729.6393248530823 185.81606598915403 916.4988037899845 303.56787549705024 1.4375567 1.6048107 4.3342314 3.1169682 1.6829178 11.47389 1.5488257 113.90543609147662 
Car -1 -1 0 103.88686811088321 191.45258631855592 206.24242579686157 237.8175092136947 1.5178106 1.5895796 3.592355 -16.802637 2.2572484 26.87878 1.5557439 68.05049520568835 
Car -1 -1 0 812.3840243377779 190.1048127924812 1242.0 375.0 1.4372191 1.5970799 4.2302313 3.0985146 1.6374424 6.2398305 1.5962687 69.00458276430957 
Car -1 -1 0 0.0 195.83440104145927 129.1996321406988 256.51108604967106 1.5126779 1.6144971 3.9887354 -16.529533 2.2632332 21.543085 1.6077411 20.945133811604624 
Car -1 -1 0 180.47531507624993 189.570703639662 260.31529933937276 227.33164967625584 1.4772081 1.6189011 3.8796911 -17.130127 2.2636747 31.963804 1.5146546 26.080843770634328 
Car -1 -1 0 256.10881036764266 187.59686643010608 319.34599883882635 218.88236802359785 1.4400668 1.6353846 3.9110374 -16.448238 2.2381322 37.071667 1.5305336 12.056295931421948 
Car -1 -1 0 659.9655706757842 182.1961292276693 712.3105056720176 222.47278855464396 1.4436557 1.595024 3.859126 2.9778574 1.8405948 28.711384 1.5494497 11.156138377988034 
Car -1 -1 0 353.0820168799893 185.25025906024618 391.5037240839515 207.668426985716 1.4737351 1.617754 4.136059 -17.003632 2.401326 51.87977 1.5124462 2.9347426374784575 
Car -1 -1 0 401.44658627205223 182.68197352647692 432.1405841378448 201.49483714824333 1.547967 1.6284924 4.0127435 -16.914661 2.4398499 63.472687 1.5706772 2.0083507371265825 

