Car -1 -1 0 778.2225183543312 181.27928438529253 972.7113873229912 300.19458307005914 1.4665892 1.6208265 4.399142 3.9173656 1.6262833 11.445496 1.611383 131.3911281473812 
Car -1 -1 0 726.5397267618741 178.13794659049165 801.6523399796029 235.24400239644453 1.504597 1.6128337 3.5903294 4.4419947 1.6731875 21.185936 1.6241183 80.38591343920083 
Car -1 -1 0 364.0531571150537 189.95492806378257 523.6346068376881 260.7264060889537 1.4529197 1.525966 3.3865464 -3.8859396 1.889327 16.963467 -0.4723364 121.54078696376334 
Car -1 -1 0 705.3466146299088 177.75084198539065 763.6487099368342 221.6713682573948 1.4559829 1.6012793 4.2261686 4.5099096 1.6507266 26.546669 1.6177764 37.208313339914355 
Car -1 -1 0 407.8168487395926 186.7876066405723 561.7890823638023 245.98798559861868 1.4444835 1.5922949 3.9101577 -3.4379747 1.8644412 20.070805 -0.53078175 24.613624878109924 
Car -1 -1 0 522.5403200446971 182.33176924601617 596.0300619782373 210.74897958607858 1.4642982 1.5744922 3.7147183 -2.7613711 2.0055268 39.69481 -0.44392967 29.674170777186507 
Car -1 -1 0 682.1319781567103 174.66636037001626 711.3380872684407 200.1304953233183 1.5177215 1.6780198 3.9117367 5.4336667 1.6366066 45.31169 1.6542164 3.8420334526174282 
Car -1 -1 0 460.3117501691505 185.56018379150242 581.9180019008163 228.84136903508474 1.4138793 1.57968 4.075537 -3.1720672 1.8939879 25.836205 -0.3419453 3.2006057028966093 
Car -1 -1 0 552.4853191617462 180.07462072081736 612.6235084210476 202.94525503721488 1.4793595 1.5807474 3.7770467 -1.8358326 1.986545 49.15788 -0.44319427 1.936432380541287 

