Car -1 -1 0 147.2525997249322 212.12177466096793 406.8104395495941 366.99620734917943 1.4183489 1.5813276 3.715928 -4.0258226 2.035183 9.449025 1.606746 122.90587117811765 
Car -1 -1 0 346.46545130963585 201.47229246125346 477.38862655425737 293.13216945132353 1.4826784 1.5889324 3.6462739 -3.852221 2.137221 14.661816 1.5936579 80.92800557750346 
Car -1 -1 0 706.1259249255929 191.42997846718922 837.2873066642335 237.76221513595607 1.5322083 1.6727692 4.2756653 5.768363 2.2275138 25.88454 -0.13817953 41.951368496781285 
Car -1 -1 0 816.3280505072864 193.15440329723094 1079.6485599022124 288.54238315852666 1.579265 1.6472443 4.0854506 6.087592 1.9782805 13.260287 -0.048623737 57.42029941493386 
Car -1 -1 0 891.3742698429246 198.86675625058498 1218.6763746983056 315.67819048320837 1.5112951 1.6209368 3.8945498 6.430578 1.9293118 10.6708145 -0.059098545 45.35790732925845 
Car -1 -1 0 965.2074083799434 204.448753939363 1242.0 354.41001132482137 1.4917927 1.5913771 3.7646742 6.3783283 1.891618 8.324282 0.0058230283 64.4621043189682 
Car -1 -1 0 763.0459464607611 193.20030784844135 915.7871814259602 249.06448898557318 1.4926164 1.5965235 3.898991 6.5837927 2.1078398 20.886978 -0.06890493 24.731927880522274 
Car -1 -1 0 455.8379697033586 186.741420798132 509.3504217400848 231.75337283213534 1.6708155 1.6848042 4.2506795 -5.247959 2.2952247 30.279621 1.524132 27.424654917295317 
Car -1 -1 0 797.609674092264 196.83896429442817 1010.0725094458926 270.4805083799978 1.4637723 1.6106486 4.077373 6.4311795 2.0283391 15.9874325 -0.09567168 26.974501692049863 
Car -1 -1 0 688.8450076743175 191.90307185708102 798.9047384195684 233.3074228381761 1.5117348 1.6332203 3.9406343 5.1999454 2.2819133 28.204163 -0.078465 12.38899264160812 
Car -1 -1 0 675.4347027249889 190.00363074899997 777.602506420349 228.25160568305787 1.5118351 1.6294776 3.9723887 4.93316 2.2668843 30.646381 -0.16005473 7.083150510985725 
Car -1 -1 0 784.0558380827478 193.95530046141855 956.7965756642769 258.18736771203214 1.50629 1.5954639 3.8407822 6.5977745 2.0736415 18.466866 -0.07164489 8.436017210786593 
Car -1 -1 0 619.3741188923317 189.522795670486 687.4974915531473 215.79639504043428 1.5572666 1.645181 4.000278 2.7445512 2.6350365 45.46412 -0.19193523 3.444938208224217 
Car -1 -1 0 597.8950918896315 190.4414429640528 620.2117029497615 211.9990479383714 1.4564623 1.6022437 3.7419622 -0.038622066 2.8104045 53.674515 1.5695597 2.9918567166362444 
Car -1 -1 0 655.442252337178 189.47504393630015 738.3311790771695 222.32380112565625 1.4931912 1.5788851 3.7048798 4.2573395 2.3352423 35.307426 -0.26492614 0.8646199081269267 

