Car -1 -1 0 776.6298447896852 187.52857770940383 1174.2071904886552 375.0 1.5901654 1.6398646 3.6853163 2.6100626 1.7536335 6.164981 1.6089906 108.49995391462211 
Car -1 -1 0 668.8519294649151 182.50264415410786 737.5685872389939 245.75705849715064 1.6746771 1.6863766 4.1730947 2.7370925 1.9953489 21.86433 1.6072855 98.29010397312946 
Car -1 -1 0 213.52722774306233 173.02059328282942 309.76241795740043 215.23078833018974 1.5559044 1.7062057 4.3615527 -13.7431135 1.5630596 28.802273 1.5799482 31.103090243934123 
Car -1 -1 0 0.0 167.8298571400998 152.53047847398264 236.49732460454183 1.6014714 1.6156181 3.6433032 -13.770756 1.4842976 18.65308 1.566275 78.26817926899406 
Car -1 -1 0 728.3093965819351 196.9242414141243 897.4222304512494 311.1924342769438 1.3763546 1.5747718 3.9762018 3.0125282 1.8269447 11.51796 1.5695442 52.55092778554723 
Car -1 -1 0 579.1294537125024 176.34773825531187 637.8066016784408 232.52561082748355 1.6808035 1.7803129 4.2718935 -0.095692575 1.8075681 24.018303 1.5409813 32.67490353004456 
Car -1 -1 0 291.8409313353428 176.08480160196575 353.3737779837452 207.51180290822504 1.4265511 1.5877798 3.845616 -13.877882 1.5924768 35.10501 1.5330839 12.367195164835604 
Car -1 -1 0 642.1241379531679 185.08346454605106 685.3139642684961 217.93415791628908 1.4189736 1.5916177 4.0313225 2.548941 2.0426536 34.74556 1.5227778 9.750248416581544 
Car -1 -1 0 350.9191627275045 175.5013274367115 400.41742210714125 202.01626259988114 1.5214622 1.6152934 4.014988 -14.141509 1.689736 43.835693 1.5969775 3.9288565579505623 
Car -1 -1 0 651.9520867253705 184.62312347484584 704.6874872472515 225.6744598720714 1.4892104 1.6266305 4.1654034 2.7354796 2.004662 29.492617 1.5376077 8.942062675377658 

