Car -1 -1 0 697.3833148022833 186.4532528552208 832.6542935327253 291.94247965254567 1.455095 1.5974442 4.275882 2.5281866 1.734817 12.676116 1.6065719 113.71681736979198 
Car -1 -1 0 569.150443274728 184.78118798180418 647.8827308813101 257.50707210397155 1.4663483 1.660228 3.624433 0.06449133 1.7780502 17.005816 1.6197436 61.84325159049839 
Car -1 -1 0 774.8450701505594 192.19635104961108 1150.6400936014927 375.0 1.4238715 1.5926639 4.0846868 2.8350294 1.6630995 6.8795404 1.5735234 119.78145049025817 
Car -1 -1 0 334.03966792723213 193.89545200765716 477.0242466244671 279.79580090911287 1.3946257 1.6717352 4.3085904 -4.014699 1.8937848 14.947092 1.5896885 112.61855764441522 
Car -1 -1 0 546.9093115829895 182.98931894376497 594.9658528898341 215.98353992026082 1.4582143 1.6283908 3.508505 -1.8140607 1.9744289 34.89043 1.7261839 28.67344851286437 
Car -1 -1 0 293.0049173312434 189.70095240821405 375.3987067367499 220.5307974234665 1.478956 1.5896791 3.803978 -14.122059 2.3760085 37.18911 -0.24396989 19.55457055467184 
Car -1 -1 0 671.8937136485725 185.18341576655732 734.7522527817033 244.43629547516082 1.4777989 1.6068105 3.453784 2.7453933 1.8613857 20.605299 1.7508218 29.783675417402325 
Car -1 -1 0 599.9107801444641 177.02168446121303 654.3887247851884 226.97351813049656 1.6589787 1.717077 4.0312 0.7163005 1.8235168 26.39883 1.6645969 22.05753222037611 
Car -1 -1 0 665.3088290700935 185.18940656189972 716.6127383529115 233.7111862488445 1.4739711 1.62707 3.9127975 2.7793992 1.9355062 24.972261 1.6652792 10.37438976020158 
Car -1 -1 0 404.6497574703894 185.37121569873185 481.6013214703515 213.71137987591362 1.5572526 1.6437024 4.1776414 -9.934036 2.339215 43.19275 -0.6198764 39.12803727606951 
Car -1 -1 0 665.285537666448 178.6609486375359 691.5066588245354 201.30881129938746 1.5831629 1.6421071 3.4528103 5.106419 2.0263999 53.22908 1.7497967 12.001860780266577 
Car -1 -1 0 178.22771026846587 194.41837355001698 266.97716743240187 227.3404004658106 1.5282125 1.5864995 3.6936939 -19.454014 2.6545591 36.42016 -0.27636516 14.581099857325029 
Car -1 -1 0 19.452777311669006 196.5227267795901 123.3579264108356 231.60054097614554 1.5582157 1.600302 3.6705053 -25.740187 2.7295723 34.61692 -0.16559151 5.768507974272937 
Car -1 -1 0 106.85798770427992 192.13898914291678 180.42958630836188 216.2439917281082 1.4310337 1.559385 3.7372484 -29.929178 2.7100492 46.45973 -0.36407143 10.20976378527355 
Car -1 -1 0 738.9885115516306 177.94287046828197 772.1786894160072 200.08373135306417 1.5085585 1.5891758 3.771661 10.465651 1.888144 51.926414 1.5602969 0.27132314443588257 

