Car -1 -1 0 756.5094302984741 174.6288368969176 841.6714388907534 230.10376295808388 1.4497488 1.5925411 3.8994474 5.3896823 1.5061849 20.963211 1.6111529 58.43262752930387 
Car -1 -1 0 121.06025963869565 186.6618311586274 242.53946956711107 225.65182609035864 1.5037746 1.7406561 4.4504213 -18.773186 2.160087 31.907965 1.976023 69.95025005624154 
Car -1 -1 0 238.80454457203328 184.84620633104294 326.40648782440735 216.78258270078945 1.4700067 1.6527108 3.7628238 -16.588758 2.1146023 36.7582 2.154451 55.71615298252878 
Car -1 -1 0 351.5802057679122 183.71447213407987 438.72648026379863 211.62851925099642 1.4648618 1.7012532 4.520667 -12.173641 2.108984 41.01937 -0.46520254 53.421671410213584 
Car -1 -1 0 535.8751036917714 175.063741694816 602.1644537726622 202.12908642936415 1.5150964 1.5999261 3.6432943 -2.393192 1.6498302 42.328606 0.5782425 47.12910251413393 
Car -1 -1 0 0.0 192.725078378923 103.80175060989151 241.4678228001063 1.4973676 1.644475 4.249461 -21.126648 2.2843478 26.299015 1.906354 35.978316695075854 
Car -1 -1 0 630.8789973470789 172.02529970339955 654.3724250226473 192.19975159223452 1.4979477 1.6815752 3.938126 2.513687 1.4364166 55.554405 1.5845264 3.112708770949681 
Car -1 -1 0 283.1246105228987 181.591791682575 360.71400537859995 211.86583061072687 1.624891 1.6368963 3.8501725 -16.56369 2.1512055 41.624317 -0.67003053 8.262662505316436 
Car -1 -1 0 456.5591133386316 179.90216500747502 491.6842648973744 200.91528435338546 1.4653432 1.7230362 4.242358 -10.065935 2.012769 53.89776 1.5976816 6.3851072190528155 
Car -1 -1 0 933.7846579616638 153.87884054569315 1021.9814018698469 182.98326342074375 1.4991448 1.5698225 3.8395772 19.328293 0.5217498 37.956917 -0.0032281687 3.138565270772433 
Car -1 -1 0 214.28357638120985 186.42587790159556 296.7959050335472 216.0677133538294 1.4335437 1.5785342 3.7195375 -18.934792 2.199728 38.731174 2.1054425 0.3167203366756439 

