Car -1 -1 0 347.57087747849033 181.58422949744948 422.99213646199865 217.0641552490543 1.4398298 1.6536819 4.09112 -9.337575 1.3778956 30.819635 1.6821797 46.30486860095421 
Car -1 -1 0 667.805621174635 176.3683697622895 704.0394372500657 207.3781416619942 1.4279357 1.6049094 3.9988482 4.0613537 1.1174793 34.61648 1.6496128 19.645410377449085 
Car -1 -1 0 741.6300169626575 159.20012890873357 947.8691577442354 247.84817598269026 1.7376914 1.6549366 3.8808951 4.976104 1.268999 14.950838 0.1401049 71.95063802863841 
Car -1 -1 0 605.3139480640225 177.08166244414417 640.8561068566917 206.8476322691094 1.3447227 1.5970958 3.4845967 1.0537212 1.0723655 33.729683 1.6289539 35.569452834264176 
Car -1 -1 0 431.7766134205381 178.06777458113083 477.854547199276 204.35698027307077 1.45805 1.5972631 3.8121576 -8.50668 1.1783764 41.184967 1.6578978 16.09859835563901 
Car -1 -1 0 464.16735701005007 177.7351604820559 503.2100407129897 201.04149499516603 1.4795129 1.6107304 4.0477753 -7.797888 1.1382867 46.97079 1.6540167 7.120187690995387 
Car -1 -1 0 737.4183949872138 164.4897751366343 883.1242054538969 227.70371433804968 1.7325702 1.6230286 3.718106 5.8797703 1.2222154 20.258423 0.03629498 7.3623401713684995 
Car -1 -1 0 391.56579363405626 180.3233373379112 452.51837288471904 210.68466515052089 1.4417698 1.6685653 4.05301 -8.992726 1.3094206 35.682495 1.6791182 3.634824102648998 
Car -1 -1 0 965.7610330506269 169.35326604478217 1101.3162720989703 216.78095667941014 1.5640851 1.5550225 3.665091 14.754715 1.1103982 24.328344 0.13067622 0.2799740135669708 
Car -1 -1 0 521.0797801955458 177.5823088802098 556.8246395141779 194.05274149660627 1.4929664 1.6391946 3.8405893 -5.855118 0.9918715 66.181496 2.0026581 0.269386351108551 

