Car -1 -1 0 577.7456876660074 180.8347397815185 674.7275080564821 269.46695108939394 1.4575984 1.6421765 3.4550915 0.35433048 1.6313152 13.944464 1.6138132 48.76808303624065 
Car -1 -1 0 272.94174193714133 187.49640684160718 377.9818540582176 239.76695022031274 1.532364 1.7252829 4.137718 -9.483255 2.071659 24.457085 1.6322151 50.633888586658514 
Car -1 -1 0 421.63626874616375 174.92962316861485 523.7647575282415 260.1098427110445 1.6694422 1.712643 4.395057 -2.9691627 1.7233154 16.489077 1.5194219 99.91168187985723 
Car -1 -1 0 620.0686200487222 172.66959007909966 667.3132268795991 213.832515678218 1.5440202 1.6487538 3.7160926 1.429393 1.5371028 29.00533 1.6859641 29.47482029956358 
Car -1 -1 0 52.26873848956967 204.65508702507827 141.31380153629746 236.10726835442614 1.5206037 1.582182 3.8148453 -29.033144 3.413711 40.946754 2.203224 26.290182962975496 
Car -1 -1 0 235.05391171489512 198.0125668194728 270.27207644094494 222.86975412111823 1.4648862 1.6000562 3.763556 -24.029762 3.2333302 48.68149 1.2572432 8.480183681491514 
Car -1 -1 0 715.9215717140486 172.96348817960063 744.8310035545567 194.08629004355572 1.5153542 1.615027 4.0420856 9.068347 1.5238702 53.95475 1.8684655 2.638108756594376 
Car -1 -1 0 499.56868609296714 180.9039582237577 546.4489381055969 205.08490644322677 1.4878174 1.6771319 3.9427977 -5.6966467 2.046397 47.9393 1.8555988 1.7852537072993706 
Car -1 -1 0 29.828720570242506 204.18917921307303 112.93592561934975 231.52017081115685 1.4620697 1.5962908 3.8895962 -33.726208 3.5177631 45.300217 2.2135959 0.897834712824201 

