Car -1 -1 0 782.5050431330434 158.1533335790838 926.0614597583353 235.87261534012967 1.541225 1.6428119 3.822376 5.3438125 1.2497009 16.290205 1.4739898 102.58389758953653 
Car -1 -1 0 265.4526118958708 185.28312933506606 439.984282740437 288.6406947159155 1.5301783 1.7631916 4.416966 -4.516547 1.8001442 13.444953 1.5490233 150.16532868093515 
Car -1 -1 0 549.9994991101543 179.0687132545548 615.8435057529596 237.51989218640531 1.4356341 1.6521586 3.50715 -0.70271945 1.6219996 19.867748 1.5510004 42.96217508239112 
Car -1 -1 0 448.87457027440263 184.22846078591513 513.5321511713569 227.41179293166945 1.460354 1.6795713 3.9214504 -4.7911873 1.9238377 27.422094 1.5930855 39.480015489482504 
Car -1 -1 0 635.485446971962 172.72546363428128 686.5767552147335 208.01063058278265 1.5073214 1.7398672 4.329482 2.2829142 1.5018303 33.043472 1.5003178 27.70116103524134 
Car -1 -1 0 507.96033973441075 179.4581263807827 542.3336716303119 207.02546567619135 1.5397897 1.6351128 3.9093366 -5.007689 1.9531889 43.2041 1.5616044 17.785900695970806 
Car -1 -1 0 1000.1752274154395 133.05182457264323 1158.382847255658 187.28562944878448 1.8954244 1.7987213 4.548609 16.916443 0.5043728 26.140978 0.010796102 26.7878384991143 
Car -1 -1 0 1080.9561090436457 130.77891872140168 1191.6428688794083 172.1050138376152 1.5933871 1.6949255 3.7018685 21.617287 -0.032915086 29.798908 1.4950503 7.138504529256 
Car -1 -1 0 1145.013505518995 124.38152215643329 1242.0 163.58901500830535 1.4775333 1.6343975 3.6937387 24.617867 -0.4105665 30.039692 1.4457705 13.224102126481858 

