Car -1 -1 0 671.7134080156304 176.69464614605548 739.1038505093724 233.66129514396133 1.6425824 1.6872072 3.9568036 2.9709349 1.7759525 23.064753 1.5864291 61.679612959493966 
Car -1 -1 0 250.27457446835402 192.301558786282 456.9839243389858 318.1416878103685 1.4782612 1.7212105 4.4166684 -3.7175958 1.8445555 11.375353 1.5632163 131.15240757611255 
Car -1 -1 0 379.82589547802144 184.6082615653292 498.63024826726735 263.94682703557766 1.511328 1.7099553 4.3677597 -3.7337055 1.8170214 16.578756 1.567955 56.54713617800754 
Car -1 -1 0 648.0272983701657 181.8097099938601 687.4293384349617 214.9599137893938 1.4314578 1.6019809 3.986776 2.7059498 1.8813682 34.243855 1.5845879 31.289541254295923 
Car -1 -1 0 442.9308611631462 187.180193185723 520.7873599270931 243.56044160727762 1.455498 1.5997984 3.8473778 -3.7095113 1.9216245 21.543016 1.5831476 14.413627090070353 
Car -1 -1 0 482.88786998783974 185.906363970234 538.316521400146 230.89714322388727 1.4784809 1.610224 4.18153 -3.6284077 2.0059562 27.047562 1.5442467 6.489451062750281 
Car -1 -1 0 361.94749247765884 159.51935312883796 427.5162042369388 196.7144306260676 1.487268 1.5970747 4.034513 -9.099496 0.9540738 30.869946 1.572756 11.702250501570271 
Car -1 -1 0 531.9695309991636 183.37253589752012 562.8577312658489 209.3932392708002 1.505014 1.60705 4.0466585 -3.866638 2.1963372 45.396744 1.5676761 1.5074133710086424 
Car -1 -1 0 503.9385442800346 187.1661597030543 549.8648689675618 221.99178291117596 1.3908595 1.599241 4.047922 -3.6594884 2.075817 32.50646 1.5723741 0.8247280960299116 

