Car -1 -1 0 396.5851921449734 179.40631462794923 455.0852184956046 215.61749836219983 1.522214 1.6528549 3.9695606 -8.332409 1.8403 33.039204 1.5750574 62.643988583179926 
Car -1 -1 0 676.9480398082916 187.79157673092547 752.5448667647743 243.40349845580795 1.4670674 1.6041138 4.0323777 3.1286204 1.9684372 22.174965 1.5358578 67.0249963789953 
Car -1 -1 0 52.49737883047616 181.65951764628113 271.6688310995299 268.34279379055886 1.4405594 1.6621766 4.317525 -8.742087 1.6456081 14.618324 1.6020634 120.4659471518278 
Car -1 -1 0 713.0065314746658 184.10855739495096 842.5294788351674 270.589188145562 1.6099846 1.6663193 3.8888912 3.5543876 1.8903427 15.964784 1.4842584 87.38541206685062 
Car -1 -1 0 211.89296782321918 180.23263112279346 345.9213083304194 245.52359894011394 1.5103745 1.644319 4.2309403 -8.641142 1.7292253 19.28519 1.570539 61.49189401390933 
Car -1 -1 0 669.9864911964567 185.32109604387506 720.5301387187634 227.7451279727227 1.4696491 1.5680332 3.398869 3.230877 1.9778516 27.705528 1.580404 21.81333498665915 
Car -1 -1 0 441.7773329550236 182.1503178216231 489.589639090414 212.18854887616948 1.4613532 1.5916321 4.159615 -7.611432 1.9846787 38.51217 1.6052514 8.619946019167017 
Car -1 -1 0 655.0999991770582 184.6199237447869 701.6374383881637 221.32316930877028 1.49909 1.5878457 3.381223 3.02837 2.054224 32.31176 1.5160931 5.144052601375903 
Car -1 -1 0 69.21003987841124 159.65995009821185 213.28755040355324 218.20699443798978 1.800778 1.6232426 3.5289032 -14.92352 1.394958 23.138496 -0.07737817 22.419423996886007 
Car -1 -1 0 649.6845577052089 184.82116037785403 684.1750002967245 215.67659185564298 1.4609782 1.5974816 3.666505 2.9339643 2.112993 37.45742 1.5984242 1.4045254381782732 
Car -1 -1 0 364.0751123421496 177.87791316824942 415.4819872303878 208.07545691329142 1.4532987 1.5885916 4.121688 -11.353218 1.7291144 37.517532 1.5245873 0.5404718053459994 

