Car -1 -1 0 466.50548082702534 188.6603432217862 551.4496450707646 252.78097332316747 1.6245743 1.6844351 4.1365786 -2.8718672 2.1409092 21.448479 1.6398919 70.05774689714556 
Car -1 -1 0 0.0 195.2134489984823 165.1727444456962 282.77445621298153 1.5850073 1.6209184 3.8427525 -11.821886 2.139594 15.970579 1.565181 87.84189326054471 
Car -1 -1 0 700.3015194991568 191.70368438946824 755.1903992507238 235.51878756210874 1.5065691 1.5994542 3.2143006 4.4932075 2.275023 27.805222 1.5744327 44.42331692084158 
Car -1 -1 0 312.63335392352803 195.23874609552072 371.49266406543643 225.86365377598628 1.4602863 1.6065731 4.0337534 -14.538507 2.7470713 39.434566 1.604729 21.897952317463574 
Car -1 -1 0 752.4780692490375 187.8151092386637 814.0714375637555 209.9235210931721 1.5600992 1.6667463 4.1321764 12.713838 2.6762896 52.961823 0.01746158 20.33522958183841 
Car -1 -1 0 508.05601764019275 185.23071274054 564.8383083702313 233.5427149704149 1.7477403 1.6824936 3.836938 -2.8727732 2.2801895 29.075138 1.6309919 43.346693917963606 
Car -1 -1 0 781.7010873760236 188.8681732039944 840.8478025399091 220.18988871707367 1.5078402 1.6340281 4.0870275 10.834959 2.4215355 39.039474 1.4480522 8.064595500523614 
Car -1 -1 0 354.9288807530909 192.5796946901177 405.178963065057 219.34488511511842 1.5087934 1.6177113 4.1715865 -14.55021 2.8238873 45.965477 1.6431236 3.3879856797786294 
Car -1 -1 0 658.5269584769045 184.61669691691156 690.1328739477563 204.65973331385263 1.5179366 1.6272943 3.7507281 5.3358765 2.5144224 59.083633 1.9331352 0.6030246225918625 
Car -1 -1 0 946.6954059827573 189.48118356119406 1066.9192687942948 231.1774770799521 1.4882321 1.5618997 3.6840942 15.011707 2.1409469 27.40546 0.07633104 0.5399183377367023 
Car -1 -1 0 550.7174038653271 190.7300308034503 583.2864235113129 219.18373700456362 1.4908547 1.572679 3.6442575 -2.4348326 2.5763466 41.969055 1.6011013 0.5382751258062223 
Car -1 -1 0 679.6429349898932 189.14142384603898 718.1325670634897 220.5265995208392 1.4739063 1.5778987 3.5381377 4.595007 2.3603601 37.497437 1.5754777 0.256136417388916 

