Car -1 -1 0 770.7814192561517 185.16941616002512 1048.4632206201384 344.14853703992907 1.4095036 1.5674405 3.6315668 3.2212002 1.587455 8.556316 1.4955878 118.00175661681418 
Car -1 -1 0 641.6446541486467 177.45963676711133 741.5820283033652 242.4943020919517 1.44367 1.6336349 3.954005 1.9609107 1.5741333 18.374195 1.4434657 74.39334027470295 
Car -1 -1 0 616.921650828532 173.20142359636966 683.4694996177517 225.76804156526404 1.5516319 1.649705 3.9420183 1.2273481 1.5638518 23.35181 1.4960978 57.13510804255436 
Car -1 -1 0 0.0 175.17510362658575 353.35135523152536 330.38123075791236 1.4965338 1.6138703 3.953682 -5.2436314 1.5293945 8.610171 -0.4630209 120.51780820005806 
Car -1 -1 0 188.05812015584584 164.08486664006895 406.8642185412777 259.2272832147258 1.6281128 1.615489 3.699152 -6.0164323 1.478052 14.013512 -0.5595187 94.69263101178495 
Car -1 -1 0 542.4335615873304 165.94080699515092 582.6883594481088 198.57034954272137 1.7659427 1.7458228 4.4049497 -2.7509093 1.3917937 41.380386 1.375361 40.507599386805076 
Car -1 -1 0 336.54013426374274 172.40899963933495 471.77699203290996 225.90877489220034 1.529666 1.5897945 3.722548 -6.332539 1.5169424 22.4456 -0.7092484 11.417637856255382 
Car -1 -1 0 284.30053095764674 173.53931919316756 453.11131841840864 245.14543518774357 1.5292461 1.5993301 3.4867046 -5.6651964 1.5470352 17.085133 -0.59987515 16.942663864804807 
Car -1 -1 0 602.1561885107126 173.19952421261118 660.5593515082676 212.70898163418806 1.4664245 1.6130786 3.9838033 0.79911286 1.4812729 28.912308 1.4102373 9.204179857734413 
Car -1 -1 0 514.5112223313263 174.65705068763785 541.9502480493836 189.79481922556855 1.5070157 1.6263324 4.022264 -8.427102 1.698633 74.51421 1.136498 0.9717644482472377 
Car -1 -1 0 455.482105438912 172.14868215614587 478.7255941406767 190.9977133107276 1.5096829 1.6272993 3.7192993 -11.762572 1.4531913 59.736233 1.4471042 0.9001910159859936 
Car -1 -1 0 433.0708571100968 170.608222748873 457.960956235313 186.4907688444157 1.4165934 1.567708 3.8446574 -15.042019 1.2162881 66.309944 1.5271909 0.5957805678291856 

