Car -1 -1 0 737.9524601573869 186.3431752734621 932.8921055947043 318.9331268083488 1.4434856 1.5807581 3.807775 2.92064 1.6690513 10.154795 1.579566 153.59178704321496 
Car -1 -1 0 700.8140417381177 183.18699922054535 818.8263534139926 265.0793470319909 1.5095999 1.5769076 3.5695891 3.1083875 1.7593585 15.602428 1.4973438 72.36428156521917 
Car -1 -1 0 673.0117910616076 183.3634497539469 747.7886593529034 241.94993263105516 1.4553775 1.570876 3.5181847 2.7504704 1.7772413 20.328428 1.5573479 45.19454449152071 
Car -1 -1 0 34.0757561746486 186.055814289906 443.65491164547683 322.23597830845273 1.5252922 1.6825289 4.337942 -4.460124 1.7106948 9.197998 -0.043637164 109.9782924499449 
Car -1 -1 0 259.2590845214591 187.0388770136801 466.6103188207217 267.8878726362398 1.481218 1.5593072 3.5725586 -4.7779064 1.7780118 14.298174 0.010715267 33.95106796153778 
Car -1 -1 0 332.9363557477308 173.5671455686488 510.72565440966616 256.66993877395714 1.816231 1.6489351 3.657326 -4.281843 1.8337772 16.769503 0.088720135 50.38829759039663 
Car -1 -1 0 663.3025723617627 174.9615149590921 708.3646969453579 219.5273261297215 1.7586207 1.5917583 3.4355817 3.156171 1.8523799 30.368189 1.588563 31.243878737410817 
Car -1 -1 0 494.23128961633756 173.45300003146832 566.4881076974965 202.39867554193773 1.69697 1.6954042 4.189735 -4.7021055 1.7336419 43.256508 -0.0336196 17.947182381220607 
Car -1 -1 0 651.1665826261665 178.57033820629525 686.2960439838187 208.09026548058225 1.5118749 1.6154919 4.098015 3.2140005 1.8434453 39.800285 1.5742755 3.1265164810132697 

